1.00000e+11 5.88914e+20 5.88914e+31 5.24216e+19 5.24216e+30 9.86220e+19 9.86220e+30 1.50986e+20 1.50986e+31 1.73777e+20 1.73777e+31 
1.10975e+11 7.25270e+20 8.04871e+31 6.45596e+19 7.16452e+30 1.21457e+20 1.34787e+31 1.85945e+20 2.06353e+31 2.14014e+20 2.37502e+31 
1.23155e+11 8.93198e+20 1.10002e+32 7.95081e+19 9.79182e+30 1.49579e+20 1.84214e+31 2.28999e+20 2.82024e+31 2.63566e+20 3.24595e+31 
1.36672e+11 1.10001e+21 1.50340e+32 9.79177e+19 1.33826e+31 1.84212e+20 2.51766e+31 2.82020e+20 3.85442e+31 3.24591e+20 4.43624e+31 
1.51672e+11 1.35470e+21 2.05469e+32 1.20590e+20 1.82901e+31 2.26864e+20 3.44089e+31 3.47318e+20 5.26783e+31 3.99745e+20 6.06300e+31 
1.68318e+11 1.66835e+21 2.80814e+32 1.48512e+20 2.49972e+31 2.79391e+20 4.70266e+31 4.27734e+20 7.19953e+31 4.92299e+20 8.28628e+31 
1.86791e+11 2.05463e+21 3.83787e+32 1.82899e+20 3.41639e+31 3.44080e+20 6.42712e+31 5.26767e+20 9.83956e+31 6.06281e+20 1.13248e+32 
2.07292e+11 2.53034e+21 5.24519e+32 2.25247e+20 4.66920e+31 4.23746e+20 8.78391e+31 6.48729e+20 1.34476e+32 7.46652e+20 1.54775e+32 
2.30043e+11 3.11618e+21 7.16855e+32 2.77401e+20 6.38143e+31 5.21855e+20 1.20049e+32 7.98927e+20 1.83788e+32 9.19522e+20 2.11530e+32 
2.55291e+11 3.83765e+21 9.79717e+32 3.41631e+20 8.72152e+31 6.42679e+20 1.64070e+32 9.83898e+20 2.51180e+32 1.13241e+21 2.89094e+32 
2.83310e+11 4.72615e+21 1.33896e+33 4.20732e+20 1.19197e+32 7.91476e+20 2.24233e+32 1.21169e+21 3.43284e+32 1.39459e+21 3.95100e+32 
3.14404e+11 5.82034e+21 1.82993e+33 5.18147e+20 1.62907e+32 9.74720e+20 3.06455e+32 1.49222e+21 4.69159e+32 1.71746e+21 5.39975e+32 
3.48910e+11 7.16783e+21 2.50093e+33 6.38117e+20 2.22645e+32 1.20039e+21 4.18827e+32 1.83769e+21 6.41189e+32 2.11507e+21 7.37971e+32 
3.87204e+11 8.82726e+21 3.41795e+33 7.85862e+20 3.04289e+32 1.47829e+21 5.72401e+32 2.26314e+21 8.76295e+32 2.60473e+21 1.00856e+33 
4.29700e+11 1.08708e+22 4.67120e+33 9.67815e+20 4.15871e+32 1.82054e+21 7.82286e+32 2.78707e+21 1.19760e+33 3.20774e+21 1.37837e+33 
4.76861e+11 1.33874e+22 6.38395e+33 1.19189e+21 5.68368e+32 2.24200e+21 1.06913e+33 3.43227e+21 1.63672e+33 3.95033e+21 1.88376e+33 
5.29198e+11 1.64866e+22 8.72467e+33 1.46785e+21 7.76784e+32 2.76104e+21 1.46113e+33 4.22683e+21 2.23683e+33 4.86481e+21 2.57445e+33 
5.87279e+11 2.03031e+22 1.19236e+34 1.80770e+21 1.06162e+33 3.40021e+21 1.99687e+33 5.20530e+21 3.05696e+33 5.99096e+21 3.51836e+33 
6.51734e+11 2.50029e+22 1.62953e+34 2.22622e+21 1.45090e+33 4.18733e+21 2.72902e+33 6.41024e+21 4.17777e+33 7.37775e+21 4.80833e+33 
7.23263e+11 3.07905e+22 2.22696e+34 2.74164e+21 1.98292e+33 5.15663e+21 3.72960e+33 7.89405e+21 5.70948e+33 9.08550e+21 6.57121e+33 
8.02643e+11 3.79175e+22 3.04343e+34 3.37637e+21 2.71002e+33 6.35028e+21 5.09701e+33 9.72127e+21 7.80271e+33 1.11885e+22 8.98035e+33 
8.90735e+11 4.66939e+22 4.15919e+34 4.15805e+21 3.70372e+33 7.82018e+21 6.96572e+33 1.19713e+22 1.06633e+34 1.37781e+22 1.22726e+34 
9.88496e+11 5.75012e+22 5.68397e+34 5.12067e+21 5.06176e+33 9.63026e+21 9.51947e+33 1.47421e+22 1.45725e+34 1.69670e+22 1.67718e+34 
1.09699e+12 7.08091e+22 7.76766e+34 6.30613e+21 6.91773e+33 1.18592e+22 1.30094e+34 1.81539e+22 1.99146e+34 2.08937e+22 2.29201e+34 
1.21738e+12 8.71962e+22 1.06151e+35 7.76600e+21 9.45419e+33 1.46039e+22 1.77785e+34 2.23552e+22 2.72148e+34 2.57289e+22 3.13219e+34 
1.35099e+12 1.07374e+23 1.45062e+35 9.56378e+21 1.29206e+34 1.79837e+22 2.42958e+34 2.75284e+22 3.71908e+34 3.16827e+22 4.28032e+34 
1.49927e+12 1.32221e+23 1.98234e+35 1.17777e+22 1.76579e+34 2.21454e+22 3.32018e+34 3.38984e+22 5.08228e+34 3.90138e+22 5.84922e+34 
1.66382e+12 1.62814e+23 2.70892e+35 1.45040e+22 2.41320e+34 2.72698e+22 4.53719e+34 4.17418e+22 6.94506e+34 4.80406e+22 7.99307e+34 
1.84642e+12 2.00483e+23 3.70176e+35 1.78613e+22 3.29795e+34 3.35796e+22 6.20022e+34 5.13991e+22 9.49046e+34 5.91549e+22 1.09225e+35 
2.04907e+12 2.46862e+23 5.05839e+35 2.19955e+22 4.50704e+34 4.13488e+22 8.47267e+34 6.32897e+22 1.29685e+35 7.28393e+22 1.49253e+35 
2.27397e+12 3.03966e+23 6.91208e+35 2.70865e+22 6.15937e+34 5.09146e+22 1.15778e+35 7.79295e+22 1.77209e+35 8.96875e+22 2.03946e+35 
2.52354e+12 3.74271e+23 9.44487e+35 3.33555e+22 8.41739e+34 6.26923e+22 1.58207e+35 9.59538e+22 2.42143e+35 1.10431e+23 2.78676e+35 
2.80050e+12 4.60826e+23 1.29054e+36 4.10751e+22 1.15031e+35 7.71929e+22 2.16179e+35 1.18144e+23 3.30863e+35 1.35968e+23 3.80778e+35 
3.10787e+12 5.67383e+23 1.76335e+36 5.05807e+22 1.57198e+35 9.50454e+22 2.95388e+35 1.45462e+23 4.52078e+35 1.67406e+23 5.20275e+35 
3.44896e+12 6.98561e+23 2.40931e+36 6.22853e+22 2.14820e+35 1.17024e+23 4.03610e+35 1.79092e+23 6.17683e+35 2.06107e+23 7.10856e+35 
3.82749e+12 8.60039e+23 3.29179e+36 7.66975e+22 2.93559e+35 1.44080e+23 5.51466e+35 2.20490e+23 8.43925e+35 2.53747e+23 9.71215e+35 
4.24757e+12 1.05881e+24 4.49736e+36 9.44432e+22 4.01154e+35 1.77387e+23 7.53463e+35 2.71448e+23 1.15299e+36 3.12387e+23 1.32689e+36 
4.71375e+12 1.30346e+24 6.14420e+36 1.16293e+23 5.48176e+35 2.18385e+23 1.02941e+36 3.34169e+23 1.57519e+36 3.84563e+23 1.81273e+36 
5.23110e+12 1.60458e+24 8.39372e+36 1.43195e+23 7.49067e+35 2.68850e+23 1.40638e+36 4.11365e+23 2.15189e+36 4.73393e+23 2.47637e+36 
5.80523e+12 1.97517e+24 1.14663e+37 1.76317e+23 1.02356e+36 3.30961e+23 1.92130e+36 5.06370e+23 2.93959e+36 5.82714e+23 3.38279e+36 
6.44236e+12 2.43121e+24 1.56628e+37 2.17096e+23 1.39861e+36 4.07403e+23 2.62464e+36 6.23282e+23 4.01541e+36 7.17240e+23 4.62072e+36 
7.14943e+12 2.99238e+24 2.13938e+37 2.67299e+23 1.91104e+36 5.01475e+23 3.58526e+36 7.67142e+23 5.48463e+36 8.82769e+23 6.31129e+36 
7.93410e+12 3.68284e+24 2.92200e+37 3.29103e+23 2.61114e+36 6.17233e+23 4.89719e+36 9.44144e+23 7.49093e+36 1.08643e+24 8.61980e+36 
8.80488e+12 4.53227e+24 3.99061e+37 4.05186e+23 3.56761e+36 7.59663e+23 6.68875e+36 1.16190e+24 1.02304e+37 1.33696e+24 1.17718e+37 
9.77124e+12 5.57718e+24 5.44960e+37 4.98840e+23 4.87429e+36 9.34895e+23 9.13508e+36 1.42976e+24 1.39705e+37 1.64514e+24 1.60751e+37 
1.08437e+13 6.86238e+24 7.44134e+37 6.14120e+23 6.65931e+36 1.15046e+24 1.24752e+37 1.75922e+24 1.90764e+37 2.02417e+24 2.19494e+37 
1.20338e+13 8.44291e+24 1.01600e+38 7.56009e+23 9.09765e+36 1.41560e+24 1.70350e+37 2.16437e+24 2.60456e+37 2.49026e+24 2.99672e+37 
1.33545e+13 1.03863e+25 1.38704e+38 9.30640e+23 1.24282e+37 1.74167e+24 2.32592e+37 2.66254e+24 3.55569e+37 3.06332e+24 4.09092e+37 
1.48202e+13 1.27755e+25 1.89335e+38 1.14555e+24 1.69773e+37 2.14263e+24 3.17543e+37 3.27497e+24 4.85357e+37 3.76778e+24 5.58392e+37 
1.64468e+13 1.57121e+25 2.58413e+38 1.41001e+24 2.31901e+37 2.63559e+24 4.33468e+37 4.02771e+24 6.62427e+37 4.63358e+24 7.62073e+37 
1.82518e+13 1.93209e+25 3.52641e+38 1.73542e+24 3.16746e+37 3.24152e+24 5.91637e+37 4.95271e+24 9.03960e+37 5.69744e+24 1.03989e+38 
2.02550e+13 2.37545e+25 4.81148e+38 2.13578e+24 4.32603e+37 3.98618e+24 8.07401e+37 6.08912e+24 1.23335e+38 7.00433e+24 1.41873e+38 
2.24781e+13 2.92001e+25 6.56362e+38 2.62830e+24 5.90792e+37 4.90111e+24 1.10167e+38 7.48488e+24 1.68246e+38 8.60934e+24 1.93521e+38 
2.49451e+13 3.58868e+25 8.95199e+38 3.23413e+24 8.06757e+37 6.02495e+24 1.50293e+38 9.19867e+24 2.29461e+38 1.05799e+25 2.63916e+38 
2.76829e+13 4.40946e+25 1.22066e+39 3.97924e+24 1.10157e+38 7.40500e+24 2.04992e+38 1.13022e+25 3.12878e+38 1.29983e+25 3.59830e+38 
3.07211e+13 5.41658e+25 1.66404e+39 4.89549e+24 1.50395e+38 9.09914e+24 2.79536e+38 1.38833e+25 4.26511e+38 1.59653e+25 4.90473e+38 
3.40929e+13 6.65187e+25 2.26781e+39 6.02203e+24 2.05308e+38 1.11781e+25 3.81094e+38 1.70490e+25 5.81248e+38 1.96039e+25 6.68352e+38 
3.78346e+13 8.16632e+25 3.08970e+39 7.40685e+24 2.80235e+38 1.37283e+25 5.19407e+38 2.09299e+25 7.91873e+38 2.40638e+25 9.10444e+38 
4.19871e+13 1.00221e+26 4.20799e+39 9.10883e+24 3.82453e+38 1.68553e+25 7.07703e+38 2.56852e+25 1.07844e+39 2.95276e+25 1.23978e+39 
4.65953e+13 1.22949e+26 5.72883e+39 1.12001e+25 5.21873e+38 2.06874e+25 9.63936e+38 3.15086e+25 1.46815e+39 3.62176e+25 1.68757e+39 
5.17092e+13 1.50766e+26 7.79600e+39 1.37692e+25 7.11992e+38 2.53814e+25 1.31245e+39 3.86357e+25 1.99782e+39 4.44033e+25 2.29606e+39 
5.73844e+13 1.84790e+26 1.06041e+40 1.69241e+25 9.71182e+38 3.11275e+25 1.78623e+39 4.73523e+25 2.71728e+39 5.44123e+25 3.12242e+39 
6.36825e+13 2.26373e+26 1.44160e+40 2.07976e+25 1.32444e+39 3.81569e+25 2.42993e+39 5.80045e+25 3.69387e+39 6.66407e+25 4.24385e+39 
7.06718e+13 2.77152e+26 1.95868e+40 2.55513e+25 1.80576e+39 4.67499e+25 3.30390e+39 7.10111e+25 5.01848e+39 8.15676e+25 5.76453e+39 
7.84282e+13 3.39102e+26 2.65951e+40 3.13833e+25 2.46134e+39 5.72456e+25 4.48967e+39 8.68774e+25 6.81364e+39 9.97702e+25 7.82480e+39 
8.70359e+13 4.14601e+26 3.60852e+40 3.85350e+25 3.35393e+39 7.00539e+25 6.09720e+39 1.06212e+26 9.24422e+39 1.21943e+26 1.06135e+40 
9.65883e+13 5.06507e+26 4.89226e+40 4.73009e+25 4.56871e+39 8.56683e+25 8.27455e+39 1.29744e+26 1.25317e+40 1.48920e+26 1.43839e+40 
1.07189e+14 6.18240e+26 6.62686e+40 5.80395e+25 6.22121e+39 1.04682e+26 1.12208e+40 1.58349e+26 1.69732e+40 1.81696e+26 1.94759e+40 
1.18953e+14 7.53882e+26 8.96768e+40 7.11872e+25 8.46796e+39 1.27808e+26 1.52032e+40 1.93068e+26 2.29661e+40 2.21459e+26 2.63433e+40 
1.32009e+14 9.18288e+26 1.21222e+41 8.72737e+25 1.15209e+40 1.55894e+26 2.05794e+40 2.35142e+26 3.10408e+40 2.69616e+26 3.55917e+40 
1.46497e+14 1.11721e+27 1.63667e+41 1.06942e+26 1.56666e+40 1.89954e+26 2.78278e+40 2.86036e+26 4.19035e+40 3.27831e+26 4.80264e+40 
1.62576e+14 1.35741e+27 2.20681e+41 1.30969e+26 2.12923e+40 2.31189e+26 3.75856e+40 3.47478e+26 5.64914e+40 3.98060e+26 6.47148e+40 
1.80419e+14 1.64682e+27 2.97118e+41 1.60294e+26 2.89201e+40 2.81015e+26 5.07004e+40 4.21487e+26 7.60441e+40 4.82584e+26 8.70672e+40 
2.00220e+14 1.99470e+27 3.99380e+41 1.96051e+26 3.92534e+40 3.41099e+26 6.82948e+40 5.10417e+26 1.02196e+41 5.84056e+26 1.16940e+41 
2.22195e+14 2.41174e+27 5.35875e+41 2.39600e+26 5.32379e+40 4.13386e+26 9.18521e+40 6.16984e+26 1.37091e+41 7.05528e+26 1.56764e+41 
2.46581e+14 2.91019e+27 7.17598e+41 2.92573e+26 7.21429e+40 5.00135e+26 1.23324e+41 7.44303e+26 1.83531e+41 8.50483e+26 2.09713e+41 
2.73644e+14 3.50402e+27 9.58854e+41 3.56917e+26 9.76683e+40 6.03951e+26 1.65268e+41 8.95907e+26 2.45160e+41 1.02286e+27 2.79900e+41 
3.03677e+14 4.20893e+27 1.27816e+42 4.34952e+26 1.32085e+41 7.27813e+26 2.21020e+41 1.07577e+27 3.26686e+41 1.22706e+27 3.72632e+41 
3.37006e+14 5.04241e+27 1.69932e+42 5.29425e+26 1.78420e+41 8.75098e+26 2.94914e+41 1.28829e+27 4.34163e+41 1.46795e+27 4.94708e+41 
3.73994e+14 6.02366e+27 2.25281e+42 6.43573e+26 2.40692e+41 1.04960e+27 3.92543e+41 1.53830e+27 5.75316e+41 1.75078e+27 6.54782e+41 
4.15040e+14 7.17347e+27 2.97728e+42 7.81192e+26 3.24226e+41 1.25553e+27 5.21094e+41 1.83100e+27 7.59938e+41 2.08120e+27 8.63782e+41 
4.60592e+14 8.51397e+27 3.92147e+42 9.46698e+26 4.36042e+41 1.49751e+27 6.89739e+41 2.17188e+27 1.00035e+42 2.46508e+27 1.13540e+42 
5.11143e+14 1.00683e+28 5.14635e+42 1.14519e+27 5.85359e+41 1.78055e+27 9.10117e+41 2.56665e+27 1.31193e+42 2.90845e+27 1.48664e+42 
5.67243e+14 1.18602e+28 6.72759e+42 1.38252e+27 7.84224e+41 2.11002e+27 1.19689e+42 3.02109e+27 1.71369e+42 3.41728e+27 1.93843e+42 
6.29499e+14 1.39133e+28 8.75843e+42 1.66528e+27 1.04829e+42 2.49157e+27 1.56844e+42 3.54093e+27 2.22901e+42 3.99735e+27 2.51633e+42 
6.98588e+14 1.62511e+28 1.13528e+43 2.00087e+27 1.39779e+42 2.93105e+27 2.04759e+42 4.13164e+27 2.88631e+42 4.65400e+27 3.25123e+42 
7.75260e+14 1.88956e+28 1.46490e+43 2.39740e+27 1.85861e+42 3.43444e+27 2.66259e+42 4.79831e+27 3.71994e+42 5.39198e+27 4.18019e+42 
8.60346e+14 2.18674e+28 1.88136e+43 2.86362e+27 2.46371e+42 4.00775e+27 3.44805e+42 5.54548e+27 4.77104e+42 6.21526e+27 5.34728e+42 
9.54772e+14 2.51852e+28 2.40461e+43 3.40872e+27 3.25454e+42 4.65682e+27 4.44620e+42 6.37697e+27 6.08855e+42 7.12684e+27 6.80451e+42 
1.05956e+15 2.88643e+28 3.05835e+43 4.04202e+27 4.28276e+42 5.38716e+27 5.70802e+42 7.29566e+27 7.73019e+42 8.12855e+27 8.61269e+42 
1.17585e+15 3.29163e+28 3.87046e+43 4.77255e+27 5.61181e+42 6.20366e+27 7.29457e+42 8.30318e+27 9.76329e+42 9.22068e+27 1.08421e+43 
1.30490e+15 3.73462e+28 4.87331e+43 5.60845e+27 7.31848e+42 7.11006e+27 9.27793e+42 9.39940e+27 1.22653e+43 1.04014e+28 1.35729e+43 
1.44812e+15 4.21494e+28 6.10373e+43 6.55612e+27 9.49404e+42 8.10832e+27 1.17418e+43 1.05815e+28 1.53233e+43 1.16660e+28 1.68937e+43 
1.60705e+15 4.73063e+28 7.60237e+43 7.61928e+27 1.22446e+43 9.19761e+27 1.47810e+43 1.18429e+28 1.90322e+43 1.30048e+28 2.08994e+43 
1.78343e+15 5.27755e+28 9.41215e+43 8.79775e+27 1.56902e+43 1.03731e+28 1.84997e+43 1.31714e+28 2.34902e+43 1.44020e+28 2.56850e+43 
1.97917e+15 5.84857e+28 1.15753e+44 1.00861e+28 1.99621e+43 1.16245e+28 2.30069e+43 1.45472e+28 2.87913e+43 1.58329e+28 3.13360e+43 
2.19639e+15 6.43281e+28 1.41289e+44 1.14722e+28 2.51973e+43 1.29348e+28 2.84099e+43 1.59415e+28 3.50138e+43 1.72621e+28 3.79142e+43 
2.43744e+15 7.01512e+28 1.70990e+44 1.29359e+28 3.15306e+43 1.42791e+28 3.48046e+43 1.73154e+28 4.22052e+43 1.86420e+28 4.54389e+43 
2.70496e+15 7.57597e+28 2.04927e+44 1.44481e+28 3.90816e+43 1.56242e+28 4.22629e+43 1.86192e+28 5.03642e+43 1.99130e+28 5.38639e+43 
3.00184e+15 8.09195e+28 2.42907e+44 1.59701e+28 4.79397e+43 1.69291e+28 5.08185e+43 1.97949e+28 5.94211e+43 2.10053e+28 6.30544e+43 
3.33129e+15 8.53703e+28 2.84394e+44 1.74547e+28 5.81466e+43 1.81469e+28 6.04527e+43 2.07789e+28 6.92205e+43 2.18428e+28 7.27648e+43 
3.69691e+15 8.88458e+28 3.28455e+44 1.88477e+28 6.96783e+43 1.92277e+28 7.10832e+43 2.15071e+28 7.95100e+43 2.23496e+28 8.26246e+43 
4.10266e+15 9.11007e+28 3.73755e+44 2.00929e+28 8.24343e+43 2.01234e+28 8.25595e+43 2.19224e+28 8.99401e+43 2.24581e+28 9.21379e+43 
4.55294e+15 9.19439e+28 4.18615e+44 2.11374e+28 9.62374e+43 2.07933e+28 9.46707e+43 2.19821e+28 1.00083e+44 2.21185e+28 1.00704e+44 
5.05263e+15 9.12731e+28 4.61169e+44 2.19396e+28 1.10853e+44 2.12111e+28 1.07172e+44 2.16667e+28 1.09474e+44 2.13091e+28 1.07667e+44 
5.60717e+15 8.91061e+28 4.99633e+44 2.24768e+28 1.26031e+44 2.13706e+28 1.19829e+44 2.09875e+28 1.17680e+44 2.00449e+28 1.12395e+44 
6.22257e+15 8.55986e+28 5.32643e+44 2.27516e+28 1.41573e+44 2.12903e+28 1.32480e+44 1.99902e+28 1.24391e+44 1.83829e+28 1.14389e+44 
6.90551e+15 8.10409e+28 5.59629e+44 2.27936e+28 1.57402e+44 2.10129e+28 1.45105e+44 1.87542e+28 1.29507e+44 1.64208e+28 1.13394e+44 
7.66341e+15 7.58256e+28 5.81083e+44 2.26551e+28 1.73615e+44 2.05998e+28 1.57865e+44 1.73834e+28 1.33216e+44 1.42883e+28 1.09497e+44 
8.50449e+15 7.03858e+28 5.98595e+44 2.23992e+28 1.90494e+44 2.01189e+28 1.71101e+44 1.59909e+28 1.35994e+44 1.21296e+28 1.03156e+44 
9.43788e+15 6.51163e+28 6.14560e+44 2.20826e+28 2.08413e+44 1.96281e+28 1.85247e+44 1.46782e+28 1.38531e+44 1.00815e+28 9.51484e+43 
1.04737e+16 6.02950e+28 6.31512e+44 2.17373e+28 2.27670e+44 1.91585e+28 2.00660e+44 1.35153e+28 1.41556e+44 8.25155e+27 8.64243e+43 
1.16232e+16 5.60294e+28 6.51242e+44 2.13570e+28 2.48237e+44 1.87032e+28 2.17391e+44 1.25270e+28 1.45604e+44 6.70205e+27 7.78994e+43 
1.28989e+16 5.22477e+28 6.73938e+44 2.08936e+28 2.69505e+44 1.82152e+28 2.34956e+44 1.16901e+28 1.50790e+44 5.44615e+27 7.02494e+43 
1.43146e+16 4.87367e+28 6.97646e+44 2.02679e+28 2.90127e+44 1.76179e+28 2.52193e+44 1.09443e+28 1.56663e+44 4.45534e+27 6.37763e+43 
1.58857e+16 4.52166e+28 7.18295e+44 1.93902e+28 3.08026e+44 1.68251e+28 2.67277e+44 1.02109e+28 1.62207e+44 3.67581e+27 5.83926e+43 
1.76291e+16 4.14277e+28 7.30335e+44 1.81870e+28 3.20622e+44 1.57654e+28 2.77931e+44 9.41680e+27 1.66010e+44 3.04730e+27 5.37212e+43 
1.95640e+16 3.72042e+28 7.27863e+44 1.66258e+28 3.25267e+44 1.44046e+28 2.81812e+44 8.51328e+27 1.66554e+44 2.51814e+27 4.92649e+43 
2.17112e+16 3.25165e+28 7.05971e+44 1.47295e+28 3.19794e+44 1.27585e+28 2.77001e+44 7.48733e+27 1.62559e+44 2.05335e+27 4.45807e+43 
2.40940e+16 2.74764e+28 6.62017e+44 1.25786e+28 3.03070e+44 1.08942e+28 2.62486e+44 6.36275e+27 1.53304e+44 1.63545e+27 3.94045e+43 
2.67384e+16 2.23094e+28 5.96518e+44 1.03002e+28 2.75411e+44 8.92048e+27 2.38519e+44 5.19258e+27 1.38841e+44 1.26054e+27 3.37049e+43 
2.96730e+16 1.73029e+28 5.13429e+44 8.04517e+27 2.38725e+44 6.96739e+27 2.06743e+44 4.04597e+27 1.20056e+44 9.32411e+26 2.76674e+43 
3.29297e+16 1.27437e+28 4.19646e+44 5.96136e+27 1.96306e+44 5.16270e+27 1.70006e+44 2.99276e+27 9.85508e+43 6.56831e+26 2.16292e+43 
3.65438e+16 8.85950e+27 3.23760e+44 4.16682e+27 1.52272e+44 3.60857e+27 1.31871e+44 2.08918e+27 7.63468e+43 4.37399e+26 1.59842e+43 
4.05546e+16 5.77774e+27 2.34314e+44 2.73089e+27 1.10750e+44 2.36502e+27 9.59125e+43 1.36796e+27 5.54772e+43 2.73302e+26 1.10837e+43 
4.50056e+16 3.51175e+27 1.58048e+44 1.66760e+27 7.50513e+43 1.44418e+27 6.49963e+43 8.34784e+26 3.75699e+43 1.59003e+26 7.15600e+42 
4.99451e+16 1.97589e+27 9.86861e+43 9.42481e+26 4.70723e+43 8.16213e+26 4.07658e+43 4.71576e+26 2.35529e+43 8.54422e+25 4.26741e+42 
5.54266e+16 1.02193e+27 5.66424e+43 4.89585e+26 2.71360e+43 4.23993e+26 2.35005e+43 2.44886e+26 1.35732e+43 4.20536e+25 2.33089e+42 
6.15099e+16 4.82332e+26 2.96682e+43 2.32076e+26 1.42750e+43 2.00984e+26 1.23625e+43 1.16055e+26 7.13852e+42 1.87938e+25 1.15601e+42 
6.82607e+16 2.06207e+26 1.40758e+43 9.96476e+25 6.80202e+42 8.62973e+25 5.89072e+42 4.98223e+25 3.40091e+42 7.55848e+24 5.15947e+41 
7.57525e+16 7.92510e+25 6.00346e+42 3.84644e+25 2.91377e+42 3.33111e+25 2.52340e+42 1.92289e+25 1.45664e+42 2.71106e+24 2.05370e+41 
8.40665e+16 2.71712e+25 2.28418e+42 1.32452e+25 1.11348e+42 1.14707e+25 9.64302e+41 6.62061e+24 5.56572e+41 8.59461e+23 7.22519e+40 
9.32930e+16 8.24502e+24 7.69203e+41 4.03674e+24 3.76600e+41 3.49592e+24 3.26145e+41 2.01748e+24 1.88217e+41 2.38694e+23 2.22685e+40 
1.03532e+17 2.19634e+24 2.27392e+41 1.07991e+24 1.11806e+41 9.35233e+23 9.68267e+40 5.39629e+23 5.58690e+40 5.75651e+22 5.95984e+39 
1.14895e+17 5.09179e+23 5.85022e+40 2.51386e+23 2.88830e+40 2.17707e+23 2.50134e+40 1.25591e+23 1.44297e+40 1.19467e+22 1.37262e+39 
1.27505e+17 1.01786e+23 1.29782e+40 5.04477e+22 6.43234e+39 4.36890e+22 5.57057e+39 2.51967e+22 3.21271e+39 2.11264e+21 2.69373e+38 
1.41499e+17 1.73730e+22 2.45827e+39 8.64176e+21 1.22280e+39 7.48398e+21 1.05898e+39 4.31486e+21 6.10549e+38 3.14770e+20 4.45396e+37 
1.57029e+17 2.50564e+21 3.93458e+38 1.25053e+21 1.96369e+38 1.08299e+21 1.70060e+38 6.24161e+20 9.80114e+37 3.90142e+19 6.12636e+36 
1.74263e+17 3.01928e+20 5.26150e+37 1.51139e+20 2.63380e+37 1.30890e+20 2.28094e+37 7.54070e+19 1.31407e+37 3.97089e+18 6.91980e+35 
1.93389e+17 3.00007e+19 5.80182e+36 1.50556e+19 2.91160e+36 1.30386e+19 2.52152e+36 7.50895e+18 1.45215e+36 3.28512e+17 6.35306e+34 
2.14614e+17 2.42079e+18 5.19536e+35 1.21711e+18 2.61208e+35 1.05405e+18 2.26213e+35 6.06877e+17 1.30244e+35 2.20458e+16 4.73135e+33 
2.38169e+17 1.56730e+17 3.73281e+34 7.88714e+16 1.87847e+34 6.83046e+16 1.62680e+34 3.93249e+16 9.36595e+33 1.22322e+15 2.91332e+32 
2.64308e+17 8.28740e+15 2.19043e+33 4.16843e+15 1.10175e+33 3.60996e+15 9.54143e+32 2.07895e+15 5.49484e+32 6.07858e+13 1.60662e+31 
2.93317e+17 4.02446e+14 1.18044e+32 2.01908e+14 5.92230e+31 1.74857e+14 5.12886e+31 1.00781e+14 2.95607e+31 3.28837e+12 9.64534e+29 
3.25509e+17 2.22995e+13 7.25869e+30 1.11478e+13 3.62869e+30 9.65424e+12 3.14254e+30 5.57009e+12 1.81311e+30 2.21735e+11 7.21769e+28 
3.61234e+17 1.40391e+12 5.07142e+29 7.00499e+11 2.53044e+29 6.06650e+11 2.19143e+29 3.50197e+11 1.26503e+29 1.54891e+10 5.59520e+27 
4.00881e+17 7.84724e+10 3.14581e+28 3.91363e+10 1.56890e+28 3.38930e+10 1.35871e+28 1.95677e+10 7.84431e+27 8.89140e+08 3.56439e+26 
4.44878e+17 3.29669e+09 1.46663e+27 1.64403e+09 7.31393e+26 1.42377e+09 6.33405e+26 8.22013e+08 3.65696e+26 3.75079e+07 1.66864e+25 
4.93705e+17 9.66921e+07 4.77374e+25 4.82192e+07 2.38060e+25 4.17590e+07 2.06166e+25 2.41096e+07 1.19030e+25 1.09996e+06 5.43058e+23 
5.47890e+17 1.88814e+06 1.03450e+24 9.41597e+05 5.15892e+23 8.15447e+05 4.46775e+23 4.70799e+05 2.57946e+23 2.14634e+04 1.17596e+22 
6.08022e+17 2.34496e+04 1.42579e+22 1.16941e+04 7.11027e+21 1.01274e+04 6.15767e+21 5.84705e+03 3.55514e+21 2.66345e+02 1.61944e+20 
6.74754e+17 1.76221e+02 1.18906e+20 8.78803e+01 5.92977e+19 7.61066e+01 5.13533e+19 4.39402e+01 2.96488e+19 1.99993e+00 1.34946e+18 
7.48810e+17 7.58266e-01 5.67797e+17 3.78144e-01 2.83158e+17 3.27482e-01 2.45222e+17 1.89072e-01 1.41579e+17 8.59854e-03 6.43867e+15 
8.30994e+17 1.75720e-03 1.46022e+15 8.76311e-04 7.28210e+14 7.58908e-04 6.30648e+14 4.38156e-04 3.64105e+14 1.99099e-05 1.65450e+13 
9.22198e+17 2.04924e-06 1.88980e+12 1.02196e-06 9.42445e+11 8.85039e-07 8.16181e+11 5.10978e-07 4.71222e+11 2.31997e-08 2.13947e+10 
1.02341e+18 1.11568e-09 1.14180e+09 5.56394e-10 5.69420e+08 4.81851e-10 4.93132e+08 2.78197e-10 2.84710e+08 1.26202e-11 1.29157e+07 
1.13573e+18 2.60981e-13 2.96405e+05 1.30152e-13 1.47819e+05 1.12715e-13 1.28015e+05 6.50762e-14 7.39093e+04 2.94964e-15 3.35000e+03 
1.26038e+18 2.39253e-17 3.01551e+01 1.19317e-17 1.50385e+01 1.03332e-17 1.30238e+01 5.96586e-18 7.51927e+00 2.70179e-19 3.40529e-01 
1.39871e+18 7.76179e-22 1.08565e-03 3.87087e-22 5.41424e-04 3.35227e-22 4.68887e-04 1.93544e-22 2.70712e-04 8.75786e-24 1.22497e-05 
1.55223e+18 7.95447e-27 1.23471e-08 3.96698e-27 6.15765e-09 3.43551e-27 5.33268e-09 1.98349e-27 3.07882e-09 8.96831e-29 1.39208e-10 
1.72259e+18 2.26913e-32 3.90878e-14 1.13165e-32 1.94936e-14 9.80034e-33 1.68819e-14 5.65823e-33 9.74678e-15 2.55654e-34 4.40386e-16 
1.91164e+18 1.56470e-38 2.99115e-20 7.80337e-39 1.49173e-20 6.75792e-39 1.29187e-20 3.90169e-39 7.45864e-21 1.76180e-40 3.36793e-22 
2.12145e+18 2.22854e-45 4.72773e-27 1.11141e-45 2.35779e-27 9.62506e-46 2.04191e-27 5.55703e-46 1.17890e-27 2.50795e-47 5.32050e-29 
2.35429e+18 5.50292e-53 1.29554e-34 2.74440e-53 6.46109e-35 2.37672e-53 5.59547e-35 1.37220e-53 3.23055e-35 6.19025e-55 1.45736e-36 
2.61268e+18 1.93935e-61 5.06688e-43 9.67186e-62 2.52694e-43 8.37607e-62 2.18840e-43 4.83593e-62 1.26347e-43 2.18083e-63 5.69780e-45 
2.89942e+18 7.86055e-71 2.27911e-52 3.92020e-71 1.13663e-52 3.39499e-71 9.84352e-53 1.96010e-71 5.68316e-53 8.83684e-73 2.56218e-54 
3.21764e+18 2.88447e-81 9.28120e-63 1.43854e-81 4.62871e-63 1.24581e-81 4.00858e-63 7.19270e-82 2.31435e-63 3.24195e-83 1.04314e-64 
3.57079e+18 7.35124e-93 2.62497e-74 3.66621e-93 1.30912e-74 3.17503e-93 1.13373e-74 1.83310e-93 6.54562e-75 8.26052e-95 2.94966e-76 
3.96269e+18 9.70011e-106 3.84385e-87 4.83764e-106 1.91701e-87 4.18952e-106 1.66018e-87 2.41882e-106 9.58503e-88 1.08977e-107 4.31841e-89 
4.39760e+18 4.78580e-120 2.10460e-101 2.38678e-120 1.04961e-101 2.06701e-120 9.08988e-102 1.19339e-120 5.24805e-102 5.37553e-122 2.36394e-103 
4.88025e+18 6.15432e-136 3.00346e-117 3.06929e-136 1.49789e-117 2.65808e-136 1.29721e-117 1.53464e-136 7.48945e-118 6.91119e-138 3.37283e-119 
5.41587e+18 1.38249e-153 7.48740e-135 6.89479e-154 3.73413e-135 5.97106e-154 3.23385e-135 3.44739e-154 1.86706e-135 1.55216e-155 8.40631e-137 
6.01028e+18 3.48032e-173 2.09177e-154 1.73571e-173 1.04321e-154 1.50317e-173 9.03448e-155 8.67857e-174 5.21606e-155 3.90652e-175 2.34793e-156 
6.66992e+18 6.00013e-195 4.00204e-176 2.99240e-195 1.99591e-176 2.59150e-195 1.72851e-176 1.49620e-195 9.97955e-177 6.73324e-197 4.49101e-178 
7.40196e+18 4.10158e-219 3.03598e-200 2.04556e-219 1.51411e-200 1.77150e-219 1.31126e-200 1.02278e-219 7.57056e-201 4.60155e-221 3.40605e-202 
8.21434e+18 6.06202e-246 4.97955e-227 3.02327e-246 2.48342e-227 2.61823e-246 2.15071e-227 1.51164e-246 1.24171e-227 6.79919e-248 5.58509e-229 
9.11589e+18 9.88257e-276 9.00884e-257 4.92868e-276 4.49293e-257 4.26837e-276 3.89099e-257 2.46434e-276 2.24647e-257 1.10815e-277 1.01018e-258 
1.01164e+19 -1.88570e-311 -1.90765e-292 -9.41556e-312 -9.52514e-293 -8.15412e-312 -8.24901e-293 -4.70778e-312 -4.76257e-293 -1.55186e-313 -1.56992e-294 
1.12267e+19 0.00000e+00 0.00000e+00 0.00000e+00 0.00000e+00 0.00000e+00 0.00000e+00 0.00000e+00 0.00000e+00 0.00000e+00 0.00000e+00 
1.24588e+19 0.00000e+00 0.00000e+00 0.00000e+00 0.00000e+00 0.00000e+00 0.00000e+00 0.00000e+00 0.00000e+00 0.00000e+00 0.00000e+00 
1.38262e+19 0.00000e+00 0.00000e+00 0.00000e+00 0.00000e+00 0.00000e+00 0.00000e+00 0.00000e+00 0.00000e+00 0.00000e+00 0.00000e+00 
1.53437e+19 0.00000e+00 0.00000e+00 0.00000e+00 0.00000e+00 0.00000e+00 0.00000e+00 0.00000e+00 0.00000e+00 0.00000e+00 0.00000e+00 
1.70277e+19 0.00000e+00 0.00000e+00 0.00000e+00 0.00000e+00 0.00000e+00 0.00000e+00 0.00000e+00 0.00000e+00 0.00000e+00 0.00000e+00 
1.88965e+19 0.00000e+00 0.00000e+00 0.00000e+00 0.00000e+00 0.00000e+00 0.00000e+00 0.00000e+00 0.00000e+00 0.00000e+00 0.00000e+00 
2.09705e+19 0.00000e+00 0.00000e+00 0.00000e+00 0.00000e+00 0.00000e+00 0.00000e+00 0.00000e+00 0.00000e+00 0.00000e+00 0.00000e+00 
2.32720e+19 0.00000e+00 0.00000e+00 0.00000e+00 0.00000e+00 0.00000e+00 0.00000e+00 0.00000e+00 0.00000e+00 0.00000e+00 0.00000e+00 
2.58262e+19 0.00000e+00 0.00000e+00 0.00000e+00 0.00000e+00 0.00000e+00 0.00000e+00 0.00000e+00 0.00000e+00 0.00000e+00 0.00000e+00 
2.86607e+19 0.00000e+00 0.00000e+00 0.00000e+00 0.00000e+00 0.00000e+00 0.00000e+00 0.00000e+00 0.00000e+00 0.00000e+00 0.00000e+00 
3.18063e+19 0.00000e+00 0.00000e+00 0.00000e+00 0.00000e+00 0.00000e+00 0.00000e+00 0.00000e+00 0.00000e+00 0.00000e+00 0.00000e+00 
3.52971e+19 0.00000e+00 0.00000e+00 0.00000e+00 0.00000e+00 0.00000e+00 0.00000e+00 0.00000e+00 0.00000e+00 0.00000e+00 0.00000e+00 
3.91710e+19 0.00000e+00 0.00000e+00 0.00000e+00 0.00000e+00 0.00000e+00 0.00000e+00 0.00000e+00 0.00000e+00 0.00000e+00 0.00000e+00 
4.34701e+19 0.00000e+00 0.00000e+00 0.00000e+00 0.00000e+00 0.00000e+00 0.00000e+00 0.00000e+00 0.00000e+00 0.00000e+00 0.00000e+00 
4.82411e+19 0.00000e+00 0.00000e+00 0.00000e+00 0.00000e+00 0.00000e+00 0.00000e+00 0.00000e+00 0.00000e+00 0.00000e+00 0.00000e+00 
5.35357e+19 0.00000e+00 0.00000e+00 0.00000e+00 0.00000e+00 0.00000e+00 0.00000e+00 0.00000e+00 0.00000e+00 0.00000e+00 0.00000e+00 
5.94113e+19 0.00000e+00 0.00000e+00 0.00000e+00 0.00000e+00 0.00000e+00 0.00000e+00 0.00000e+00 0.00000e+00 0.00000e+00 0.00000e+00 
6.59319e+19 0.00000e+00 0.00000e+00 0.00000e+00 0.00000e+00 0.00000e+00 0.00000e+00 0.00000e+00 0.00000e+00 0.00000e+00 0.00000e+00 
7.31681e+19 0.00000e+00 0.00000e+00 0.00000e+00 0.00000e+00 0.00000e+00 0.00000e+00 0.00000e+00 0.00000e+00 0.00000e+00 0.00000e+00 
8.11984e+19 0.00000e+00 0.00000e+00 0.00000e+00 0.00000e+00 0.00000e+00 0.00000e+00 0.00000e+00 0.00000e+00 0.00000e+00 0.00000e+00 
9.01102e+19 0.00000e+00 0.00000e+00 0.00000e+00 0.00000e+00 0.00000e+00 0.00000e+00 0.00000e+00 0.00000e+00 0.00000e+00 0.00000e+00 
1.00000e+20 0.00000e+00 0.00000e+00 0.00000e+00 0.00000e+00 0.00000e+00 0.00000e+00 0.00000e+00 0.00000e+00 0.00000e+00 0.00000e+00 
