1.00000e+11 8.51571e+20 8.51571e+31 6.98091e+19 6.98091e+30 1.43146e+20 1.43146e+31 2.24024e+20 2.24024e+31 2.56877e+20 2.56877e+31 
1.10975e+11 1.04874e+21 1.16384e+32 8.59732e+19 9.54089e+30 1.76290e+20 1.95638e+31 2.75894e+20 3.06174e+31 3.16354e+20 3.51075e+31 
1.23155e+11 1.29156e+21 1.59063e+32 1.05880e+20 1.30396e+31 2.17108e+20 2.67380e+31 3.39774e+20 4.18448e+31 3.89602e+20 4.79814e+31 
1.36672e+11 1.59061e+21 2.17391e+32 1.30396e+20 1.78214e+31 2.67377e+20 3.65428e+31 4.18443e+20 5.71893e+31 4.79808e+20 6.55762e+31 
1.51672e+11 1.95889e+21 2.97107e+32 1.60588e+20 2.43567e+31 3.29284e+20 4.99431e+31 5.15327e+20 7.81605e+31 5.90900e+20 8.96228e+31 
1.68318e+11 2.41243e+21 4.06055e+32 1.97771e+20 3.32885e+31 4.05525e+20 6.82571e+31 6.34642e+20 1.06822e+32 7.27712e+20 1.22487e+32 
1.86791e+11 2.97098e+21 5.54953e+32 2.43564e+20 4.54957e+31 4.99417e+20 9.32867e+31 7.81580e+20 1.45992e+32 8.96198e+20 1.67402e+32 
2.07292e+11 3.65884e+21 7.58449e+32 2.99959e+20 6.21792e+31 6.15047e+20 1.27494e+32 9.62538e+20 1.99527e+32 1.10369e+21 2.28787e+32 
2.30043e+11 4.50596e+21 1.03656e+33 3.69412e+20 8.49807e+31 7.57448e+20 1.74246e+32 1.18539e+21 2.72691e+32 1.35922e+21 3.12680e+32 
2.55291e+11 5.54918e+21 1.41666e+33 4.54946e+20 1.16144e+32 9.32816e+20 2.38139e+32 1.45983e+21 3.72682e+32 1.67391e+21 4.27334e+32 
2.83310e+11 6.83392e+21 1.93612e+33 5.60284e+20 1.58734e+32 1.14878e+21 3.25462e+32 1.79781e+21 5.09338e+32 2.06145e+21 5.84030e+32 
3.14404e+11 8.41608e+21 2.64605e+33 6.90011e+20 2.16942e+32 1.41475e+21 4.44803e+32 2.21403e+21 6.96100e+32 2.53871e+21 7.98179e+32 
3.48910e+11 1.03645e+22 3.61628e+33 8.49773e+20 2.96494e+32 1.74229e+21 6.07903e+32 2.72661e+21 9.51342e+32 3.12645e+21 1.09085e+33 
3.87204e+11 1.27640e+22 4.94226e+33 1.04653e+21 4.05219e+32 2.14565e+21 8.30805e+32 3.35784e+21 1.30017e+33 3.85024e+21 1.49083e+33 
4.29700e+11 1.57189e+22 6.75440e+33 1.28883e+21 5.53811e+32 2.64239e+21 1.13544e+33 4.13519e+21 1.77689e+33 4.74157e+21 2.03746e+33 
4.76861e+11 1.93577e+22 9.23095e+33 1.58723e+21 7.56890e+32 3.25412e+21 1.55176e+33 5.09248e+21 2.42841e+33 5.83923e+21 2.78450e+33 
5.29198e+11 2.38389e+22 1.26155e+34 1.95472e+21 1.03444e+33 4.00744e+21 2.12073e+33 6.27135e+21 3.31878e+33 7.19095e+21 3.80544e+33 
5.87279e+11 2.93572e+22 1.72409e+34 2.40730e+21 1.41375e+33 4.93514e+21 2.89830e+33 7.72307e+21 4.53559e+33 8.85553e+21 5.20067e+33 
6.51734e+11 3.61527e+22 2.35620e+34 2.96464e+21 1.93216e+33 6.07756e+21 3.96095e+33 9.51079e+21 6.19851e+33 1.09054e+22 7.10740e+33 
7.23263e+11 4.45210e+22 3.22004e+34 3.65102e+21 2.64065e+33 7.48440e+21 5.41319e+33 1.17123e+22 8.47105e+33 1.34296e+22 9.71315e+33 
8.02643e+11 5.48259e+22 4.40056e+34 4.49629e+21 3.60892e+33 9.21683e+21 7.39783e+33 1.44232e+22 1.15767e+34 1.65380e+22 1.32741e+34 
8.90735e+11 6.75154e+22 6.01383e+34 5.53725e+21 4.93222e+33 1.13502e+22 1.01100e+34 1.77615e+22 1.58208e+34 2.03657e+22 1.81404e+34 
9.88496e+11 8.31411e+22 8.21847e+34 6.81918e+21 6.74073e+33 1.39773e+22 1.38165e+34 2.18722e+22 2.16206e+34 2.50791e+22 2.47906e+34 
1.09699e+12 1.02382e+23 1.12312e+35 8.39786e+21 9.21233e+33 1.72122e+22 1.88815e+34 2.69341e+22 2.95463e+34 3.08830e+22 3.38782e+34 
1.21738e+12 1.26075e+23 1.53482e+35 1.03420e+22 1.25901e+34 2.11957e+22 2.58032e+34 3.31670e+22 4.03770e+34 3.80296e+22 4.62966e+34 
1.35099e+12 1.55249e+23 2.09740e+35 1.27361e+22 1.72064e+34 2.61008e+22 3.52620e+34 4.08419e+22 5.51771e+34 4.68295e+22 6.32664e+34 
1.49927e+12 1.91171e+23 2.86616e+35 1.56843e+22 2.35150e+34 3.21406e+22 4.81874e+34 5.02921e+22 7.54013e+34 5.76648e+22 8.64551e+34 
1.66382e+12 2.35401e+23 3.91664e+35 1.93150e+22 3.21366e+34 3.95776e+22 6.58499e+34 6.19279e+22 1.03037e+35 7.10061e+22 1.18141e+35 
1.84642e+12 2.89859e+23 5.35203e+35 2.37859e+22 4.39189e+34 4.87347e+22 8.99850e+34 7.62547e+22 1.40799e+35 8.74325e+22 1.61438e+35 
2.04907e+12 3.56910e+23 7.31335e+35 2.92916e+22 6.00206e+34 6.00096e+22 1.22964e+35 9.38942e+22 1.92396e+35 1.07657e+23 2.20597e+35 
2.27397e+12 4.39462e+23 9.99321e+35 3.60713e+22 8.20250e+34 7.38916e+22 1.68027e+35 1.15612e+23 2.62897e+35 1.32557e+23 3.01430e+35 
2.52354e+12 5.41095e+23 1.36548e+36 4.44199e+22 1.12095e+35 9.09831e+22 2.29600e+35 1.42349e+23 3.59224e+35 1.63212e+23 4.11872e+35 
2.80050e+12 6.66217e+23 1.86574e+36 5.47003e+22 1.53188e+35 1.12026e+23 3.13728e+35 1.75266e+23 4.90834e+35 2.00951e+23 5.62765e+35 
3.10787e+12 8.20248e+23 2.54922e+36 6.73592e+22 2.09343e+35 1.37931e+23 4.28672e+35 2.15789e+23 6.70642e+35 2.47410e+23 7.68917e+35 
3.44896e+12 1.00986e+24 3.48297e+36 8.29468e+22 2.86080e+35 1.69823e+23 5.85714e+35 2.65672e+23 9.16293e+35 3.04600e+23 1.05055e+36 
3.82749e+12 1.24326e+24 4.75858e+36 1.02140e+23 3.90941e+35 2.09083e+23 8.00264e+35 3.27076e+23 1.25188e+36 3.74996e+23 1.43529e+36 
4.24757e+12 1.53055e+24 6.50112e+36 1.25773e+23 5.34229e+35 2.57410e+23 1.09337e+36 4.02656e+23 1.71031e+36 4.61643e+23 1.96086e+36 
4.71375e+12 1.88414e+24 8.88138e+36 1.54871e+23 7.30026e+35 3.16896e+23 1.49377e+36 4.95681e+23 2.33652e+36 5.68286e+23 2.67876e+36 
5.23110e+12 2.31931e+24 1.21326e+37 1.90699e+23 9.97564e+35 3.90113e+23 2.04072e+36 6.10168e+23 3.19185e+36 6.99531e+23 3.65932e+36 
5.80523e+12 2.85484e+24 1.65730e+37 2.34810e+23 1.36312e+36 4.80224e+23 2.78781e+36 7.51060e+23 4.36007e+36 8.61041e+23 4.99854e+36 
6.44236e+12 3.51383e+24 2.26374e+37 2.89118e+23 1.86260e+36 5.91119e+23 3.80821e+36 9.24431e+23 5.95552e+36 1.05978e+24 6.82747e+36 
7.14943e+12 4.32465e+24 3.09187e+37 3.55979e+23 2.54504e+36 7.27583e+23 5.20181e+36 1.13775e+24 8.13427e+36 1.30430e+24 9.32499e+36 
7.93410e+12 5.32218e+24 4.22267e+37 4.38290e+23 3.47743e+36 8.95496e+23 7.10495e+36 1.40020e+24 1.11093e+37 1.60512e+24 1.27352e+37 
8.80488e+12 6.54929e+24 5.76657e+37 5.39618e+23 4.75127e+36 1.10208e+24 9.70372e+36 1.72304e+24 1.51712e+37 1.97516e+24 1.73910e+37 
9.77124e+12 8.05862e+24 7.87427e+37 6.64351e+23 6.49153e+36 1.35623e+24 1.32520e+37 2.12015e+24 2.07165e+37 2.43029e+24 2.37469e+37 
1.08437e+13 9.91482e+24 1.07513e+38 8.17886e+23 8.86888e+36 1.66884e+24 1.80963e+37 2.60851e+24 2.82858e+37 2.98999e+24 3.24224e+37 
1.20338e+13 1.21972e+25 1.46779e+38 1.00686e+24 1.21164e+37 2.05331e+24 2.47090e+37 3.20903e+24 3.86168e+37 3.67818e+24 4.42624e+37 
1.33545e+13 1.50033e+25 2.00362e+38 1.23945e+24 1.65523e+37 2.52609e+24 3.37347e+37 3.94733e+24 5.27147e+37 4.52421e+24 6.04187e+37 
1.48202e+13 1.84524e+25 2.73469e+38 1.52569e+24 2.26111e+37 3.10738e+24 4.60520e+37 4.85484e+24 7.19497e+37 5.56408e+24 8.24608e+37 
1.64468e+13 2.26911e+25 3.73196e+38 1.87794e+24 3.08860e+37 3.82194e+24 6.28585e+37 5.97012e+24 9.81891e+37 6.84191e+24 1.12527e+38 
1.82518e+13 2.78989e+25 5.09206e+38 2.31137e+24 4.21868e+37 4.70014e+24 8.57862e+37 7.34040e+24 1.33976e+38 8.41179e+24 1.53531e+38 
2.02550e+13 3.42957e+25 6.94659e+38 2.84465e+24 5.76185e+37 5.77923e+24 1.17058e+38 9.02357e+24 1.82772e+38 1.03399e+25 2.09435e+38 
2.24781e+13 4.21505e+25 9.47462e+38 3.50071e+24 7.86891e+37 7.10481e+24 1.59702e+38 1.10905e+25 2.49292e+38 1.27074e+25 2.85637e+38 
2.49451e+13 5.17928e+25 1.29198e+39 4.30772e+24 1.07456e+38 8.73275e+24 2.17839e+38 1.36277e+25 3.39945e+38 1.56133e+25 3.89475e+38 
2.76829e+13 6.36249e+25 1.76132e+39 5.30027e+24 1.46727e+38 1.07314e+25 2.97075e+38 1.67413e+25 4.63448e+38 1.91788e+25 5.30924e+38 
3.07211e+13 7.81384e+25 2.40050e+39 6.52087e+24 2.00329e+38 1.31843e+25 4.05036e+38 2.05607e+25 6.31647e+38 2.35518e+25 7.23537e+38 
3.40929e+13 9.59331e+25 3.27063e+39 8.02166e+24 2.73481e+38 1.61935e+25 5.52084e+38 2.52437e+25 8.60628e+38 2.89127e+25 9.85717e+38 
3.78346e+13 1.17740e+26 4.45465e+39 9.86662e+24 3.73300e+38 1.98838e+25 7.52295e+38 3.09827e+25 1.17222e+39 3.54814e+25 1.34243e+39 
4.19871e+13 1.44449e+26 6.06499e+39 1.21342e+25 5.09481e+38 2.44070e+25 1.02478e+39 3.80123e+25 1.59603e+39 4.35255e+25 1.82751e+39 
4.65953e+13 1.77142e+26 8.25399e+39 1.49207e+25 6.95233e+38 2.99482e+25 1.39545e+39 4.66173e+25 2.17214e+39 5.33702e+25 2.48680e+39 
5.17092e+13 2.17134e+26 1.12278e+40 1.83439e+25 9.48548e+38 3.67328e+25 1.89942e+39 5.71437e+25 2.95486e+39 6.54100e+25 3.38230e+39 
5.73844e+13 2.66015e+26 1.52651e+40 2.25482e+25 1.29391e+39 4.50341e+25 2.58426e+39 7.00110e+25 4.01754e+39 8.01230e+25 4.59781e+39 
6.36825e+13 3.25713e+26 2.07422e+40 2.77102e+25 1.76466e+39 5.51842e+25 3.51427e+39 8.57267e+25 5.45929e+39 9.80873e+25 6.24644e+39 
7.06718e+13 3.98554e+26 2.81665e+40 3.40460e+25 2.40610e+39 6.75847e+25 4.77633e+39 1.04904e+26 7.41372e+39 1.20000e+26 8.48063e+39 
7.84282e+13 4.87337e+26 3.82210e+40 4.18196e+25 3.27984e+39 8.27213e+25 6.48768e+39 1.28280e+26 1.00608e+40 1.46701e+26 1.15055e+40 
8.70359e+13 5.95429e+26 5.18237e+40 5.13533e+25 4.46958e+39 1.01179e+26 8.80625e+39 1.56742e+26 1.36422e+40 1.79197e+26 1.55966e+40 
9.65883e+13 7.26859e+26 7.02061e+40 6.30402e+25 6.08894e+39 1.23664e+26 1.19445e+40 1.91354e+26 1.84826e+40 2.18694e+26 2.11233e+40 
1.07189e+14 8.86438e+26 9.50165e+40 7.73591e+25 8.29205e+39 1.51018e+26 1.61875e+40 2.33384e+26 2.50162e+40 2.66629e+26 2.85797e+40 
1.18953e+14 1.07989e+27 1.28456e+41 9.48928e+25 1.12878e+40 1.84254e+26 2.19177e+40 2.84341e+26 3.38234e+40 3.24709e+26 3.86252e+40 
1.32009e+14 1.31398e+27 1.73457e+41 1.16349e+26 1.53592e+40 2.24576e+26 2.96460e+40 3.46014e+26 4.56769e+40 3.94953e+26 5.21373e+40 
1.46497e+14 1.59670e+27 2.33912e+41 1.42588e+26 2.08887e+40 2.73411e+26 4.00540e+40 4.20510e+26 6.16034e+40 4.79735e+26 7.02797e+40 
1.62576e+14 1.93741e+27 3.14975e+41 1.74649e+26 2.83937e+40 3.32451e+26 5.40485e+40 5.10299e+26 8.29622e+40 5.81831e+26 9.45915e+40 
1.80419e+14 2.34699e+27 4.23440e+41 2.13790e+26 3.85717e+40 4.03682e+26 7.28317e+40 6.18263e+26 1.11546e+41 7.04467e+26 1.27099e+41 
2.00220e+14 2.83803e+27 5.68231e+41 2.61527e+26 5.23629e+40 4.89426e+26 9.79930e+40 7.47729e+26 1.49710e+41 8.51362e+26 1.70460e+41 
2.22195e+14 3.42498e+27 7.61013e+41 3.19685e+26 7.10323e+40 5.92386e+26 1.31625e+41 9.02520e+26 2.00535e+41 1.02677e+27 2.28142e+41 
2.46581e+14 4.12424e+27 1.01696e+42 3.90452e+26 9.62782e+40 7.15676e+26 1.76472e+41 1.08698e+27 2.68028e+41 1.23548e+27 3.04646e+41 
2.73644e+14 4.95422e+27 1.35569e+42 4.76446e+26 1.30377e+41 8.62864e+26 2.36118e+41 1.30599e+27 3.57376e+41 1.48288e+27 4.05782e+41 
3.03677e+14 5.93535e+27 1.80243e+42 5.80784e+26 1.76371e+41 1.03800e+27 3.15217e+41 1.56497e+27 4.75246e+41 1.77489e+27 5.38995e+41 
3.37006e+14 7.08999e+27 2.38937e+42 7.07166e+26 2.38320e+41 1.24563e+27 4.19786e+41 1.86987e+27 6.30157e+41 2.11794e+27 7.13758e+41 
3.73994e+14 8.44213e+27 3.15730e+42 8.59960e+26 3.21620e+41 1.49081e+27 5.57554e+41 2.22706e+27 8.32906e+41 2.51885e+27 9.42034e+41 
4.15040e+14 1.00171e+28 4.15750e+42 1.04430e+27 4.33425e+41 1.77909e+27 7.38394e+41 2.64329e+27 1.09707e+42 2.98475e+27 1.23879e+42 
4.60592e+14 1.18410e+28 5.45386e+42 1.26616e+27 5.83183e+41 2.11647e+27 9.74832e+41 3.12554e+27 1.43960e+42 3.52284e+27 1.62259e+42 
5.11143e+14 1.39399e+28 7.12531e+42 1.53249e+27 7.83322e+41 2.50939e+27 1.28266e+42 3.68079e+27 1.88141e+42 4.14020e+27 2.11624e+42 
5.67243e+14 1.63396e+28 9.26850e+42 1.85126e+27 1.05011e+42 2.96460e+27 1.68165e+42 4.31590e+27 2.44816e+42 4.84352e+27 2.74745e+42 
6.29499e+14 1.90640e+28 1.20008e+43 2.23152e+27 1.40474e+42 3.48913e+27 2.19640e+42 5.03734e+27 3.17100e+42 5.63880e+27 3.54962e+42 
6.98588e+14 2.21352e+28 1.54634e+43 2.68346e+27 1.87463e+42 4.09018e+27 2.85735e+42 5.85099e+27 4.08743e+42 6.53120e+27 4.56262e+42 
7.75260e+14 2.55729e+28 1.98256e+43 3.21837e+27 2.49507e+42 4.77507e+27 3.70192e+42 6.76207e+27 5.24236e+42 7.52483e+27 5.83370e+42 
8.60346e+14 2.93938e+28 2.52889e+43 3.84852e+27 3.31106e+42 5.55114e+27 4.77591e+42 7.77503e+27 6.68922e+42 8.62274e+27 7.41854e+42 
9.54772e+14 3.36129e+28 3.20926e+43 4.58697e+27 4.37950e+42 6.42579e+27 6.13516e+42 8.89362e+27 8.49137e+42 9.82705e+27 9.38259e+42 
1.05956e+15 3.82431e+28 4.05208e+43 5.44721e+27 5.77165e+42 7.40632e+27 7.84744e+42 1.01210e+28 1.07238e+43 1.11392e+28 1.18026e+43 
1.17585e+15 4.32962e+28 5.09098e+43 6.44266e+27 7.57560e+42 8.49984e+27 9.99453e+42 1.14598e+28 1.34749e+43 1.25599e+28 1.47685e+43 
1.30490e+15 4.87818e+28 6.36555e+43 7.58586e+27 9.89880e+42 9.71287e+27 1.26743e+43 1.29117e+28 1.68485e+43 1.40893e+28 1.83851e+43 
1.44812e+15 5.47046e+28 7.92187e+43 8.88742e+27 1.28700e+43 1.10506e+28 1.60025e+43 1.44771e+28 2.09645e+43 1.57260e+28 2.27731e+43 
1.60705e+15 6.10582e+28 9.81237e+43 1.03547e+28 1.66406e+43 1.25155e+28 2.01131e+43 1.61530e+28 2.59587e+43 1.74654e+28 2.80678e+43 
1.78343e+15 6.78156e+28 1.20944e+44 1.19902e+28 2.13837e+43 1.41058e+28 2.51568e+43 1.79309e+28 3.19785e+43 1.92970e+28 3.44148e+43 
1.97917e+15 7.49168e+28 1.48273e+44 1.37891e+28 2.72909e+43 1.58126e+28 3.12958e+43 1.97935e+28 3.91746e+43 2.12006e+28 4.19596e+43 
2.19639e+15 8.22547e+28 1.80663e+44 1.57372e+28 3.45650e+43 1.76173e+28 3.86945e+43 2.17109e+28 4.76855e+43 2.31428e+28 5.08306e+43 
2.43744e+15 8.96636e+28 2.18550e+44 1.78083e+28 4.34068e+43 1.94892e+28 4.75040e+43 2.36381e+28 5.76164e+43 2.50733e+28 6.11149e+43 
2.70496e+15 9.69132e+28 2.62146e+44 1.99613e+28 5.39945e+43 2.13831e+28 5.78406e+43 2.55127e+28 6.90108e+43 2.69238e+28 7.28278e+43 
3.00184e+15 1.03711e+29 3.11323e+44 2.21382e+28 6.64553e+43 2.32387e+28 6.97586e+43 2.72562e+28 8.18185e+43 2.86089e+28 8.58792e+43 
3.33129e+15 1.09714e+29 3.65490e+44 2.42632e+28 8.08279e+43 2.49809e+28 8.32186e+43 2.87765e+28 9.58631e+43 3.00307e+28 1.00041e+44 
3.69691e+15 1.14554e+29 4.23496e+44 2.62432e+28 9.70187e+43 2.65231e+28 9.80536e+43 2.99746e+28 1.10813e+44 3.10859e+28 1.14922e+44 
4.10266e+15 1.17867e+29 4.83567e+44 2.79714e+28 1.14757e+44 2.77719e+28 1.13939e+44 3.07523e+28 1.26166e+44 3.16757e+28 1.29955e+44 
4.55294e+15 1.19332e+29 5.43312e+44 2.93345e+28 1.33558e+44 2.86346e+28 1.30372e+44 3.10235e+28 1.41248e+44 3.17172e+28 1.44406e+44 
5.05263e+15 1.18717e+29 5.99832e+44 3.02236e+28 1.52709e+44 2.90293e+28 1.46675e+44 3.07254e+28 1.55244e+44 3.11554e+28 1.57417e+44 
5.60717e+15 1.15912e+29 6.49937e+44 3.05481e+28 1.71288e+44 2.88964e+28 1.62027e+44 2.98307e+28 1.67266e+44 2.99741e+28 1.68070e+44 
6.22257e+15 1.10963e+29 6.90477e+44 3.02510e+28 1.88239e+44 2.82101e+28 1.75539e+44 2.83558e+28 1.76446e+44 2.82027e+28 1.75494e+44 
6.90551e+15 1.04083e+29 7.18745e+44 2.93234e+28 2.02493e+44 2.69872e+28 1.86361e+44 2.63655e+28 1.82067e+44 2.59182e+28 1.78979e+44 
7.66341e+15 9.56349e+28 7.32890e+44 2.78120e+28 2.13135e+44 2.52916e+28 1.93820e+44 2.39696e+28 1.83689e+44 2.32389e+28 1.78090e+44 
8.50449e+15 8.61000e+28 7.32236e+44 2.58190e+28 2.19577e+44 2.32297e+28 1.97557e+44 2.13122e+28 1.81250e+44 2.03121e+28 1.72744e+44 
9.43788e+15 7.60172e+28 7.17441e+44 2.34908e+28 2.21704e+44 2.09391e+28 1.97620e+44 1.85542e+28 1.75112e+44 1.72966e+28 1.63243e+44 
1.04737e+16 6.59206e+28 6.90433e+44 2.09973e+28 2.19919e+44 1.85692e+28 1.94488e+44 1.58515e+28 1.66024e+44 1.43437e+28 1.50231e+44 
1.16232e+16 5.62789e+28 6.54142e+44 1.85052e+28 2.15090e+44 1.62600e+28 1.88994e+44 1.33358e+28 1.55005e+44 1.15811e+28 1.34610e+44 
1.28989e+16 4.74520e+28 6.12078e+44 1.61542e+28 2.08372e+44 1.41230e+28 1.82172e+44 1.10996e+28 1.43173e+44 9.10266e+27 1.17414e+44 
1.43146e+16 3.96685e+28 5.67838e+44 1.40393e+28 2.00967e+44 1.22288e+28 1.75050e+44 9.19074e+27 1.31562e+44 6.96414e+27 9.96888e+43 
1.58857e+16 3.30247e+28 5.24619e+44 1.22051e+28 1.93887e+44 1.06043e+28 1.68456e+44 7.61499e+27 1.20969e+44 5.18584e+27 8.23804e+43 
1.76291e+16 2.75004e+28 4.84809e+44 1.06508e+28 1.87765e+44 9.23924e+27 1.62880e+44 6.34562e+27 1.11868e+44 3.75861e+27 6.62610e+43 
1.95640e+16 2.29851e+28 4.49681e+44 9.34213e+27 1.82769e+44 8.09676e+27 1.58405e+44 5.33546e+27 1.04383e+44 2.65178e+27 5.18794e+43 
2.17112e+16 1.93108e+28 4.19261e+44 8.22624e+27 1.78601e+44 7.12640e+27 1.54723e+44 4.52861e+27 9.83215e+43 1.82131e+27 3.95428e+43 
2.40940e+16 1.62863e+28 3.92403e+44 7.24526e+27 1.74568e+44 6.27532e+27 1.51198e+44 3.86980e+27 9.32391e+43 1.21714e+27 2.93259e+43 
2.67384e+16 1.37290e+28 3.67093e+44 6.34720e+27 1.69714e+44 5.49704e+27 1.46982e+44 3.31091e+27 8.85285e+43 7.89581e+26 2.11122e+43 
2.96730e+16 1.14907e+28 3.40963e+44 5.49357e+27 1.63011e+44 4.75762e+27 1.41173e+44 2.81511e+27 8.35327e+43 4.93995e+26 1.46583e+43 
3.29297e+16 9.47159e+27 3.11897e+44 4.66375e+27 1.53576e+44 4.03894e+27 1.33001e+44 2.35875e+27 7.76729e+43 2.93612e+26 9.66855e+42 
3.65438e+16 7.62319e+27 2.78580e+44 3.85571e+27 1.40902e+44 3.33914e+27 1.22025e+44 1.93118e+27 7.05729e+43 1.60250e+26 5.85615e+42 
4.05546e+16 5.93923e+27 2.40863e+44 3.08293e+27 1.25027e+44 2.66990e+27 1.08277e+44 1.53253e+27 6.21510e+43 7.34757e+25 2.97978e+42 
4.50056e+16 4.44049e+27 1.99847e+44 2.36846e+27 1.06594e+44 2.05115e+27 9.23131e+43 1.16988e+27 5.26512e+43 1.89597e+25 8.53292e+41 
4.99451e+16 3.15727e+27 1.57690e+44 1.73734e+27 8.67717e+43 1.50458e+27 7.51465e+43 8.52921e+26 4.25992e+43 -1.32286e+25 -6.60704e+41 
5.54266e+16 2.11359e+27 1.17149e+44 1.20942e+27 6.70341e+43 1.04739e+27 5.80532e+43 5.89781e+26 3.26896e+43 -3.00128e+25 -1.66351e+42 
6.15099e+16 1.31627e+27 8.09637e+43 7.94249e+26 4.88541e+43 6.87840e+26 4.23089e+43 3.84136e+26 2.36281e+43 -3.63220e+25 -2.23416e+42 
6.82607e+16 7.50519e+26 5.12310e+43 4.89214e+26 3.33941e+43 4.23672e+26 2.89202e+43 2.34013e+26 1.59739e+43 -3.57899e+25 -2.44305e+42 
7.57525e+16 3.82348e+26 2.89638e+43 2.81035e+26 2.12891e+43 2.43384e+26 1.84369e+43 1.32366e+26 1.00270e+43 -3.12003e+25 -2.36350e+42 
8.40665e+16 1.66227e+26 1.39741e+43 1.49765e+26 1.25902e+43 1.29700e+26 1.09034e+43 6.89675e+25 5.79786e+42 -2.47150e+25 -2.07770e+42 
9.32930e+16 5.47150e+25 5.10453e+42 7.36616e+25 6.87211e+42 6.37928e+25 5.95142e+42 3.28013e+25 3.06014e+42 -1.79464e+25 -1.67427e+42 
1.03532e+17 6.65566e+24 6.89075e+41 3.32783e+25 3.44538e+42 2.88199e+25 2.98379e+42 1.40779e+25 1.45752e+42 -1.19596e+25 -1.23821e+42 
1.14895e+17 -8.32513e+24 -9.56517e+41 1.37439e+25 1.57911e+42 1.19026e+25 1.36755e+42 5.36427e+24 6.16329e+41 -7.29426e+24 -8.38075e+41 
1.27505e+17 -9.30085e+24 -1.18591e+42 5.16279e+24 6.58282e+41 4.47111e+24 5.70089e+41 1.76645e+24 2.25232e+41 -4.05013e+24 -5.16413e+41 
1.41499e+17 -6.26014e+24 -8.85804e+41 1.75335e+24 2.48097e+41 1.51845e+24 2.14859e+41 4.76011e+23 6.73551e+40 -2.03254e+24 -2.87603e+41 
1.57029e+17 -3.29890e+24 -5.18022e+41 5.34172e+23 8.38805e+40 4.62607e+23 7.26427e+40 8.98039e+22 1.41018e+40 -9.13670e+23 -1.43473e+41 
1.74263e+17 -1.44523e+24 -2.51851e+41 1.44482e+23 2.51780e+40 1.25125e+23 2.18048e+40 2.47639e+21 4.31545e+38 -3.63988e+23 -6.34298e+40 
1.93389e+17 -5.35128e+23 -1.03488e+41 3.42254e+22 6.61883e+39 2.96401e+22 5.73207e+39 -6.98320e+21 -1.35047e+39 -1.26929e+23 -2.45467e+40 
2.14614e+17 -1.67500e+23 -3.59478e+40 6.97945e+21 1.49789e+39 6.04438e+21 1.29721e+39 -3.70766e+21 -7.95716e+38 -3.82016e+22 -8.19860e+39 
2.38169e+17 -4.39634e+22 -1.04707e+40 1.20022e+21 2.85854e+38 1.03942e+21 2.47557e+38 -1.22882e+21 -2.92666e+38 -9.76641e+21 -2.32605e+39 
2.64308e+17 -9.54819e+21 -2.52366e+39 1.69958e+20 4.49214e+37 1.47188e+20 3.89030e+37 -3.03254e+20 -8.01526e+37 -2.08342e+21 -5.50666e+38 
2.93317e+17 -1.68684e+21 -4.94777e+38 1.93011e+19 5.66134e+36 1.67153e+19 4.90286e+36 -5.78180e+19 -1.69590e+37 -3.63562e+20 -1.06639e+38 
3.25509e+17 -2.37531e+20 -7.73186e+37 1.70794e+18 5.55951e+35 1.47912e+18 4.81468e+35 -8.53305e+18 -2.77758e+36 -5.07632e+19 -1.65239e+37 
3.61234e+17 -2.60459e+19 -9.40868e+36 1.14164e+17 4.12401e+34 9.88692e+16 3.57150e+34 -9.63059e+17 -3.47890e+35 -5.53426e+18 -1.99916e+36 
4.00881e+17 -2.16624e+18 -8.68403e+35 5.57467e+15 2.23478e+33 4.82780e+15 1.93537e+33 -8.14799e+16 -3.26637e+34 -4.58492e+17 -1.83801e+35 
4.44878e+17 -1.32690e+17 -5.90308e+34 1.91773e+14 8.53157e+31 1.66080e+14 7.38856e+31 -5.03791e+15 -2.24125e+33 -2.80109e+16 -1.24615e+34 
4.93705e+17 -5.79274e+15 -2.85990e+33 4.46713e+12 2.20544e+30 3.86865e+12 1.90997e+30 -2.20882e+14 -1.09051e+32 -1.22070e+15 -6.02667e+32 
5.47890e+17 -1.73779e+14 -9.52116e+31 6.74524e+10 3.69565e+28 5.84155e+10 3.20053e+28 -6.63328e+12 -3.63431e+30 -3.65760e+13 -2.00396e+31 
6.08022e+17 -3.44002e+12 -2.09161e+30 6.29094e+08 3.82504e+26 5.44812e+08 3.31258e+26 -1.31185e+11 -7.97635e+28 -7.23399e+11 -4.39843e+29 
6.74754e+17 -4.29548e+10 -2.89839e+28 3.43456e+06 2.31749e+24 2.97442e+06 2.00700e+24 -1.63468e+09 -1.10300e+27 -9.02673e+09 -6.09082e+27 
7.48810e+17 -3.21822e+08 -2.40983e+26 1.03401e+04 7.74280e+21 8.95482e+03 6.70547e+21 -1.22146e+07 -9.14639e+24 -6.75901e+07 -5.06121e+25 
8.30994e+17 -1.36844e+06 -1.13716e+24 1.60629e+01 1.33482e+19 1.39109e+01 1.15598e+19 -5.17883e+04 -4.30358e+22 -2.87256e+05 -2.38708e+23 
9.22198e+17 -3.10457e+03 -2.86303e+21 1.19588e-02 1.10283e+16 1.03566e-02 9.55083e+15 -1.17153e+02 -1.08038e+20 -6.51394e+02 -6.00715e+20 
1.02341e+18 -3.50838e+00 -3.59051e+18 3.93083e-06 4.02286e+12 3.40420e-06 3.48390e+12 -1.32029e-01 -1.35120e+17 -7.35807e-01 -7.53034e+17 
1.13573e+18 -1.82958e-03 -2.07792e+15 5.20730e-10 5.91411e+08 4.50966e-10 5.12177e+08 -6.86813e-05 -7.80037e+13 -3.83571e-04 -4.35635e+14 
1.26038e+18 -4.04419e-07 -5.09723e+11 2.51080e-14 3.16457e+04 2.17441e-14 2.74059e+04 -1.51488e-08 -1.90933e+10 -8.47586e-08 -1.06828e+11 
1.39871e+18 -3.44750e-11 -4.82206e+07 3.92114e-19 5.48455e-01 3.39580e-19 4.74976e-01 -1.28902e-12 -1.80297e+06 -7.22332e-12 -1.01034e+07 
1.55223e+18 -1.02034e-15 -1.58380e+03 1.70915e-24 2.65299e-06 1.48017e-24 2.29755e-06 -3.80950e-17 -5.91321e+01 -2.13739e-16 -3.31771e+02 
1.72259e+18 -9.32973e-21 -1.60713e-02 1.53221e-30 2.63937e-12 1.32693e-30 2.28576e-12 -3.47939e-22 -5.99354e-04 -1.95404e-21 -3.36600e-03 
1.91164e+18 -2.31517e-26 -4.42578e-08 -2.46731e-37 -4.71661e-19 -2.13675e-37 -4.08470e-19 -8.62698e-28 -1.64917e-09 -4.84834e-27 -9.26830e-09 
2.12145e+18 -1.35023e-32 -2.86445e-14 -2.16086e-43 -4.58416e-25 -1.87136e-43 -3.97000e-25 -5.02847e-34 -1.06677e-15 -2.82736e-33 -5.99812e-15 
2.35429e+18 -1.57771e-39 -3.71439e-21 -1.40125e-50 -3.29895e-32 -1.21352e-50 -2.85697e-32 -5.87343e-41 -1.38277e-22 -3.30352e-40 -7.77742e-22 
2.61268e+18 -3.09420e-47 -8.08414e-29 -1.30633e-58 -3.41301e-40 -1.13131e-58 -2.95576e-40 -1.15162e-48 -3.00882e-30 -6.47861e-48 -1.69265e-29 
2.89942e+18 -8.36929e-56 -2.42661e-37 -1.53088e-67 -4.43867e-49 -1.32578e-67 -3.84400e-49 -3.11453e-57 -9.03033e-39 -1.75232e-56 -5.08071e-38 
3.21764e+18 -2.51106e-65 -8.07970e-47 -1.81266e-77 -5.83248e-59 -1.56981e-77 -5.05107e-59 -9.34393e-67 -3.00654e-48 -5.25748e-66 -1.69167e-47 
3.57079e+18 -6.56348e-76 -2.34368e-57 -1.68771e-88 -6.02644e-70 -1.46160e-88 -5.21905e-70 -2.44225e-77 -8.72075e-59 -1.37420e-76 -4.90699e-58 
3.96269e+18 -1.14319e-87 -4.53012e-69 -9.34770e-101 -3.70420e-82 -8.09534e-101 -3.20793e-82 -4.25372e-89 -1.68562e-70 -2.39351e-88 -9.48475e-70 
4.39760e+18 -9.85536e-101 -4.33400e-82 -2.25959e-114 -9.93678e-96 -1.95686e-114 -8.60550e-96 -3.66707e-102 -1.61263e-83 -2.06342e-101 -9.07412e-83 
4.88025e+18 -3.02340e-115 -1.47550e-96 -1.69044e-129 -8.24976e-111 -1.46396e-129 -7.14450e-111 -1.12497e-116 -5.49014e-98 -6.33011e-116 -3.08926e-97 
5.41587e+18 -2.28864e-131 -1.23950e-112 -2.67275e-146 -1.44753e-127 -2.31467e-146 -1.25359e-127 -8.51573e-133 -4.61201e-114 -4.79174e-132 -2.59514e-113 
6.01028e+18 -2.84747e-149 -1.71141e-130 -5.84884e-165 -3.51532e-146 -5.06525e-165 -3.04435e-146 -1.05951e-150 -6.36793e-132 -5.96177e-150 -3.58319e-131 
6.66992e+18 -3.70953e-169 -2.47423e-150 -1.10744e-185 -7.38656e-167 -9.59074e-186 -6.39695e-167 -1.38027e-170 -9.20629e-152 -7.76667e-170 -5.18031e-151 
7.40196e+18 -3.06793e-191 -2.27087e-172 -1.07723e-208 -7.97362e-190 -9.32909e-209 -6.90535e-190 -1.14154e-192 -8.44960e-174 -6.42333e-192 -4.75453e-173 
8.21434e+18 -9.24427e-216 -7.59356e-197 -3.01841e-234 -2.47943e-215 -2.61402e-234 -2.14725e-215 -3.43967e-217 -2.82547e-198 -1.93548e-216 -1.58987e-197 
9.11589e+18 -5.47989e-243 -4.99540e-224 -1.28205e-262 -1.16870e-243 -1.11029e-262 -1.01212e-243 -2.03899e-244 -1.85872e-225 -1.14733e-243 -1.04589e-224 
1.01164e+19 -3.22505e-273 -3.26258e-254 0.00000e+00 0.00000e+00 0.00000e+00 0.00000e+00 -1.20000e-274 -1.21397e-255 -6.75230e-274 -6.83088e-255 
1.12267e+19 0.00000e+00 0.00000e+00 0.00000e+00 0.00000e+00 0.00000e+00 0.00000e+00 0.00000e+00 0.00000e+00 0.00000e+00 0.00000e+00 
1.24588e+19 0.00000e+00 0.00000e+00 0.00000e+00 0.00000e+00 0.00000e+00 0.00000e+00 0.00000e+00 0.00000e+00 0.00000e+00 0.00000e+00 
1.38262e+19 0.00000e+00 0.00000e+00 0.00000e+00 0.00000e+00 0.00000e+00 0.00000e+00 0.00000e+00 0.00000e+00 0.00000e+00 0.00000e+00 
1.53437e+19 0.00000e+00 0.00000e+00 0.00000e+00 0.00000e+00 0.00000e+00 0.00000e+00 0.00000e+00 0.00000e+00 0.00000e+00 0.00000e+00 
1.70277e+19 0.00000e+00 0.00000e+00 0.00000e+00 0.00000e+00 0.00000e+00 0.00000e+00 0.00000e+00 0.00000e+00 0.00000e+00 0.00000e+00 
1.88965e+19 0.00000e+00 0.00000e+00 0.00000e+00 0.00000e+00 0.00000e+00 0.00000e+00 0.00000e+00 0.00000e+00 0.00000e+00 0.00000e+00 
2.09705e+19 0.00000e+00 0.00000e+00 0.00000e+00 0.00000e+00 0.00000e+00 0.00000e+00 0.00000e+00 0.00000e+00 0.00000e+00 0.00000e+00 
2.32720e+19 0.00000e+00 0.00000e+00 0.00000e+00 0.00000e+00 0.00000e+00 0.00000e+00 0.00000e+00 0.00000e+00 0.00000e+00 0.00000e+00 
2.58262e+19 0.00000e+00 0.00000e+00 0.00000e+00 0.00000e+00 0.00000e+00 0.00000e+00 0.00000e+00 0.00000e+00 0.00000e+00 0.00000e+00 
2.86607e+19 0.00000e+00 0.00000e+00 0.00000e+00 0.00000e+00 0.00000e+00 0.00000e+00 0.00000e+00 0.00000e+00 0.00000e+00 0.00000e+00 
3.18063e+19 0.00000e+00 0.00000e+00 0.00000e+00 0.00000e+00 0.00000e+00 0.00000e+00 0.00000e+00 0.00000e+00 0.00000e+00 0.00000e+00 
3.52971e+19 0.00000e+00 0.00000e+00 0.00000e+00 0.00000e+00 0.00000e+00 0.00000e+00 0.00000e+00 0.00000e+00 0.00000e+00 0.00000e+00 
3.91710e+19 0.00000e+00 0.00000e+00 0.00000e+00 0.00000e+00 0.00000e+00 0.00000e+00 0.00000e+00 0.00000e+00 0.00000e+00 0.00000e+00 
4.34701e+19 0.00000e+00 0.00000e+00 0.00000e+00 0.00000e+00 0.00000e+00 0.00000e+00 0.00000e+00 0.00000e+00 0.00000e+00 0.00000e+00 
4.82411e+19 0.00000e+00 0.00000e+00 0.00000e+00 0.00000e+00 0.00000e+00 0.00000e+00 0.00000e+00 0.00000e+00 0.00000e+00 0.00000e+00 
5.35357e+19 0.00000e+00 0.00000e+00 0.00000e+00 0.00000e+00 0.00000e+00 0.00000e+00 0.00000e+00 0.00000e+00 0.00000e+00 0.00000e+00 
5.94113e+19 0.00000e+00 0.00000e+00 0.00000e+00 0.00000e+00 0.00000e+00 0.00000e+00 0.00000e+00 0.00000e+00 0.00000e+00 0.00000e+00 
6.59319e+19 0.00000e+00 0.00000e+00 0.00000e+00 0.00000e+00 0.00000e+00 0.00000e+00 0.00000e+00 0.00000e+00 0.00000e+00 0.00000e+00 
7.31681e+19 0.00000e+00 0.00000e+00 0.00000e+00 0.00000e+00 0.00000e+00 0.00000e+00 0.00000e+00 0.00000e+00 0.00000e+00 0.00000e+00 
8.11984e+19 0.00000e+00 0.00000e+00 0.00000e+00 0.00000e+00 0.00000e+00 0.00000e+00 0.00000e+00 0.00000e+00 0.00000e+00 0.00000e+00 
9.01102e+19 0.00000e+00 0.00000e+00 0.00000e+00 0.00000e+00 0.00000e+00 0.00000e+00 0.00000e+00 0.00000e+00 0.00000e+00 0.00000e+00 
1.00000e+20 0.00000e+00 0.00000e+00 0.00000e+00 0.00000e+00 0.00000e+00 0.00000e+00 0.00000e+00 0.00000e+00 0.00000e+00 0.00000e+00 
