1.00000e+11 6.38045e+20 6.38045e+31 3.61290e+19 3.61290e+30 1.01793e+20 1.01793e+31 1.68192e+20 1.68192e+31 1.94107e+20 1.94107e+31 
1.10975e+11 7.85776e+20 8.72017e+31 4.44944e+19 4.93778e+30 1.25362e+20 1.39121e+31 2.07135e+20 2.29868e+31 2.39049e+20 2.65286e+31 
1.23155e+11 9.67711e+20 1.19179e+32 5.47969e+19 6.74851e+30 1.54388e+20 1.90136e+31 2.55094e+20 3.14161e+31 2.94398e+20 3.62566e+31 
1.36672e+11 1.19177e+21 1.62881e+32 6.74847e+19 9.22325e+30 1.90134e+20 2.59859e+31 3.14157e+20 4.29363e+31 3.62561e+20 4.95518e+31 
1.51672e+11 1.46770e+21 2.22609e+32 8.31104e+19 1.26055e+31 2.34156e+20 3.55149e+31 3.86894e+20 5.86809e+31 4.46505e+20 6.77221e+31 
1.68318e+11 1.80752e+21 3.04238e+32 1.02354e+20 1.72280e+31 2.88371e+20 4.85380e+31 4.76472e+20 8.01987e+31 5.49884e+20 9.25554e+31 
1.86791e+11 2.22601e+21 4.15799e+32 1.26053e+20 2.35456e+31 3.55137e+20 6.63366e+31 5.86788e+20 1.09607e+32 6.77197e+20 1.26495e+32 
2.07292e+11 2.74139e+21 5.68268e+32 1.55239e+20 3.21799e+31 4.37361e+20 9.06616e+31 7.22644e+20 1.49798e+32 8.33985e+20 1.72879e+32 
2.30043e+11 3.37608e+21 7.76643e+32 1.91183e+20 4.39804e+31 5.38621e+20 1.23906e+32 8.89952e+20 2.04727e+32 1.02707e+21 2.36270e+32 
2.55291e+11 4.15771e+21 1.06142e+33 2.35449e+20 6.01080e+31 6.63324e+20 1.69340e+32 1.09599e+21 2.79797e+32 1.26486e+21 3.22906e+32 
2.83310e+11 5.12028e+21 1.45062e+33 2.89964e+20 8.21497e+31 8.16895e+20 2.31434e+32 1.34973e+21 3.82392e+32 1.55769e+21 4.41308e+32 
3.14404e+11 6.30569e+21 1.98253e+33 3.57101e+20 1.12274e+32 1.00602e+21 3.16296e+32 1.66221e+21 5.22606e+32 1.91831e+21 6.03124e+32 
3.48910e+11 7.76550e+21 2.70946e+33 4.39782e+20 1.53444e+32 1.23892e+21 4.32273e+32 2.04703e+21 7.14229e+32 2.36241e+21 8.24270e+32 
3.87204e+11 9.56324e+21 3.70292e+33 5.41604e+20 2.09711e+32 1.52574e+21 5.90774e+32 2.52092e+21 9.76111e+32 2.90932e+21 1.12650e+33 
4.29700e+11 1.17771e+22 5.06063e+33 6.67001e+20 2.86611e+32 1.87896e+21 8.07388e+32 3.10451e+21 1.33401e+33 3.58281e+21 1.53954e+33 
4.76861e+11 1.45034e+22 6.91612e+33 8.21430e+20 3.91708e+32 2.31393e+21 1.10342e+33 3.82318e+21 1.82313e+33 4.41220e+21 2.10401e+33 
5.29198e+11 1.78608e+22 9.45187e+33 1.01161e+21 5.35342e+32 2.84958e+21 1.50799e+33 4.70819e+21 2.49156e+33 5.43356e+21 2.87543e+33 
5.87279e+11 2.19951e+22 1.29173e+34 1.24582e+21 7.31642e+32 3.50922e+21 2.06089e+33 5.79804e+21 3.40506e+33 6.69130e+21 3.92966e+33 
6.51734e+11 2.70864e+22 1.76531e+34 1.53425e+21 9.99920e+32 4.32152e+21 2.81648e+33 7.14011e+21 4.65345e+33 8.24013e+21 5.37037e+33 
7.23263e+11 3.33558e+22 2.41250e+34 1.88944e+21 1.36657e+33 5.32182e+21 3.84907e+33 8.79277e+21 6.35949e+33 1.01474e+22 7.33923e+33 
8.02643e+11 4.10761e+22 3.29695e+34 2.32687e+21 1.86765e+33 6.55360e+21 5.26021e+33 1.08279e+22 8.69093e+33 1.24960e+22 1.00298e+34 
8.90735e+11 5.05828e+22 4.50559e+34 2.86555e+21 2.55245e+33 8.07044e+21 7.18862e+33 1.33339e+22 1.18770e+34 1.53880e+22 1.37067e+34 
9.88496e+11 6.22892e+22 6.15726e+34 3.52892e+21 3.48833e+33 9.93825e+21 9.82392e+33 1.64198e+22 1.62309e+34 1.89493e+22 1.87313e+34 
1.09699e+12 7.67039e+22 8.41430e+34 4.34585e+21 4.76733e+33 1.22382e+22 1.34252e+34 2.02196e+22 2.21806e+34 2.33343e+22 2.55974e+34 
1.21738e+12 9.44532e+22 1.14986e+35 5.35186e+21 6.51526e+33 1.50703e+22 1.83463e+34 2.48984e+22 3.03109e+34 2.87339e+22 3.49801e+34 
1.35099e+12 1.16308e+23 1.57132e+35 6.59071e+21 8.90401e+33 1.85576e+22 2.50711e+34 3.06595e+22 4.14208e+34 3.53823e+22 4.78013e+34 
1.49927e+12 1.43218e+23 2.14722e+35 8.11629e+21 1.21685e+34 2.28514e+22 3.42604e+34 3.77531e+22 5.66020e+34 4.35685e+22 6.53208e+34 
1.66382e+12 1.76351e+23 2.93416e+35 9.99493e+21 1.66297e+34 2.81384e+22 4.68172e+34 4.64871e+22 7.73461e+34 5.36477e+22 8.92599e+34 
1.84642e+12 2.17145e+23 4.00943e+35 1.23083e+22 2.27264e+34 3.46480e+22 6.39750e+34 5.72407e+22 1.05691e+35 6.60574e+22 1.21970e+35 
2.04907e+12 2.67371e+23 5.47863e+35 1.51570e+22 3.10578e+34 4.26628e+22 8.74192e+34 7.04805e+22 1.44420e+35 8.13360e+22 1.66663e+35 
2.27397e+12 3.29206e+23 7.48604e+35 1.86648e+22 4.24432e+34 5.25304e+22 1.19452e+35 8.67806e+22 1.97336e+35 1.00146e+23 2.27729e+35 
2.52354e+12 4.05332e+23 1.02287e+36 2.29843e+22 5.80017e+34 6.46789e+22 1.63220e+35 1.06848e+23 2.69635e+35 1.23303e+23 3.11161e+35 
2.80050e+12 4.99048e+23 1.39759e+36 2.83030e+22 7.92626e+34 7.96349e+22 2.23018e+35 1.31552e+23 3.68411e+35 1.51811e+23 4.25147e+35 
3.10787e+12 6.14413e+23 1.90951e+36 3.48520e+22 1.08315e+35 9.80465e+22 3.04715e+35 1.61963e+23 5.03358e+35 1.86903e+23 5.80871e+35 
3.44896e+12 7.56420e+23 2.60886e+36 4.29159e+22 1.48015e+35 1.20711e+23 4.16328e+35 1.99397e+23 6.87711e+35 2.30100e+23 7.93606e+35 
3.82749e+12 9.31214e+23 3.56422e+36 5.28446e+22 2.02262e+35 1.48610e+23 5.68803e+35 2.45473e+23 9.39548e+35 2.83269e+23 1.08421e+36 
4.24757e+12 1.14635e+24 4.86921e+36 6.50692e+22 2.76386e+35 1.82949e+23 7.77089e+35 3.02185e+23 1.28355e+36 3.48709e+23 1.48117e+36 
4.71375e+12 1.41113e+24 6.65171e+36 8.01203e+22 3.77667e+35 2.25214e+23 1.06160e+36 3.71981e+23 1.75343e+36 4.29246e+23 2.02336e+36 
5.23110e+12 1.73697e+24 9.08626e+36 9.86506e+22 5.16051e+35 2.77229e+23 1.45021e+36 4.57875e+23 2.39519e+36 5.28356e+23 2.76388e+36 
5.80523e+12 2.13793e+24 1.24112e+37 1.21464e+23 7.05124e+35 3.41240e+23 1.98098e+36 5.63570e+23 3.27165e+36 6.50312e+23 3.77521e+36 
6.44236e+12 2.63128e+24 1.69516e+37 1.49548e+23 9.63445e+35 4.20007e+23 2.70583e+36 6.93620e+23 4.46855e+36 8.00366e+23 5.15625e+36 
7.14943e+12 3.23824e+24 2.31516e+37 1.84121e+23 1.31636e+36 5.16920e+23 3.69569e+36 8.53619e+23 6.10289e+36 9.84972e+23 7.04198e+36 
7.93410e+12 3.98491e+24 3.16166e+37 2.26680e+23 1.79850e+36 6.36151e+23 5.04728e+36 1.05044e+24 8.33433e+36 1.21206e+24 9.61660e+36 
8.80488e+12 4.90331e+24 4.31730e+37 2.79065e+23 2.45713e+36 7.82820e+23 6.89264e+36 1.29254e+24 1.13807e+37 1.49137e+24 1.31314e+37 
9.77124e+12 6.03279e+24 5.89478e+37 3.43542e+23 3.35683e+36 9.63219e+23 9.41185e+36 1.59028e+24 1.55390e+37 1.83487e+24 1.79289e+37 
1.08437e+13 7.42165e+24 8.04779e+37 4.22897e+23 4.58575e+36 1.18507e+24 1.28505e+37 1.95639e+24 2.12145e+37 2.25723e+24 2.44766e+37 
1.20338e+13 9.12918e+24 1.09859e+38 5.20557e+23 6.26427e+36 1.45787e+24 1.75437e+37 2.40651e+24 2.89594e+37 2.77648e+24 3.34115e+37 
1.33545e+13 1.12281e+25 1.49946e+38 6.40735e+23 8.55670e+36 1.79324e+24 2.39479e+37 2.95979e+24 3.95266e+37 3.41471e+24 4.56018e+37 
1.48202e+13 1.38075e+25 2.04630e+38 7.88608e+23 1.16873e+37 2.20547e+24 3.26855e+37 3.63975e+24 5.39418e+37 4.19902e+24 6.22304e+37 
1.64468e+13 1.69768e+25 2.79213e+38 9.70543e+23 1.59623e+37 2.71205e+24 4.46045e+37 4.47518e+24 7.36022e+37 5.16262e+24 8.49084e+37 
1.82518e+13 2.08697e+25 3.80910e+38 1.19436e+24 2.17993e+37 3.33444e+24 6.08597e+37 5.50138e+24 1.00410e+38 6.34617e+24 1.15829e+38 
2.02550e+13 2.56502e+25 5.19545e+38 1.46967e+24 2.97682e+37 4.09891e+24 8.30235e+37 6.76154e+24 1.36955e+38 7.79946e+24 1.57978e+38 
2.24781e+13 3.15187e+25 7.08478e+38 1.80827e+24 4.06464e+37 5.03761e+24 1.13236e+38 8.30852e+24 1.86759e+38 9.58337e+24 2.15415e+38 
2.49451e+13 3.87202e+25 9.65879e+38 2.22465e+24 5.54942e+37 6.18988e+24 1.54407e+38 1.02069e+25 2.54612e+38 1.17723e+25 2.93661e+38 
2.76829e+13 4.75542e+25 1.31644e+39 2.73660e+24 7.57570e+37 7.60381e+24 2.10495e+38 1.25356e+25 3.47021e+38 1.44572e+25 4.00216e+38 
3.07211e+13 5.83859e+25 1.79368e+39 3.36593e+24 1.03405e+38 9.33809e+24 2.86877e+38 1.53909e+25 4.72825e+38 1.77488e+25 5.45263e+38 
3.40929e+13 7.16605e+25 2.44311e+39 4.13941e+24 1.41124e+38 1.14644e+25 3.90853e+38 1.88902e+25 6.44019e+38 2.17823e+25 7.42622e+38 
3.78346e+13 8.79202e+25 3.32643e+39 5.08982e+24 1.92571e+38 1.40700e+25 5.32332e+38 2.31763e+25 8.76867e+38 2.67222e+25 1.01103e+39 
4.19871e+13 1.07824e+26 4.52723e+39 6.25736e+24 2.62728e+38 1.72612e+25 7.24746e+38 2.84231e+25 1.19340e+39 3.27684e+25 1.37585e+39 
4.65953e+13 1.32173e+26 6.15864e+39 7.69123e+24 3.58375e+38 2.11671e+25 9.86288e+38 3.48416e+25 1.62346e+39 4.01635e+25 1.87143e+39 
5.17092e+13 1.61937e+26 8.37365e+39 9.45165e+24 4.88737e+38 2.59448e+25 1.34158e+39 4.26876e+25 2.20734e+39 4.92015e+25 2.54417e+39 
5.73844e+13 1.98291e+26 1.13788e+40 1.16122e+25 6.66361e+38 3.17841e+25 1.82391e+39 5.22705e+25 2.99951e+39 6.02380e+25 3.45672e+39 
6.36825e+13 2.42651e+26 1.54526e+40 1.42629e+25 9.08299e+38 3.89150e+25 2.47821e+39 6.39640e+25 4.07339e+39 7.37021e+25 4.69354e+39 
7.06718e+13 2.96726e+26 2.09702e+40 1.75136e+25 1.23772e+39 4.76151e+25 3.36505e+39 7.82183e+25 5.52783e+39 9.01105e+25 6.36828e+39 
7.84282e+13 3.62569e+26 2.84356e+40 2.14980e+25 1.68605e+39 5.82185e+25 4.56598e+39 9.55742e+25 7.49572e+39 1.10083e+26 8.63365e+39 
8.70359e+13 4.42637e+26 3.85253e+40 2.63794e+25 2.29596e+39 7.11266e+25 6.19057e+39 1.16680e+26 1.01553e+40 1.34363e+26 1.16944e+40 
9.65883e+13 5.39865e+26 5.21446e+40 3.23562e+25 3.12523e+39 8.68200e+25 8.38580e+39 1.42308e+26 1.37453e+40 1.63836e+26 1.58246e+40 
1.07189e+14 6.57744e+26 7.05031e+40 3.96694e+25 4.25213e+39 1.05872e+26 1.13483e+40 1.73380e+26 1.85844e+40 1.99553e+26 2.13899e+40 
1.18953e+14 8.00410e+26 9.52115e+40 4.86115e+25 5.78250e+39 1.28965e+26 1.53408e+40 2.10984e+26 2.50973e+40 2.42759e+26 2.88770e+40 
1.32009e+14 9.72735e+26 1.28410e+41 5.95364e+25 7.85933e+39 1.56905e+26 2.07129e+40 2.56404e+26 3.38476e+40 2.94919e+26 3.89319e+40 
1.46497e+14 1.18043e+27 1.72929e+41 7.28721e+25 1.06756e+40 1.90644e+26 2.79288e+40 3.11145e+26 4.55818e+40 3.57746e+26 5.24087e+40 
1.62576e+14 1.43014e+27 2.32506e+41 8.91343e+25 1.44911e+40 2.31294e+26 3.76027e+40 3.76956e+26 6.12839e+40 4.33230e+26 7.04326e+40 
1.80419e+14 1.72956e+27 3.12045e+41 1.08943e+26 1.96554e+40 2.80151e+26 5.05444e+40 4.55863e+26 8.22462e+40 5.23667e+26 9.44792e+40 
2.00220e+14 2.08749e+27 4.17957e+41 1.33044e+26 2.66380e+40 3.38711e+26 6.78168e+40 5.50182e+26 1.10157e+41 6.31678e+26 1.26475e+41 
2.22195e+14 2.51393e+27 5.58582e+41 1.62324e+26 3.60676e+40 4.08690e+26 9.08088e+40 6.62542e+26 1.47213e+41 7.60231e+26 1.68919e+41 
2.46581e+14 3.02010e+27 7.44700e+41 1.97845e+26 4.87847e+40 4.92033e+26 1.21326e+41 7.95890e+26 1.96251e+41 9.12635e+26 2.25039e+41 
2.73644e+14 3.61841e+27 9.90157e+41 2.40862e+26 6.59103e+40 5.90921e+26 1.61702e+41 9.53484e+26 2.60915e+41 1.09254e+27 2.98966e+41 
3.03677e+14 4.32239e+27 1.31261e+42 2.92859e+26 8.89347e+40 7.07772e+26 2.14934e+41 1.13887e+27 3.45848e+41 1.30387e+27 3.95957e+41 
3.37006e+14 5.14651e+27 1.73441e+42 3.55581e+26 1.19833e+41 8.45220e+26 2.84845e+41 1.35582e+27 4.56920e+41 1.55083e+27 5.22638e+41 
3.73994e+14 6.10588e+27 2.28356e+42 4.31060e+26 1.61214e+41 1.00609e+27 3.76272e+41 1.60827e+27 6.01485e+41 1.83770e+27 6.87287e+41 
4.15040e+14 7.21587e+27 2.99488e+42 5.21657e+26 2.16509e+41 1.19335e+27 4.95288e+41 1.90021e+27 7.88664e+41 2.16879e+27 9.00134e+41 
4.60592e+14 8.49157e+27 3.91115e+42 6.30082e+26 2.90211e+41 1.41002e+27 6.49446e+41 2.23549e+27 1.02965e+42 2.54821e+27 1.17368e+42 
5.11143e+14 9.94719e+27 5.08444e+42 7.59428e+26 3.88177e+41 1.65913e+27 8.48052e+41 2.61771e+27 1.33802e+42 2.97968e+27 1.52304e+42 
5.67243e+14 1.15953e+28 6.57734e+42 9.13178e+26 5.17993e+41 1.94354e+27 1.10246e+42 3.04993e+27 1.73005e+42 3.46626e+27 1.96621e+42 
6.29499e+14 1.34461e+28 8.46432e+42 1.09521e+27 6.89433e+41 2.26589e+27 1.42637e+42 3.53454e+27 2.22499e+42 4.01015e+27 2.52439e+42 
6.98588e+14 1.55070e+28 1.08330e+43 1.30977e+27 9.14992e+41 2.62843e+27 1.83619e+42 4.07299e+27 2.84534e+42 4.61242e+27 3.22218e+42 
7.75260e+14 1.77816e+28 1.37854e+43 1.56145e+27 1.21053e+42 3.03292e+27 2.35130e+42 4.66564e+27 3.61709e+42 5.27287e+27 4.08785e+42 
8.60346e+14 2.02702e+28 1.74394e+43 1.85507e+27 1.59600e+42 3.48054e+27 2.99447e+42 5.31167e+27 4.56988e+42 5.98994e+27 5.15342e+42 
9.54772e+14 2.29693e+28 2.19304e+43 2.19559e+27 2.09629e+42 3.97180e+27 3.79216e+42 6.00901e+27 5.73724e+42 6.76067e+27 6.45489e+42 
1.05956e+15 2.58718e+28 2.74127e+43 2.58794e+27 2.74208e+42 4.50650e+27 4.77491e+42 6.75436e+27 7.15665e+42 7.58078e+27 8.03230e+42 
1.17585e+15 2.89673e+28 3.40612e+43 3.03677e+27 3.57079e+42 5.08367e+27 5.97763e+42 7.54315e+27 8.86961e+42 8.44471e+27 9.92971e+42 
1.30490e+15 3.22419e+28 4.20725e+43 3.54626e+27 4.62752e+42 5.70147e+27 7.43986e+42 8.36956e+27 1.09215e+43 9.34549e+27 1.21950e+43 
1.44812e+15 3.56767e+28 5.16640e+43 4.11975e+27 5.96588e+42 6.35709e+27 9.20581e+42 9.22623e+27 1.33607e+43 1.02745e+28 1.48787e+43 
1.60705e+15 3.92466e+28 6.30714e+43 4.75943e+27 7.64865e+42 7.04656e+27 1.13242e+43 1.01040e+28 1.62376e+43 1.12210e+28 1.80328e+43 
1.78343e+15 4.29180e+28 7.65413e+43 5.46601e+27 9.74824e+42 7.76464e+27 1.38477e+43 1.09915e+28 1.96025e+43 1.21715e+28 2.17071e+43 
1.97917e+15 4.66461e+28 9.23204e+43 6.23834e+27 1.23467e+43 8.50471e+27 1.68322e+43 1.18748e+28 2.35023e+43 1.31091e+28 2.59452e+43 
2.19639e+15 5.03740e+28 1.10641e+44 7.07311e+27 1.55353e+43 9.25899e+27 2.03363e+43 1.27379e+28 2.79774e+43 1.40134e+28 3.07789e+43 
2.43744e+15 5.40326e+28 1.31701e+44 7.96447e+27 1.94130e+43 1.00188e+28 2.44203e+43 1.35624e+28 3.30577e+43 1.48605e+28 3.62215e+43 
2.70496e+15 5.75411e+28 1.55646e+44 8.90381e+27 2.40844e+43 1.07751e+28 2.91462e+43 1.43290e+28 3.87593e+43 1.56235e+28 4.22609e+43 
3.00184e+15 6.08083e+28 1.82537e+44 9.87948e+27 2.96566e+43 1.15186e+28 3.45770e+43 1.50173e+28 4.50794e+43 1.62732e+28 4.88496e+43 
3.33129e+15 6.37320e+28 2.12310e+44 1.08768e+28 3.62337e+43 1.22400e+28 4.07749e+43 1.56068e+28 5.19908e+43 1.67783e+28 5.58935e+43 
3.69691e+15 6.61986e+28 2.44730e+44 1.18779e+28 4.39116e+43 1.29293e+28 4.77983e+43 1.60762e+28 5.94324e+43 1.71051e+28 6.32359e+43 
4.10266e+15 6.80830e+28 2.79321e+44 1.28628e+28 5.27715e+43 1.35756e+28 5.56959e+43 1.64035e+28 6.72980e+43 1.72179e+28 7.06391e+43 
4.55294e+15 6.92546e+28 3.15312e+44 1.38096e+28 6.28743e+43 1.41668e+28 6.45005e+43 1.65665e+28 7.54264e+43 1.70810e+28 7.77687e+43 
5.05263e+15 6.95906e+28 3.51616e+44 1.46968e+28 7.42573e+43 1.46904e+28 7.42249e+43 1.65456e+28 8.35987e+43 1.66627e+28 8.41904e+43 
5.60717e+15 6.89985e+28 3.86886e+44 1.55041e+28 8.69340e+43 1.51347e+28 8.48629e+43 1.63276e+28 9.15517e+43 1.59422e+28 8.93908e+43 
6.22257e+15 6.74437e+28 4.19673e+44 1.62147e+28 1.00897e+44 1.54913e+28 9.63958e+43 1.59116e+28 9.90112e+43 1.49183e+28 9.28303e+43 
6.90551e+15 6.49736e+28 4.48676e+44 1.68155e+28 1.16120e+44 1.57560e+28 1.08803e+44 1.53129e+28 1.05743e+44 1.36165e+28 9.40289e+43 
7.66341e+15 6.17279e+28 4.73046e+44 1.72972e+28 1.32555e+44 1.59285e+28 1.22067e+44 1.45642e+28 1.11611e+44 1.20927e+28 9.26715e+43 
8.50449e+15 5.79279e+28 4.92647e+44 1.76516e+28 1.50117e+44 1.60107e+28 1.36163e+44 1.37124e+28 1.16617e+44 1.04303e+28 8.87048e+43 
9.43788e+15 5.38419e+28 5.08153e+44 1.78691e+28 1.68646e+44 1.60022e+28 1.51027e+44 1.28108e+28 1.20907e+44 8.73035e+27 8.23959e+43 
1.04737e+16 4.97338e+28 5.20898e+44 1.79353e+28 1.87849e+44 1.58962e+28 1.66493e+44 1.19087e+28 1.24728e+44 7.09610e+27 7.43225e+43 
1.16232e+16 4.58072e+28 5.32427e+44 1.78287e+28 2.07227e+44 1.56765e+28 1.82211e+44 1.10405e+28 1.28327e+44 5.61660e+27 6.52830e+43 
1.28989e+16 4.21624e+28 5.43849e+44 1.75204e+28 2.25994e+44 1.53166e+28 1.97567e+44 1.02197e+28 1.31823e+44 4.35252e+27 5.61427e+43 
1.43146e+16 3.87815e+28 5.55141e+44 1.69771e+28 2.43020e+44 1.47834e+28 2.11618e+44 9.43702e+27 1.35087e+44 3.32909e+27 4.76546e+43 
1.58857e+16 3.55471e+28 5.64688e+44 1.61674e+28 2.56830e+44 1.40432e+28 2.23085e+44 8.66576e+27 1.37661e+44 2.53753e+27 4.03103e+43 
1.76291e+16 3.22917e+28 5.69275e+44 1.50709e+28 2.65687e+44 1.30714e+28 2.30438e+44 7.87223e+27 1.38781e+44 1.94394e+27 3.42700e+43 
1.95640e+16 2.88621e+28 5.64657e+44 1.36889e+28 2.67809e+44 1.18632e+28 2.32092e+44 7.02801e+27 1.37496e+44 1.50231e+27 2.93913e+43 
2.17112e+16 2.51775e+28 5.46633e+44 1.20537e+28 2.61700e+44 1.04420e+28 2.26707e+44 6.12116e+27 1.32898e+44 1.16721e+27 2.53416e+43 
2.40940e+16 2.12643e+28 5.12342e+44 1.02337e+28 2.46572e+44 8.86371e+27 2.13562e+44 5.16254e+27 1.24386e+44 9.02565e+26 2.17464e+43 
2.67384e+16 1.72554e+28 4.61381e+44 8.32948e+27 2.22717e+44 7.21384e+27 1.92887e+44 4.18562e+27 1.11917e+44 6.85161e+26 1.83201e+43 
2.96730e+16 1.33576e+28 3.96359e+44 6.46086e+27 1.91713e+44 5.59534e+27 1.66031e+44 3.23943e+27 9.61236e+43 5.03425e+26 1.49381e+43 
3.29297e+16 9.79721e+27 3.22619e+44 4.74661e+27 1.56304e+44 4.11070e+27 1.35364e+44 2.37695e+27 7.82721e+43 3.53462e+26 1.16394e+43 
3.65438e+16 6.76319e+27 2.47153e+44 3.28197e+27 1.19936e+44 2.84227e+27 1.03867e+44 1.64235e+27 6.00177e+43 2.34550e+26 8.57136e+42 
4.05546e+16 4.36452e+27 1.77001e+44 2.12156e+27 8.60389e+43 1.83732e+27 7.45119e+43 1.06124e+27 4.30381e+43 1.45702e+26 5.90890e+42 
4.50056e+16 2.61453e+27 1.17669e+44 1.27318e+27 5.73001e+43 1.10260e+27 4.96233e+43 6.36714e+26 2.86557e+43 8.39990e+25 3.78042e+42 
4.99451e+16 1.44296e+27 7.20689e+43 7.03977e+26 3.51602e+43 6.09662e+26 3.04496e+43 3.52005e+26 1.75809e+43 4.45707e+25 2.22609e+42 
5.54266e+16 7.27731e+26 4.03357e+43 3.55713e+26 1.97160e+43 3.08056e+26 1.70745e+43 1.77845e+26 9.85737e+42 2.15845e+25 1.19636e+42 
6.15099e+16 3.32383e+26 2.04448e+43 1.62778e+26 1.00124e+43 1.40970e+26 8.67102e+42 8.13761e+25 5.00543e+42 9.45585e+24 5.81628e+41 
6.82607e+16 1.36124e+26 9.29191e+42 6.67900e+25 4.55913e+42 5.78418e+25 3.94832e+42 3.33863e+25 2.27897e+42 3.71120e+24 2.53329e+41 
7.57525e+16 4.94363e+25 3.74492e+42 2.43015e+25 1.84090e+42 2.10457e+25 1.59426e+42 1.21460e+25 9.20087e+41 1.29080e+24 9.77816e+40 
8.40665e+16 1.57262e+25 1.32205e+42 7.74499e+24 6.51094e+41 6.70734e+24 5.63863e+41 3.87021e+24 3.25355e+41 3.92933e+23 3.30325e+40 
9.32930e+16 4.32281e+24 4.03288e+41 2.13307e+24 1.99001e+41 1.84729e+24 1.72339e+41 1.06558e+24 9.94114e+40 1.03168e+23 9.62490e+39 
1.03532e+17 1.01177e+24 1.04750e+41 5.00341e+23 5.18014e+40 4.33306e+23 4.48611e+40 2.49822e+23 2.58646e+40 2.29597e+22 2.37706e+39 
1.14895e+17 1.98579e+23 2.28157e+40 9.84702e+22 1.13137e+40 8.52770e+22 9.79791e+39 4.91251e+22 5.64424e+39 4.23855e+21 4.86988e+38 
1.27505e+17 3.22209e+22 4.10834e+39 1.60394e+22 2.04511e+39 1.38903e+22 1.77109e+39 7.99017e+21 1.01879e+39 6.31000e+20 8.04557e+37 
1.41499e+17 4.28320e+21 6.06069e+38 2.14496e+21 3.03510e+38 1.85755e+21 2.62841e+38 1.06585e+21 1.50817e+38 7.26539e+19 1.02805e+37 
1.57029e+17 4.69328e+20 7.36980e+37 2.37265e+20 3.72575e+37 2.05470e+20 3.22647e+37 1.17411e+20 1.84370e+37 5.98544e+18 9.39888e+35 
1.74263e+17 4.40959e+19 7.68430e+36 2.25889e+19 3.93643e+36 1.95614e+19 3.40884e+36 1.11140e+19 1.93676e+36 2.79675e+17 4.87371e+34 
1.93389e+17 3.84992e+18 7.44532e+35 1.99681e+18 3.86162e+35 1.72916e+18 3.34400e+35 9.77506e+17 1.89039e+35 -3.99837e+15 -7.73241e+32 
2.14614e+17 3.31469e+17 7.11380e+34 1.72471e+17 3.70147e+34 1.49352e+17 3.20531e+34 8.43894e+16 1.81112e+34 -1.86007e+15 -3.99197e+32 
2.38169e+17 2.67336e+16 6.36710e+33 1.38185e+16 3.29114e+33 1.19664e+16 2.85002e+33 6.78856e+15 1.61682e+33 -1.56892e+14 -3.73667e+31 
2.64308e+17 1.79628e+15 4.74772e+32 9.19499e+14 2.43031e+32 7.96273e+14 2.10461e+32 4.54097e+14 1.20022e+32 -7.16764e+12 -1.89447e+30 
2.93317e+17 9.14850e+13 2.68341e+31 4.64343e+13 1.36200e+31 4.02121e+13 1.17949e+31 2.30343e+13 6.75635e+30 -1.75572e+11 -5.14983e+28 
3.25509e+17 3.32553e+12 1.08249e+30 1.67754e+12 5.46055e+29 1.45277e+12 4.72890e+29 8.34851e+11 2.71751e+29 -1.05763e+09 -3.44267e+26 
3.61234e+17 8.25779e+10 2.98300e+28 4.14876e+10 1.49867e+28 3.59290e+10 1.29788e+28 2.06905e+10 7.47412e+27 6.26374e+07 2.26268e+25 
4.00881e+17 1.35010e+09 5.41229e+26 6.76632e+08 2.71248e+26 5.85977e+08 2.34907e+26 3.37879e+08 1.35449e+26 1.93075e+06 7.73998e+23 
4.44878e+17 1.42791e+07 6.35245e+24 7.14632e+06 3.17924e+24 6.18888e+06 2.75330e+24 3.57112e+06 1.58871e+24 2.63292e+04 1.17133e+22 
4.93705e+17 1.06506e+05 5.25824e+22 5.32641e+04 2.62967e+22 4.61280e+04 2.27736e+22 2.66269e+04 1.31458e+22 2.26125e+02 1.11639e+20 
5.47890e+17 8.23204e+02 4.51025e+20 4.11568e+02 2.25494e+20 3.56428e+02 1.95284e+20 2.05778e+02 1.12744e+20 1.86932e+00 1.02418e+18 
6.08022e+17 8.17179e+00 4.96863e+18 4.08544e+00 2.48404e+18 3.53810e+00 2.15124e+18 2.04272e+00 1.24202e+18 1.85173e-02 1.12589e+16 
6.74754e+17 6.64888e-02 4.48636e+16 3.32409e-02 2.24295e+16 2.87875e-02 1.94245e+16 1.66205e-02 1.12147e+16 1.49298e-04 1.00740e+14 
7.48810e+17 3.29392e-04 2.46652e+14 1.64679e-04 1.23314e+14 1.42616e-04 1.06793e+14 8.23397e-05 6.16568e+13 7.37333e-07 5.52122e+11 
8.30994e+17 8.92348e-07 7.41536e+11 4.46129e-07 3.70731e+11 3.86359e-07 3.21062e+11 2.23064e-07 1.85365e+11 1.99563e-09 1.65836e+09 
9.22198e+17 1.22709e-09 1.13162e+09 6.13483e-10 5.65753e+08 5.31292e-10 4.89956e+08 3.06742e-10 2.82876e+08 2.74328e-12 2.52985e+06 
1.02341e+18 7.93322e-13 8.11895e+05 3.96621e-13 4.05906e+05 3.43484e-13 3.51525e+05 1.98310e-13 2.02953e+05 1.77326e-15 1.81478e+03 
1.13573e+18 2.21699e-16 2.51791e+02 1.10838e-16 1.25883e+02 9.59887e-17 1.09018e+02 5.54191e-17 6.29413e+01 4.95511e-19 5.62769e-01 
1.26038e+18 2.44076e-20 3.07629e-02 1.22025e-20 1.53799e-02 1.05677e-20 1.33194e-02 6.10127e-21 7.68994e-03 5.45507e-23 6.87547e-05 
1.39871e+18 9.55321e-25 1.33622e-06 4.77612e-25 6.68042e-07 4.13624e-25 5.78542e-07 2.38806e-25 3.34021e-07 2.13510e-27 2.98640e-09 
1.55223e+18 1.18644e-29 1.84162e-11 5.93160e-30 9.20718e-12 5.13692e-30 7.97365e-12 2.96580e-30 4.60359e-12 2.65163e-32 4.11593e-14 
1.72259e+18 4.12146e-35 7.09956e-17 2.06052e-35 3.54942e-17 1.78446e-35 3.07389e-17 1.03026e-35 1.77471e-17 9.21122e-38 1.58671e-19 
1.91164e+18 3.48191e-41 6.65617e-23 1.74078e-41 3.32775e-23 1.50756e-41 2.88191e-23 8.70389e-42 1.66387e-23 7.78186e-44 1.48762e-25 
2.12145e+18 6.12554e-48 1.29950e-29 3.06246e-48 6.49686e-30 2.65217e-48 5.62645e-30 1.53123e-48 3.24843e-30 1.36902e-50 2.90432e-32 
2.35429e+18 1.88903e-55 4.44733e-37 9.44421e-56 2.22344e-37 8.17893e-56 1.92555e-37 4.72211e-56 1.11172e-37 4.22188e-58 9.93952e-40 
2.61268e+18 8.43536e-64 2.20389e-45 4.21725e-64 1.10183e-45 3.65225e-64 9.54214e-46 2.10863e-64 5.50916e-46 1.88525e-66 4.92556e-48 
2.89942e+18 4.41193e-73 1.27920e-54 2.20574e-73 6.39538e-55 1.91023e-73 5.53856e-55 1.10287e-73 3.19769e-55 9.86041e-76 2.85895e-57 
3.21764e+18 2.13598e-83 6.87282e-65 1.06788e-83 3.43606e-65 9.24813e-84 2.97572e-65 5.33941e-84 1.71803e-65 4.77379e-86 1.53604e-67 
3.57079e+18 7.37181e-95 2.63232e-76 3.68553e-95 1.31603e-76 3.19177e-95 1.13971e-76 1.84277e-95 6.58013e-77 1.64756e-97 5.88308e-79 
3.96269e+18 1.35730e-107 5.37855e-89 6.78580e-108 2.68900e-89 5.87667e-108 2.32874e-89 3.39290e-108 1.34450e-89 3.03348e-110 1.20207e-91 
4.39760e+18 9.66490e-122 4.25024e-103 4.83196e-122 2.12491e-103 4.18460e-122 1.84022e-103 2.41598e-122 1.06245e-103 2.16005e-124 9.49904e-106 
4.88025e+18 1.86255e-137 9.08971e-119 9.31181e-138 4.54440e-119 8.06426e-138 3.93556e-119 4.65590e-138 2.27220e-119 4.16269e-140 2.03150e-121 
5.41587e+18 6.53668e-155 3.54018e-136 3.26801e-155 1.76991e-136 2.83018e-155 1.53279e-136 1.63400e-155 8.84956e-137 1.46091e-157 7.91210e-139 
6.01028e+18 2.69161e-174 1.61773e-155 1.34567e-174 8.08785e-156 1.16539e-174 7.00429e-156 6.72835e-175 4.04393e-156 6.01560e-177 3.61554e-158 
6.66992e+18 7.98339e-196 5.32486e-177 3.99129e-196 2.66216e-177 3.45656e-196 2.30550e-177 1.99565e-196 1.33108e-177 1.78424e-198 1.19008e-179 
7.40196e+18 9.92518e-220 7.34658e-201 4.96209e-220 3.67292e-201 4.29729e-220 3.18084e-201 2.48104e-220 1.83646e-201 2.21822e-222 1.64192e-203 
8.21434e+18 2.83606e-246 2.32964e-227 1.41789e-246 1.16470e-227 1.22793e-246 1.00866e-227 7.08944e-247 5.82351e-228 6.33844e-249 5.20661e-230 
9.11589e+18 9.56157e-276 8.71622e-257 4.78030e-276 4.35767e-257 4.13986e-276 3.77385e-257 2.39015e-276 2.17883e-257 2.13696e-278 1.94803e-259 
1.01164e+19 -0.00000e+00 -5.97142e-306 0.00000e+00 0.00000e+00 0.00000e+00 0.00000e+00 0.00000e+00 0.00000e+00 0.00000e+00 0.00000e+00 
1.12267e+19 0.00000e+00 0.00000e+00 0.00000e+00 0.00000e+00 0.00000e+00 0.00000e+00 0.00000e+00 0.00000e+00 0.00000e+00 0.00000e+00 
1.24588e+19 0.00000e+00 0.00000e+00 0.00000e+00 0.00000e+00 0.00000e+00 0.00000e+00 0.00000e+00 0.00000e+00 0.00000e+00 0.00000e+00 
1.38262e+19 0.00000e+00 0.00000e+00 0.00000e+00 0.00000e+00 0.00000e+00 0.00000e+00 0.00000e+00 0.00000e+00 0.00000e+00 0.00000e+00 
1.53437e+19 0.00000e+00 0.00000e+00 0.00000e+00 0.00000e+00 0.00000e+00 0.00000e+00 0.00000e+00 0.00000e+00 0.00000e+00 0.00000e+00 
1.70277e+19 0.00000e+00 0.00000e+00 0.00000e+00 0.00000e+00 0.00000e+00 0.00000e+00 0.00000e+00 0.00000e+00 0.00000e+00 0.00000e+00 
1.88965e+19 0.00000e+00 0.00000e+00 0.00000e+00 0.00000e+00 0.00000e+00 0.00000e+00 0.00000e+00 0.00000e+00 0.00000e+00 0.00000e+00 
2.09705e+19 0.00000e+00 0.00000e+00 0.00000e+00 0.00000e+00 0.00000e+00 0.00000e+00 0.00000e+00 0.00000e+00 0.00000e+00 0.00000e+00 
2.32720e+19 0.00000e+00 0.00000e+00 0.00000e+00 0.00000e+00 0.00000e+00 0.00000e+00 0.00000e+00 0.00000e+00 0.00000e+00 0.00000e+00 
2.58262e+19 0.00000e+00 0.00000e+00 0.00000e+00 0.00000e+00 0.00000e+00 0.00000e+00 0.00000e+00 0.00000e+00 0.00000e+00 0.00000e+00 
2.86607e+19 0.00000e+00 0.00000e+00 0.00000e+00 0.00000e+00 0.00000e+00 0.00000e+00 0.00000e+00 0.00000e+00 0.00000e+00 0.00000e+00 
3.18063e+19 0.00000e+00 0.00000e+00 0.00000e+00 0.00000e+00 0.00000e+00 0.00000e+00 0.00000e+00 0.00000e+00 0.00000e+00 0.00000e+00 
3.52971e+19 0.00000e+00 0.00000e+00 0.00000e+00 0.00000e+00 0.00000e+00 0.00000e+00 0.00000e+00 0.00000e+00 0.00000e+00 0.00000e+00 
3.91710e+19 0.00000e+00 0.00000e+00 0.00000e+00 0.00000e+00 0.00000e+00 0.00000e+00 0.00000e+00 0.00000e+00 0.00000e+00 0.00000e+00 
4.34701e+19 0.00000e+00 0.00000e+00 0.00000e+00 0.00000e+00 0.00000e+00 0.00000e+00 0.00000e+00 0.00000e+00 0.00000e+00 0.00000e+00 
4.82411e+19 0.00000e+00 0.00000e+00 0.00000e+00 0.00000e+00 0.00000e+00 0.00000e+00 0.00000e+00 0.00000e+00 0.00000e+00 0.00000e+00 
5.35357e+19 0.00000e+00 0.00000e+00 0.00000e+00 0.00000e+00 0.00000e+00 0.00000e+00 0.00000e+00 0.00000e+00 0.00000e+00 0.00000e+00 
5.94113e+19 0.00000e+00 0.00000e+00 0.00000e+00 0.00000e+00 0.00000e+00 0.00000e+00 0.00000e+00 0.00000e+00 0.00000e+00 0.00000e+00 
6.59319e+19 0.00000e+00 0.00000e+00 0.00000e+00 0.00000e+00 0.00000e+00 0.00000e+00 0.00000e+00 0.00000e+00 0.00000e+00 0.00000e+00 
7.31681e+19 0.00000e+00 0.00000e+00 0.00000e+00 0.00000e+00 0.00000e+00 0.00000e+00 0.00000e+00 0.00000e+00 0.00000e+00 0.00000e+00 
8.11984e+19 0.00000e+00 0.00000e+00 0.00000e+00 0.00000e+00 0.00000e+00 0.00000e+00 0.00000e+00 0.00000e+00 0.00000e+00 0.00000e+00 
9.01102e+19 0.00000e+00 0.00000e+00 0.00000e+00 0.00000e+00 0.00000e+00 0.00000e+00 0.00000e+00 0.00000e+00 0.00000e+00 0.00000e+00 
1.00000e+20 0.00000e+00 0.00000e+00 0.00000e+00 0.00000e+00 0.00000e+00 0.00000e+00 0.00000e+00 0.00000e+00 0.00000e+00 0.00000e+00 
