1.00000e+11 7.48122e+20 7.48122e+31 6.61000e+19 6.61000e+30 1.24914e+20 1.24914e+31 1.92583e+20 1.92583e+31 2.22403e+20 2.22403e+31 
1.10975e+11 9.21341e+20 1.02246e+32 8.14051e+19 9.03395e+30 1.53837e+20 1.70721e+31 2.37174e+20 2.63204e+31 2.73898e+20 3.03959e+31 
1.23155e+11 1.13467e+21 1.39740e+32 1.00254e+20 1.23468e+31 1.89457e+20 2.33325e+31 2.92088e+20 3.59721e+31 3.37316e+20 4.15422e+31 
1.36672e+11 1.39738e+21 1.90983e+32 1.23467e+20 1.68745e+31 2.33323e+20 3.18886e+31 3.59717e+20 4.91631e+31 4.15417e+20 5.67757e+31 
1.51672e+11 1.72093e+21 2.61016e+32 1.52056e+20 2.30625e+31 2.87346e+20 4.35822e+31 4.43004e+20 6.71912e+31 5.11600e+20 7.75952e+31 
1.68318e+11 2.11938e+21 3.56729e+32 1.87263e+20 3.15197e+31 3.53876e+20 5.95638e+31 5.45574e+20 9.18300e+31 6.30052e+20 1.06049e+32 
1.86791e+11 2.61008e+21 4.87540e+32 2.30622e+20 4.30782e+31 4.35811e+20 8.14057e+31 6.71892e+20 1.25504e+32 7.75928e+20 1.44937e+32 
2.07292e+11 3.21439e+21 6.66318e+32 2.84021e+20 5.88753e+31 5.36715e+20 1.11257e+32 8.27454e+20 1.71525e+32 9.55578e+20 1.98084e+32 
2.30043e+11 3.95861e+21 9.10650e+32 3.49783e+20 8.04652e+31 6.60980e+20 1.52054e+32 1.01903e+21 2.34421e+32 1.17682e+21 2.70719e+32 
2.55291e+11 4.87512e+21 1.24457e+33 4.30772e+20 1.09972e+32 8.14015e+20 2.07811e+32 1.25496e+21 3.20380e+32 1.44928e+21 3.69988e+32 
2.83310e+11 6.00381e+21 1.70094e+33 5.30512e+20 1.50299e+32 1.00248e+21 2.84012e+32 1.54551e+21 4.37859e+32 1.78482e+21 5.05656e+32 
3.14404e+11 7.39381e+21 2.32464e+33 6.53345e+20 2.05414e+32 1.23458e+21 3.88155e+32 1.90333e+21 5.98413e+32 2.19803e+21 6.91069e+32 
3.48910e+11 9.10558e+21 3.17703e+33 8.04618e+20 2.80739e+32 1.52040e+21 5.30484e+32 2.34397e+21 8.17836e+32 2.70691e+21 9.44467e+32 
3.87204e+11 1.12136e+22 4.34196e+33 9.90914e+20 3.83686e+32 1.87240e+21 7.25000e+32 2.88663e+21 1.11771e+33 3.33358e+21 1.29077e+33 
4.29700e+11 1.38096e+22 5.93401e+33 1.22034e+21 5.24382e+32 2.30588e+21 9.90838e+32 3.55490e+21 1.52754e+33 4.10532e+21 1.76406e+33 
4.76861e+11 1.70066e+22 8.10978e+33 1.50289e+21 7.16669e+32 2.83971e+21 1.35415e+33 4.37786e+21 2.08763e+33 5.05570e+21 2.41086e+33 
5.29198e+11 2.09435e+22 1.10833e+34 1.85085e+21 9.79465e+32 3.49711e+21 1.85066e+33 5.39132e+21 2.85307e+33 6.22606e+21 3.29482e+33 
5.87279e+11 2.57918e+22 1.51469e+34 2.27937e+21 1.33862e+33 4.30668e+21 2.52922e+33 6.63935e+21 3.89915e+33 7.66731e+21 4.50285e+33 
6.51734e+11 3.17621e+22 2.07004e+34 2.80709e+21 1.82948e+33 5.30363e+21 3.45656e+33 8.17624e+21 5.32873e+33 9.44215e+21 6.15377e+33 
7.23263e+11 3.91143e+22 2.82899e+34 3.45698e+21 2.50031e+33 6.53134e+21 4.72388e+33 1.00688e+22 7.28242e+33 1.16278e+22 8.40993e+33 
8.02643e+11 4.81680e+22 3.86617e+34 4.25733e+21 3.41712e+33 8.04320e+21 6.45582e+33 1.23994e+22 9.95233e+33 1.43192e+22 1.14932e+34 
8.90735e+11 5.93168e+22 5.28356e+34 5.24295e+21 4.67008e+33 9.90495e+21 8.82269e+33 1.52694e+22 1.36010e+34 1.76334e+22 1.57067e+34 
9.88496e+11 7.30456e+22 7.22053e+34 6.45674e+21 6.38246e+33 1.21975e+22 1.20572e+34 1.88035e+22 1.85871e+34 2.17146e+22 2.14648e+34 
1.09699e+12 8.99511e+22 9.86751e+34 7.95149e+21 8.72267e+33 1.50207e+22 1.64775e+34 2.31553e+22 2.54010e+34 2.67400e+22 2.93334e+34 
1.21738e+12 1.10768e+23 1.34847e+35 9.79224e+21 1.19209e+34 1.84970e+22 2.25180e+34 2.85139e+22 3.47124e+34 3.29282e+22 4.00862e+34 
1.35099e+12 1.36401e+23 1.84277e+35 1.20591e+22 1.62917e+34 2.27778e+22 3.07726e+34 3.51123e+22 4.74365e+34 4.05480e+22 5.47801e+34 
1.49927e+12 1.67963e+23 2.51822e+35 1.48506e+22 2.22650e+34 2.80488e+22 4.20527e+34 4.32371e+22 6.48241e+34 4.99304e+22 7.48590e+34 
1.66382e+12 2.06827e+23 3.44121e+35 1.82881e+22 3.04281e+34 3.45393e+22 5.74671e+34 5.32412e+22 8.85836e+34 6.14829e+22 1.02296e+35 
1.84642e+12 2.54678e+23 4.70244e+35 2.25213e+22 4.15839e+34 4.25311e+22 7.85304e+34 6.55590e+22 1.21050e+35 7.57071e+22 1.39787e+35 
2.04907e+12 3.13595e+23 6.42579e+35 2.77341e+22 5.68293e+34 5.23712e+22 1.07312e+35 8.07252e+22 1.65412e+35 9.32205e+22 1.91016e+35 
2.27397e+12 3.86134e+23 8.78055e+35 3.41532e+22 7.76633e+34 6.44869e+22 1.46641e+35 9.93981e+22 2.26028e+35 1.14783e+23 2.61013e+35 
2.52354e+12 4.75443e+23 1.19980e+36 4.20577e+22 1.06134e+35 7.94040e+22 2.00379e+35 1.22388e+23 3.08850e+35 1.41330e+23 3.56652e+35 
2.80050e+12 5.85394e+23 1.63940e+36 5.17910e+22 1.45041e+35 9.77696e+22 2.73804e+35 1.50691e+23 4.22010e+35 1.74013e+23 4.87323e+35 
3.10787e+12 7.20754e+23 2.24001e+36 6.37763e+22 1.98208e+35 1.20380e+23 3.74126e+35 1.85534e+23 5.76616e+35 2.14247e+23 6.65852e+35 
3.44896e+12 8.87388e+23 3.06057e+36 7.85341e+22 2.70861e+35 1.48217e+23 5.11194e+35 2.28428e+23 7.87841e+35 2.63777e+23 9.09758e+35 
3.82749e+12 1.09251e+24 4.18158e+36 9.67056e+22 3.70140e+35 1.82484e+23 6.98458e+35 2.81230e+23 1.07641e+36 3.24747e+23 1.24297e+36 
4.24757e+12 1.34500e+24 5.71300e+36 1.19080e+23 5.05801e+35 2.24668e+23 9.54293e+35 3.46224e+23 1.47061e+36 3.99794e+23 1.69815e+36 
4.71375e+12 1.65578e+24 7.80495e+36 1.46629e+23 6.91171e+35 2.76593e+23 1.30379e+36 4.26223e+23 2.00911e+36 4.92164e+23 2.31994e+36 
5.23110e+12 2.03828e+24 1.06625e+37 1.80547e+23 9.44460e+35 3.40506e+23 1.78122e+36 5.24683e+23 2.74467e+36 6.05849e+23 3.16926e+36 
5.80523e+12 2.50903e+24 1.45655e+37 2.22307e+23 1.29054e+36 4.19169e+23 2.43337e+36 6.45856e+23 3.74934e+36 7.45757e+23 4.32929e+36 
6.44236e+12 3.08832e+24 1.98961e+37 2.73720e+23 1.76341e+36 5.15981e+23 3.32414e+36 7.94970e+23 5.12149e+36 9.17922e+23 5.91359e+36 
7.14943e+12 3.80114e+24 2.71760e+37 3.37015e+23 2.40947e+36 6.35120e+23 4.54074e+36 9.78453e+23 6.99538e+36 1.12976e+24 8.07716e+36 
7.93410e+12 4.67817e+24 3.71171e+37 4.14935e+23 3.29214e+36 7.81721e+23 6.20225e+36 1.20421e+24 9.55428e+36 1.39040e+24 1.10316e+37 
8.80488e+12 5.75714e+24 5.06910e+37 5.10855e+23 4.49801e+36 9.62100e+23 8.47118e+36 1.48193e+24 1.30483e+37 1.71103e+24 1.50655e+37 
9.77124e+12 7.08439e+24 6.92233e+37 6.28926e+23 6.14539e+36 1.18401e+24 1.15693e+37 1.82357e+24 1.78185e+37 2.10543e+24 2.05727e+37 
1.08437e+13 8.71684e+24 9.45224e+37 7.74257e+23 8.39578e+36 1.45700e+24 1.57992e+37 2.24375e+24 2.43305e+37 2.59050e+24 2.80905e+37 
1.20338e+13 1.07244e+25 1.29055e+38 9.53131e+23 1.14698e+37 1.79277e+24 2.15737e+37 2.76048e+24 3.32190e+37 3.18698e+24 3.83515e+37 
1.33545e+13 1.31928e+25 1.76183e+38 1.17327e+24 1.56685e+37 2.20569e+24 2.94560e+37 3.39583e+24 4.53497e+37 3.92037e+24 5.23546e+37 
1.48202e+13 1.62274e+25 2.40493e+38 1.44419e+24 2.14032e+37 2.71343e+24 4.02136e+37 4.17689e+24 6.19024e+37 4.82190e+24 7.14615e+37 
1.64468e+13 1.99572e+25 3.28231e+38 1.77756e+24 2.92351e+37 3.33765e+24 5.48935e+37 5.13689e+24 8.44852e+37 5.92990e+24 9.75277e+37 
1.82518e+13 2.45406e+25 4.47911e+38 2.18774e+24 3.99303e+37 4.10491e+24 7.49222e+37 6.31657e+24 1.15289e+38 7.29136e+24 1.33081e+38 
2.02550e+13 3.01715e+25 6.11125e+38 2.69238e+24 5.45342e+37 5.04781e+24 1.02243e+38 7.76583e+24 1.57297e+38 8.96384e+24 1.81563e+38 
2.24781e+13 3.70876e+25 8.33657e+38 3.31317e+24 7.44736e+37 6.20626e+24 1.39505e+38 9.54581e+24 2.14571e+38 1.10178e+25 2.47659e+38 
2.49451e+13 4.55795e+25 1.13699e+39 4.07673e+24 1.01694e+38 7.62917e+24 1.90310e+38 1.17313e+25 2.92639e+38 1.35395e+25 3.37744e+38 
2.76829e+13 5.60029e+25 1.55032e+39 5.01578e+24 1.38851e+38 9.37641e+24 2.59566e+38 1.44139e+25 3.99017e+38 1.66344e+25 4.60487e+38 
3.07211e+13 6.87924e+25 2.11338e+39 6.17047e+24 1.89564e+38 1.15212e+25 3.53944e+38 1.77052e+25 5.43925e+38 2.04312e+25 6.27670e+38 
3.40929e+13 8.44787e+25 2.88012e+39 7.59008e+24 2.58767e+38 1.41531e+25 4.82518e+38 2.17420e+25 7.41246e+38 2.50873e+25 8.55299e+38 
3.78346e+13 1.03709e+26 3.92380e+39 9.33504e+24 3.53188e+38 1.73813e+25 6.57614e+38 2.66906e+25 1.00983e+39 3.07945e+25 1.16510e+39 
4.19871e+13 1.27273e+26 5.34380e+39 1.14795e+25 4.81990e+38 2.13393e+25 8.95974e+38 3.27540e+25 1.37524e+39 3.77862e+25 1.58653e+39 
4.65953e+13 1.56129e+26 7.27488e+39 1.41142e+25 6.57655e+38 2.61896e+25 1.22031e+39 4.01790e+25 1.87215e+39 4.63467e+25 2.15954e+39 
5.17092e+13 1.91446e+26 9.89951e+39 1.73505e+25 8.97181e+38 3.21302e+25 1.66143e+39 4.92659e+25 2.54750e+39 5.68212e+25 2.93818e+39 
5.73844e+13 2.34639e+26 1.34646e+40 2.13246e+25 1.22370e+39 3.94017e+25 2.26104e+39 6.03788e+25 3.46480e+39 6.96283e+25 3.99558e+39 
6.36825e+13 2.87425e+26 1.83039e+40 2.62030e+25 1.66867e+39 4.82963e+25 3.07563e+39 7.39588e+25 4.70988e+39 8.52750e+25 5.43052e+39 
7.06718e+13 3.51878e+26 2.48678e+40 3.21894e+25 2.27488e+39 5.91682e+25 4.18152e+39 9.05394e+25 6.39858e+39 1.04374e+26 7.37629e+39 
7.84282e+13 4.30503e+26 3.37636e+40 3.95325e+25 3.10046e+39 7.24457e+25 5.68179e+39 1.10764e+26 8.68702e+39 1.27664e+26 1.00124e+40 
8.70359e+13 5.26315e+26 4.58083e+40 4.85358e+25 4.22436e+39 8.86462e+25 7.71541e+39 1.35407e+26 1.17853e+40 1.56032e+26 1.35804e+40 
9.65883e+13 6.42933e+26 6.20998e+40 5.95692e+25 5.75369e+39 1.08393e+26 1.04695e+40 1.65399e+26 1.59756e+40 1.90546e+26 1.84045e+40 
1.07189e+14 7.84690e+26 8.41102e+40 7.30829e+25 7.83369e+39 1.32435e+26 1.41956e+40 2.01852e+26 2.16363e+40 2.32477e+26 2.49190e+40 
1.18953e+14 9.56755e+26 1.13809e+41 8.96244e+25 1.06611e+40 1.61669e+26 1.92311e+40 2.46093e+26 2.92736e+40 2.83344e+26 3.37047e+40 
1.32009e+14 1.16527e+27 1.53826e+41 1.09858e+26 1.45023e+40 1.97167e+26 2.60278e+40 2.99699e+26 3.95629e+40 3.44947e+26 4.55360e+40 
1.46497e+14 1.41751e+27 2.07661e+41 1.34590e+26 1.97171e+40 2.40205e+26 3.51893e+40 3.64534e+26 5.34031e+40 4.19411e+26 6.14426e+40 
1.62576e+14 1.72203e+27 2.79961e+41 1.64794e+26 2.67914e+40 2.92292e+26 4.75195e+40 4.42792e+26 7.19872e+40 5.09236e+26 8.27893e+40 
1.80419e+14 2.08886e+27 3.76870e+41 2.01645e+26 3.63805e+40 3.55212e+26 6.40868e+40 5.37043e+26 9.68926e+40 6.17339e+26 1.11379e+41 
2.00220e+14 2.52967e+27 5.06490e+41 2.46560e+26 4.93662e+40 4.31056e+26 8.63061e+40 6.50273e+26 1.30198e+41 7.47104e+26 1.49585e+41 
2.22195e+14 3.05793e+27 6.79456e+41 3.01238e+26 6.69335e+40 5.22267e+26 1.16045e+41 7.85929e+26 1.74629e+41 9.02430e+26 2.00515e+41 
2.46581e+14 3.68910e+27 9.09663e+41 3.67715e+26 9.06715e+40 6.31674e+26 1.55759e+41 9.47959e+26 2.33749e+41 1.08776e+27 2.68222e+41 
2.73644e+14 4.44073e+27 1.21518e+42 4.48417e+26 1.22707e+41 7.62535e+26 2.08663e+41 1.14084e+27 3.12184e+41 1.30813e+27 3.57963e+41 
3.03677e+14 5.33254e+27 1.61937e+42 5.46228e+26 1.65877e+41 9.18566e+26 2.78947e+41 1.36959e+27 4.15914e+41 1.56915e+27 4.76514e+41 
3.37006e+14 6.38643e+27 2.15227e+42 6.64556e+26 2.23960e+41 1.10397e+27 3.72046e+41 1.63978e+27 5.52616e+41 1.87699e+27 6.32559e+41 
3.73994e+14 7.62640e+27 2.85222e+42 8.07412e+26 3.01967e+41 1.32346e+27 4.94965e+41 1.95748e+27 7.32086e+41 2.23838e+27 8.37141e+41 
4.15040e+14 9.07832e+27 3.76787e+42 9.79481e+26 4.06524e+41 1.58223e+27 6.56690e+41 2.32923e+27 9.66726e+41 2.66047e+27 1.10420e+42 
4.60592e+14 1.07696e+28 4.96041e+42 1.18620e+27 5.46355e+41 1.88598e+27 8.68669e+41 2.76192e+27 1.27212e+42 3.15074e+27 1.45120e+42 
5.11143e+14 1.27289e+28 6.50629e+42 1.43383e+27 7.32892e+41 2.24084e+27 1.14539e+42 3.26266e+27 1.66769e+42 3.71679e+27 1.89981e+42 
5.67243e+14 1.49851e+28 8.50016e+42 1.72949e+27 9.81041e+41 2.65331e+27 1.50507e+42 3.83862e+27 2.17743e+42 4.36620e+27 2.47670e+42 
6.29499e+14 1.75669e+28 1.10584e+43 2.08120e+27 1.31012e+42 3.13018e+27 1.97044e+42 4.49682e+27 2.83074e+42 5.10622e+27 3.21436e+42 
6.98588e+14 2.05023e+28 1.43227e+43 2.49786e+27 1.74498e+42 3.67840e+27 2.56969e+42 5.24393e+27 3.66335e+42 5.94355e+27 4.15210e+42 
7.75260e+14 2.38174e+28 1.84646e+43 2.98915e+27 2.31737e+42 4.30497e+27 3.33747e+42 6.08602e+27 4.71825e+42 6.88410e+27 5.33696e+42 
8.60346e+14 2.75356e+28 2.36901e+43 3.56537e+27 3.06745e+42 5.01670e+27 4.31610e+42 7.02837e+27 6.04683e+42 7.93272e+27 6.82489e+42 
9.54772e+14 3.16773e+28 3.02446e+43 4.23715e+27 4.04551e+42 5.82009e+27 5.55685e+42 8.07523e+27 7.71000e+42 9.09304e+27 8.68178e+42 
1.05956e+15 3.62587e+28 3.84183e+43 5.01501e+27 5.31370e+42 6.72094e+27 7.12124e+42 9.22954e+27 9.77926e+42 1.03672e+28 1.09846e+43 
1.17585e+15 4.12899e+28 4.85508e+43 5.90873e+27 6.94778e+42 7.72399e+27 9.08224e+42 1.04925e+28 1.23376e+43 1.17552e+28 1.38224e+43 
1.30490e+15 4.67727e+28 6.10338e+43 6.92650e+27 9.03840e+42 8.83222e+27 1.15252e+43 1.18630e+28 1.54801e+43 1.32547e+28 1.72961e+43 
1.44812e+15 5.26956e+28 7.63095e+43 8.07377e+27 1.16918e+43 1.00460e+28 1.45477e+43 1.33363e+28 1.93126e+43 1.48592e+28 2.15179e+43 
1.60705e+15 5.90276e+28 9.48604e+43 9.35193e+27 1.50290e+43 1.13615e+28 1.82586e+43 1.49026e+28 2.39493e+43 1.65566e+28 2.66073e+43 
1.78343e+15 6.57088e+28 1.17187e+44 1.07566e+28 1.91837e+43 1.27696e+28 2.27738e+43 1.65447e+28 2.95063e+43 1.83263e+28 3.26837e+43 
1.97917e+15 7.26406e+28 1.43768e+44 1.22761e+28 2.42964e+43 1.42535e+28 2.82100e+43 1.82358e+28 3.60916e+43 2.01369e+28 3.98544e+43 
2.19639e+15 7.96754e+28 1.74998e+44 1.38889e+28 3.05053e+43 1.57869e+28 3.46742e+43 1.99369e+28 4.37890e+43 2.19430e+28 4.81953e+43 
2.43744e+15 8.66093e+28 2.11105e+44 1.55627e+28 3.79332e+43 1.73330e+28 4.22483e+43 2.15955e+28 5.26378e+43 2.36834e+28 5.77269e+43 
2.70496e+15 9.31804e+28 2.52049e+44 1.72528e+28 4.66682e+43 1.88436e+28 5.09712e+43 2.31454e+28 6.26074e+43 2.52811e+28 6.83844e+43 
3.00184e+15 9.90753e+28 2.97408e+44 1.89020e+28 5.67406e+43 2.02599e+28 6.08170e+43 2.45085e+28 7.35705e+43 2.66454e+28 7.99852e+43 
3.33129e+15 1.03944e+29 3.46268e+44 2.04418e+28 6.80976e+43 2.15153e+28 7.16738e+43 2.55992e+28 8.52784e+43 2.76769e+28 9.21999e+43 
3.69691e+15 1.07427e+29 3.97149e+44 2.17963e+28 8.05789e+43 2.25395e+28 8.33267e+43 2.63311e+28 9.73438e+43 2.82752e+28 1.04531e+44 
4.10266e+15 1.09192e+29 4.47977e+44 2.28884e+28 9.39032e+43 2.32658e+28 9.54516e+43 2.66267e+28 1.09240e+44 2.83497e+28 1.16309e+44 
4.55294e+15 1.08978e+29 4.96170e+44 2.36488e+28 1.07672e+44 2.36393e+28 1.07628e+44 2.64281e+28 1.20326e+44 2.78329e+28 1.26721e+44 
5.05263e+15 1.06646e+29 5.38844e+44 2.40275e+28 1.21402e+44 2.36274e+28 1.19381e+44 2.57099e+28 1.29903e+44 2.66933e+28 1.34871e+44 
5.60717e+15 1.02224e+29 5.73190e+44 2.40050e+28 1.34600e+44 2.32289e+28 1.30248e+44 2.44892e+28 1.37315e+44 2.49486e+28 1.39891e+44 
6.22257e+15 9.59366e+28 5.96972e+44 2.36011e+28 1.46859e+44 2.24804e+28 1.39886e+44 2.28322e+28 1.42075e+44 2.26730e+28 1.41084e+44 
6.90551e+15 8.82035e+28 6.09091e+44 2.28778e+28 1.57983e+44 2.14571e+28 1.48172e+44 2.08534e+28 1.44003e+44 1.99968e+28 1.38088e+44 
7.66341e+15 7.96027e+28 6.10028e+44 2.19327e+28 1.68079e+44 2.02644e+28 1.55294e+44 1.87031e+28 1.43330e+44 1.70947e+28 1.31004e+44 
8.50449e+15 7.07888e+28 6.02022e+44 2.08823e+28 1.77593e+44 1.90210e+28 1.61764e+44 1.65469e+28 1.40723e+44 1.41636e+28 1.20454e+44 
9.43788e+15 6.23858e+28 5.88789e+44 1.98376e+28 1.87225e+44 1.78355e+28 1.68329e+44 1.45368e+28 1.37196e+44 1.13925e+28 1.07521e+44 
1.04737e+16 5.48769e+28 5.74764e+44 1.88783e+28 1.97725e+44 1.67827e+28 1.75777e+44 1.27836e+28 1.33892e+44 8.93275e+27 9.35590e+43 
1.16232e+16 4.85234e+28 5.63999e+44 1.80326e+28 2.09597e+44 1.58860e+28 1.84646e+44 1.13382e+28 1.31786e+44 6.87651e+27 7.99272e+43 
1.28989e+16 4.33375e+28 5.59006e+44 1.72718e+28 2.22787e+44 1.51139e+28 1.94952e+44 1.01868e+28 1.31399e+44 5.24905e+27 6.77070e+43 
1.43146e+16 3.91156e+28 5.59923e+44 1.65198e+28 2.36474e+44 1.43904e+28 2.05992e+44 9.26359e+27 1.32605e+44 4.01754e+27 5.75094e+43 
1.58857e+16 3.55217e+28 5.64285e+44 1.56774e+28 2.49045e+44 1.36184e+28 2.16337e+44 8.47424e+27 1.34619e+44 3.11129e+27 4.94248e+43 
1.76291e+16 3.21907e+28 5.67494e+44 1.46519e+28 2.58300e+44 1.27075e+28 2.24023e+44 7.72393e+27 1.36166e+44 2.44591e+27 4.31192e+43 
1.95640e+16 2.88218e+28 5.63869e+44 1.33844e+28 2.61851e+44 1.15988e+28 2.26918e+44 6.94051e+27 1.35784e+44 1.94367e+27 3.80259e+43 
2.17112e+16 2.52411e+28 5.48014e+44 1.18663e+28 2.57632e+44 1.02793e+28 2.23175e+44 6.08761e+27 1.32169e+44 1.54544e+27 3.35533e+43 
2.40940e+16 2.14233e+28 5.16174e+44 1.01438e+28 2.44405e+44 8.78568e+27 2.11682e+44 5.16687e+27 1.24491e+44 1.21374e+27 2.92439e+43 
2.67384e+16 1.74764e+28 4.67291e+44 8.30867e+27 2.22161e+44 7.19577e+27 1.92403e+44 4.21126e+27 1.12602e+44 9.29559e+26 2.48549e+43 
2.96730e+16 1.35982e+28 4.03499e+44 6.48027e+27 1.92289e+44 5.61214e+27 1.66529e+44 3.27286e+27 9.71157e+43 6.86285e+26 2.03642e+43 
3.29297e+16 1.00179e+28 3.29888e+44 4.78158e+27 1.57456e+44 4.14098e+27 1.36361e+44 2.40856e+27 7.93133e+43 4.83471e+26 1.59206e+43 
3.65438e+16 6.93636e+27 2.53481e+44 3.31494e+27 1.21140e+44 2.87082e+27 1.04911e+44 1.66647e+27 6.08992e+43 3.21951e+26 1.17653e+43 
4.05546e+16 4.47927e+27 1.81655e+44 2.14332e+27 8.69217e+43 1.85617e+27 7.52764e+43 1.07586e+27 4.36311e+43 2.00814e+26 8.14395e+42 
4.50056e+16 2.67588e+27 1.20430e+44 1.28211e+27 5.77020e+43 1.11034e+27 4.99714e+43 6.42837e+26 2.89313e+43 1.16242e+26 5.23153e+42 
4.99451e+16 1.46590e+27 7.32145e+43 7.03386e+26 3.51306e+43 6.09150e+26 3.04240e+43 3.52376e+26 1.75994e+43 6.18427e+25 3.08874e+42 
5.54266e+16 7.29428e+26 4.04298e+43 3.50556e+26 1.94301e+43 3.03590e+26 1.68270e+43 1.75511e+26 9.72796e+42 2.99299e+25 1.65892e+42 
6.15099e+16 3.26267e+26 2.00686e+43 1.57064e+26 9.66100e+42 1.36022e+26 8.36667e+42 7.86017e+25 4.83478e+42 1.30320e+25 8.01597e+41 
6.82607e+16 1.29685e+26 8.85238e+42 6.25393e+25 4.26898e+42 5.41607e+25 3.69705e+42 3.12876e+25 2.13572e+42 5.04425e+24 3.44324e+41 
7.57525e+16 4.52273e+25 3.42608e+42 2.18496e+25 1.65516e+42 1.89223e+25 1.43341e+42 1.09287e+25 8.27877e+41 1.71302e+24 1.29766e+41 
8.40665e+16 1.36435e+25 1.14696e+42 6.60316e+24 5.55105e+41 5.71850e+24 4.80735e+41 3.30228e+24 2.77612e+41 5.03040e+23 4.22888e+40 
9.32930e+16 3.50317e+24 3.26821e+41 1.69851e+24 1.58459e+41 1.47096e+24 1.37230e+41 8.49353e+23 7.92388e+40 1.25665e+23 1.17237e+40 
1.03532e+17 7.51448e+23 7.77990e+40 3.64990e+23 3.77882e+40 3.16091e+23 3.27256e+40 1.82503e+23 1.88949e+40 2.62048e+22 2.71304e+39 
1.14895e+17 1.31663e+23 1.51274e+40 6.40639e+22 7.36062e+39 5.54809e+22 6.37449e+39 3.20314e+22 3.68025e+39 4.45729e+21 5.12121e+38 
1.27505e+17 1.82986e+22 2.33316e+39 8.91970e+21 1.13731e+39 7.72468e+21 9.84937e+38 4.45944e+21 5.68602e+38 5.99487e+20 7.64377e+37 
1.41499e+17 1.93018e+21 2.73119e+38 9.42776e+20 1.33402e+38 8.16468e+20 1.15530e+38 4.71282e+20 6.66859e+37 6.06296e+19 8.57903e+36 
1.57029e+17 1.41694e+20 2.22501e+37 6.94182e+19 1.09007e+37 6.01179e+19 9.44026e+36 3.46889e+19 5.44716e+36 4.11727e+18 6.46531e+35 
1.74263e+17 5.39927e+18 9.40894e+35 2.67130e+18 4.65509e+35 2.31341e+18 4.03143e+35 1.33264e+18 2.32230e+35 1.08992e+17 1.89932e+34 
1.93389e+17 -1.66671e+17 -3.22325e+34 -7.77573e+16 -1.50374e+34 -6.73398e+16 -1.30228e+34 -3.92284e+16 -7.58635e+33 -1.24577e+16 -2.40919e+33 
2.14614e+17 -3.93985e+16 -8.45548e+33 -1.89281e+16 -4.06223e+33 -1.63922e+16 -3.51800e+33 -9.49514e+15 -2.03779e+33 -1.90480e+15 -4.08796e+32 
2.38169e+17 -2.72958e+15 -6.50100e+32 -1.31037e+15 -3.12089e+32 -1.13481e+15 -2.70277e+32 -6.57240e+14 -1.56534e+32 -1.34695e+14 -3.20800e+31 
2.64308e+17 -9.32589e+13 -2.46491e+31 -4.41734e+13 -1.16754e+31 -3.82553e+13 -1.01112e+31 -2.21842e+13 -5.86348e+30 -5.81454e+12 -1.53683e+30 
2.93317e+17 2.93162e+11 8.59892e+28 2.17529e+11 6.38047e+28 1.88385e+11 5.52565e+28 1.05553e+11 3.09606e+28 -1.41161e+11 -4.14049e+28 
3.25509e+17 2.79212e+11 9.08860e+28 1.40661e+11 4.57864e+28 1.21816e+11 3.96522e+28 7.02602e+10 2.28703e+28 3.21686e+08 1.04712e+26 
3.61234e+17 2.44839e+10 8.84443e+27 1.22275e+10 4.41700e+27 1.05893e+10 3.82523e+27 6.11278e+09 2.20815e+27 2.43509e+08 8.79639e+25 
4.00881e+17 1.44480e+09 5.79191e+26 7.20630e+08 2.88887e+26 6.24084e+08 2.50183e+26 3.60307e+08 1.44440e+26 1.61962e+07 6.49273e+24 
4.44878e+17 6.10951e+07 2.71799e+25 3.04678e+07 1.35545e+25 2.63859e+07 1.17385e+25 1.52339e+07 6.77721e+24 6.94490e+05 3.08963e+23 
4.93705e+17 1.79294e+06 8.85183e+23 8.94118e+05 4.41430e+23 7.74328e+05 3.82290e+23 4.47059e+05 2.20715e+23 2.03954e+04 1.00693e+22 
5.47890e+17 3.50126e+04 1.91831e+22 1.74604e+04 9.56638e+21 1.51212e+04 8.28473e+21 8.73020e+03 4.78319e+21 3.98004e+02 2.18062e+20 
6.08022e+17 4.34835e+02 2.64389e+20 2.16848e+02 1.31849e+20 1.87796e+02 1.14184e+20 1.08424e+02 6.59243e+19 4.93895e+00 3.00299e+18 
6.74754e+17 3.26774e+00 2.20492e+18 1.62960e+00 1.09958e+18 1.41128e+00 9.52265e+17 8.14801e-01 5.49790e+17 3.70855e-02 2.50236e+16 
7.48810e+17 1.40608e-02 1.05289e+16 7.01208e-03 5.25072e+15 6.07264e-03 4.54725e+15 3.50604e-03 2.62536e+15 1.59446e-04 1.19395e+14 
8.30994e+17 3.25845e-05 2.70775e+13 1.62498e-05 1.35035e+13 1.40727e-05 1.16944e+13 8.12490e-06 6.75175e+12 3.69198e-07 3.06801e+11 
9.22198e+17 3.79999e-08 3.50434e+10 1.89505e-08 1.74761e+10 1.64116e-08 1.51348e+10 9.47526e-09 8.73807e+09 4.30202e-10 3.96731e+08 
1.02341e+18 2.06886e-11 2.11729e+07 1.03174e-11 1.05590e+07 8.93517e-12 9.14435e+06 5.15872e-12 5.27950e+06 2.34022e-13 2.39501e+05 
1.13573e+18 4.83948e-15 5.49636e+03 2.41347e-15 2.74106e+03 2.09013e-15 2.37383e+03 1.20674e-15 1.37053e+03 5.46963e-17 6.21205e+01 
1.26038e+18 4.43657e-19 5.59178e-01 2.21255e-19 2.78866e-01 1.91612e-19 2.41505e-01 1.10627e-19 1.39433e-01 5.01004e-21 6.31456e-03 
1.39871e+18 1.43930e-23 2.01317e-05 7.17791e-24 1.00398e-05 6.21626e-24 8.69476e-06 3.58896e-24 5.01992e-06 1.62401e-25 2.27152e-07 
1.55223e+18 1.47503e-28 2.28958e-10 7.35614e-29 1.14184e-10 6.37060e-29 9.88861e-11 3.67807e-29 5.70919e-11 1.66303e-30 2.58140e-12 
1.72259e+18 4.20775e-34 7.24821e-16 2.09846e-34 3.61477e-16 1.81732e-34 3.13048e-16 1.04923e-34 1.80739e-16 4.74070e-36 8.16626e-18 
1.91164e+18 2.90148e-40 5.54661e-22 1.44701e-40 2.76617e-22 1.25315e-40 2.39557e-22 7.23506e-41 1.38309e-22 3.26697e-42 6.24528e-24 
2.12145e+18 4.13247e-47 8.76683e-29 2.06092e-47 4.37215e-29 1.78481e-47 3.78640e-29 1.03046e-47 2.18608e-29 4.65060e-49 9.86602e-31 
2.35429e+18 1.02043e-54 2.40238e-36 5.08905e-55 1.19811e-36 4.40724e-55 1.03759e-36 2.54452e-55 5.99053e-37 1.14788e-56 2.70245e-38 
2.61268e+18 3.59621e-63 9.39572e-45 1.79349e-63 4.68581e-45 1.55321e-63 4.05803e-45 8.96746e-64 2.34291e-45 4.04400e-65 1.05657e-46 
2.89942e+18 1.45761e-72 4.22624e-54 7.26939e-73 2.10770e-54 6.29547e-73 1.82532e-54 3.63469e-73 1.05385e-54 1.63865e-74 4.75115e-56 
3.21764e+18 5.34879e-83 1.72105e-64 2.66754e-83 8.58320e-65 2.31016e-83 7.43327e-65 1.33377e-83 4.29160e-65 6.01169e-85 1.93435e-66 
3.57079e+18 1.36317e-94 4.86759e-76 6.79839e-95 2.42756e-76 5.88758e-95 2.10233e-76 3.39920e-95 1.21378e-76 1.53178e-96 5.46967e-78 
3.96269e+18 1.79873e-107 7.12781e-89 8.97063e-108 3.55478e-89 7.76880e-108 3.07853e-89 4.48532e-108 1.77739e-89 2.02080e-109 8.00781e-91 
4.39760e+18 8.87450e-122 3.90265e-103 4.42589e-122 1.94633e-103 3.83294e-122 1.68557e-103 2.21295e-122 9.73166e-104 9.96806e-124 4.38356e-105 
4.88025e+18 1.14122e-137 5.56944e-119 5.69151e-138 2.77760e-119 4.92899e-138 2.40547e-119 2.84575e-138 1.38880e-119 1.28157e-139 6.25438e-121 
5.41587e+18 2.56361e-155 1.38842e-136 1.27853e-155 6.92435e-137 1.10724e-155 5.99666e-137 6.39264e-156 3.46217e-137 2.87824e-157 1.55882e-138 
6.01028e+18 6.45370e-175 3.87885e-156 3.21861e-175 1.93447e-156 2.78739e-175 1.67530e-156 1.60930e-175 9.67235e-157 7.24402e-177 4.35386e-158 
6.66992e+18 1.11263e-196 7.42115e-178 5.54894e-197 3.70110e-178 4.80552e-197 3.20524e-178 2.77447e-197 1.85055e-178 1.24857e-198 8.32787e-180 
7.40196e+18 7.60573e-221 5.62973e-202 3.79316e-221 2.80768e-202 3.28497e-221 2.43152e-202 1.89658e-221 1.40384e-202 8.53283e-223 6.31597e-204 
8.21434e+18 1.12410e-247 9.23378e-229 5.60618e-248 4.60511e-229 4.85510e-248 3.98814e-229 2.80309e-248 2.30255e-229 1.26080e-249 1.03567e-230 
9.11589e+18 1.83257e-277 1.67055e-258 9.13946e-278 8.33143e-259 7.91500e-278 7.21523e-259 4.56973e-278 4.16571e-259 2.05489e-279 1.87322e-260 
1.01164e+19 -3.49673e-313 -3.53743e-294 -1.74597e-313 -1.76629e-294 -1.51205e-313 -1.52965e-294 -8.72983e-314 -8.83143e-295 -2.87768e-315 -2.91117e-296 
1.12267e+19 0.00000e+00 0.00000e+00 0.00000e+00 0.00000e+00 0.00000e+00 0.00000e+00 0.00000e+00 0.00000e+00 0.00000e+00 0.00000e+00 
1.24588e+19 0.00000e+00 0.00000e+00 0.00000e+00 0.00000e+00 0.00000e+00 0.00000e+00 0.00000e+00 0.00000e+00 0.00000e+00 0.00000e+00 
1.38262e+19 0.00000e+00 0.00000e+00 0.00000e+00 0.00000e+00 0.00000e+00 0.00000e+00 0.00000e+00 0.00000e+00 0.00000e+00 0.00000e+00 
1.53437e+19 0.00000e+00 0.00000e+00 0.00000e+00 0.00000e+00 0.00000e+00 0.00000e+00 0.00000e+00 0.00000e+00 0.00000e+00 0.00000e+00 
1.70277e+19 0.00000e+00 0.00000e+00 0.00000e+00 0.00000e+00 0.00000e+00 0.00000e+00 0.00000e+00 0.00000e+00 0.00000e+00 0.00000e+00 
1.88965e+19 0.00000e+00 0.00000e+00 0.00000e+00 0.00000e+00 0.00000e+00 0.00000e+00 0.00000e+00 0.00000e+00 0.00000e+00 0.00000e+00 
2.09705e+19 0.00000e+00 0.00000e+00 0.00000e+00 0.00000e+00 0.00000e+00 0.00000e+00 0.00000e+00 0.00000e+00 0.00000e+00 0.00000e+00 
2.32720e+19 0.00000e+00 0.00000e+00 0.00000e+00 0.00000e+00 0.00000e+00 0.00000e+00 0.00000e+00 0.00000e+00 0.00000e+00 0.00000e+00 
2.58262e+19 0.00000e+00 0.00000e+00 0.00000e+00 0.00000e+00 0.00000e+00 0.00000e+00 0.00000e+00 0.00000e+00 0.00000e+00 0.00000e+00 
2.86607e+19 0.00000e+00 0.00000e+00 0.00000e+00 0.00000e+00 0.00000e+00 0.00000e+00 0.00000e+00 0.00000e+00 0.00000e+00 0.00000e+00 
3.18063e+19 0.00000e+00 0.00000e+00 0.00000e+00 0.00000e+00 0.00000e+00 0.00000e+00 0.00000e+00 0.00000e+00 0.00000e+00 0.00000e+00 
3.52971e+19 0.00000e+00 0.00000e+00 0.00000e+00 0.00000e+00 0.00000e+00 0.00000e+00 0.00000e+00 0.00000e+00 0.00000e+00 0.00000e+00 
3.91710e+19 0.00000e+00 0.00000e+00 0.00000e+00 0.00000e+00 0.00000e+00 0.00000e+00 0.00000e+00 0.00000e+00 0.00000e+00 0.00000e+00 
4.34701e+19 0.00000e+00 0.00000e+00 0.00000e+00 0.00000e+00 0.00000e+00 0.00000e+00 0.00000e+00 0.00000e+00 0.00000e+00 0.00000e+00 
4.82411e+19 0.00000e+00 0.00000e+00 0.00000e+00 0.00000e+00 0.00000e+00 0.00000e+00 0.00000e+00 0.00000e+00 0.00000e+00 0.00000e+00 
5.35357e+19 0.00000e+00 0.00000e+00 0.00000e+00 0.00000e+00 0.00000e+00 0.00000e+00 0.00000e+00 0.00000e+00 0.00000e+00 0.00000e+00 
5.94113e+19 0.00000e+00 0.00000e+00 0.00000e+00 0.00000e+00 0.00000e+00 0.00000e+00 0.00000e+00 0.00000e+00 0.00000e+00 0.00000e+00 
6.59319e+19 0.00000e+00 0.00000e+00 0.00000e+00 0.00000e+00 0.00000e+00 0.00000e+00 0.00000e+00 0.00000e+00 0.00000e+00 0.00000e+00 
7.31681e+19 0.00000e+00 0.00000e+00 0.00000e+00 0.00000e+00 0.00000e+00 0.00000e+00 0.00000e+00 0.00000e+00 0.00000e+00 0.00000e+00 
8.11984e+19 0.00000e+00 0.00000e+00 0.00000e+00 0.00000e+00 0.00000e+00 0.00000e+00 0.00000e+00 0.00000e+00 0.00000e+00 0.00000e+00 
9.01102e+19 0.00000e+00 0.00000e+00 0.00000e+00 0.00000e+00 0.00000e+00 0.00000e+00 0.00000e+00 0.00000e+00 0.00000e+00 0.00000e+00 
1.00000e+20 0.00000e+00 0.00000e+00 0.00000e+00 0.00000e+00 0.00000e+00 0.00000e+00 0.00000e+00 0.00000e+00 0.00000e+00 0.00000e+00 
