1.00000e+11 8.14477e+20 8.14477e+31 7.63659e+19 7.63659e+30 1.42764e+20 1.42764e+31 2.17295e+20 2.17295e+31 2.44906e+20 2.44906e+31 
1.10975e+11 1.00306e+21 1.11315e+32 9.40481e+19 1.04370e+31 1.75819e+20 1.95116e+31 2.67607e+20 2.96978e+31 3.01612e+20 3.34714e+31 
1.23155e+11 1.23531e+21 1.52135e+32 1.15824e+20 1.42644e+31 2.16528e+20 2.66666e+31 3.29569e+20 4.05881e+31 3.71446e+20 4.57455e+31 
1.36672e+11 1.52133e+21 2.07923e+32 1.42643e+20 1.94952e+31 2.66663e+20 3.64453e+31 4.05877e+20 5.54718e+31 4.57450e+20 6.25205e+31 
1.51672e+11 1.87357e+21 2.84168e+32 1.75671e+20 2.66443e+31 3.28406e+20 4.98099e+31 4.99852e+20 7.58134e+31 5.63366e+20 8.54467e+31 
1.68318e+11 2.30737e+21 3.88372e+32 2.16346e+20 3.64150e+31 4.04444e+20 6.80752e+31 6.15585e+20 1.03614e+32 6.93805e+20 1.16780e+32 
1.86791e+11 2.84160e+21 5.30787e+32 2.66439e+20 4.97686e+31 4.98087e+20 9.30384e+31 7.58113e+20 1.41609e+32 8.54444e+20 1.59603e+32 
2.07292e+11 3.49952e+21 7.25424e+32 3.28131e+20 6.80190e+31 6.13411e+20 1.27155e+32 9.33640e+20 1.93536e+32 1.05227e+21 2.18128e+32 
2.30043e+11 4.30976e+21 9.91431e+32 4.04106e+20 9.29618e+31 7.55435e+20 1.73783e+32 1.14981e+21 2.64505e+32 1.29590e+21 2.98114e+32 
2.55291e+11 5.30759e+21 1.35498e+33 4.97672e+20 1.27051e+32 9.30340e+20 2.37507e+32 1.41602e+21 3.61496e+32 1.59594e+21 4.07429e+32 
2.83310e+11 6.53642e+21 1.85183e+33 6.12902e+20 1.73641e+32 1.14574e+21 3.24599e+32 1.74386e+21 4.94052e+32 1.96544e+21 5.56828e+32 
3.14404e+11 8.04974e+21 2.53087e+33 7.54811e+20 2.37315e+32 1.41101e+21 4.43625e+32 2.14760e+21 6.75213e+32 2.42048e+21 7.61007e+32 
3.48910e+11 9.91341e+21 3.45889e+33 9.29575e+20 3.24338e+32 1.73768e+21 6.06296e+32 2.64481e+21 9.22800e+32 2.98086e+21 1.04005e+33 
3.87204e+11 1.22085e+22 4.72718e+33 1.14480e+21 4.43272e+32 2.13999e+21 8.28613e+32 3.25712e+21 1.26117e+33 3.67097e+21 1.42141e+33 
4.29700e+11 1.50349e+22 6.46050e+33 1.40986e+21 6.05817e+32 2.63543e+21 1.13245e+33 4.01118e+21 1.72360e+33 4.52083e+21 1.94260e+33 
4.76861e+11 1.85156e+22 8.82935e+33 1.73628e+21 8.27964e+32 3.24556e+21 1.54768e+33 4.93979e+21 2.35559e+33 5.56743e+21 2.65489e+33 
5.29198e+11 2.28019e+22 1.20667e+34 2.13827e+21 1.13157e+33 3.99693e+21 2.11517e+33 6.08336e+21 3.21930e+33 6.85629e+21 3.62833e+33 
5.87279e+11 2.80805e+22 1.64911e+34 2.63333e+21 1.54650e+33 4.92223e+21 2.89072e+33 7.49163e+21 4.39968e+33 8.44348e+21 4.95867e+33 
6.51734e+11 3.45808e+22 2.25375e+34 3.24300e+21 2.11357e+33 6.06171e+21 3.95062e+33 9.22587e+21 6.01281e+33 1.03980e+22 6.77676e+33 
7.23263e+11 4.25857e+22 3.08007e+34 3.99380e+21 2.88857e+33 7.46494e+21 5.39912e+33 1.13615e+22 8.21736e+33 1.28050e+22 9.26138e+33 
8.02643e+11 5.24433e+22 4.20932e+34 4.91842e+21 3.94774e+33 9.19296e+21 7.37866e+33 1.39914e+22 1.12301e+34 1.57690e+22 1.26569e+34 
8.90735e+11 6.45822e+22 5.75256e+34 6.05707e+21 5.39525e+33 1.13209e+22 1.00839e+34 1.72300e+22 1.53474e+34 1.94190e+22 1.72972e+34 
9.88496e+11 7.95302e+22 7.86153e+34 7.45931e+21 7.37349e+33 1.39413e+22 1.37810e+34 2.12180e+22 2.09739e+34 2.39136e+22 2.36385e+34 
1.09699e+12 9.79374e+22 1.07436e+35 9.18612e+21 1.00770e+34 1.71682e+22 1.88333e+34 2.61289e+22 2.86631e+34 2.94483e+22 3.23044e+34 
1.21738e+12 1.20604e+23 1.46821e+35 1.13126e+22 1.37718e+34 2.11418e+22 2.57376e+34 3.21761e+22 3.91707e+34 3.62637e+22 4.41467e+34 
1.35099e+12 1.48514e+23 2.00642e+35 1.39314e+22 1.88212e+34 2.60348e+22 3.51729e+34 3.96225e+22 5.35298e+34 4.46558e+22 6.03297e+34 
1.49927e+12 1.82882e+23 2.74189e+35 1.71562e+22 2.57217e+34 3.20600e+22 4.80665e+34 4.87916e+22 7.31517e+34 5.49895e+22 8.24440e+34 
1.66382e+12 2.25200e+23 3.74692e+35 2.11274e+22 3.51520e+34 3.94790e+22 6.56859e+34 6.00818e+22 9.99651e+34 6.77136e+22 1.12663e+35 
1.84642e+12 2.77306e+23 5.12026e+35 2.60175e+22 4.80394e+34 4.86144e+22 8.97629e+34 7.39835e+22 1.36605e+35 8.33807e+22 1.53956e+35 
2.04907e+12 3.41464e+23 6.99685e+35 3.20394e+22 6.56511e+34 5.98629e+22 1.22663e+35 9.11004e+22 1.86671e+35 1.02671e+23 2.10381e+35 
2.27397e+12 4.20457e+23 9.56106e+35 3.94547e+22 8.97185e+34 7.37129e+22 1.67621e+35 1.12175e+23 2.55083e+35 1.26422e+23 2.87480e+35 
2.52354e+12 5.17715e+23 1.30648e+36 4.85857e+22 1.22608e+35 9.07657e+22 2.29051e+35 1.38124e+23 3.48560e+35 1.55665e+23 3.92826e+35 
2.80050e+12 6.37457e+23 1.78520e+36 5.98292e+22 1.67552e+35 1.11762e+23 3.12989e+35 1.70070e+23 4.76282e+35 1.91667e+23 5.36765e+35 
3.10787e+12 7.84876e+23 2.43929e+36 7.36739e+22 2.28968e+35 1.37611e+23 4.27677e+35 2.09401e+23 6.50791e+35 2.35991e+23 7.33428e+35 
3.44896e+12 9.66361e+23 3.33294e+36 9.07210e+22 3.12893e+35 1.69436e+23 5.84378e+35 2.57821e+23 8.89215e+35 2.90557e+23 1.00212e+36 
3.82749e+12 1.18978e+24 4.55386e+36 1.11711e+23 4.27573e+35 2.08615e+23 7.98473e+35 3.17428e+23 1.21495e+36 3.57728e+23 1.36920e+36 
4.24757e+12 1.46480e+24 6.22183e+36 1.37555e+23 5.84275e+35 2.56847e+23 1.09097e+36 3.90804e+23 1.65997e+36 4.40415e+23 1.87069e+36 
4.71375e+12 1.80333e+24 8.50044e+36 1.69375e+23 7.98393e+35 3.16220e+23 1.49058e+36 4.81124e+23 2.26790e+36 5.42194e+23 2.55577e+36 
5.23110e+12 2.22001e+24 1.16131e+37 2.08552e+23 1.09096e+36 3.89303e+23 2.03648e+36 5.92295e+23 3.09835e+36 6.67467e+23 3.49159e+36 
5.80523e+12 2.73285e+24 1.58648e+37 2.56784e+23 1.49069e+36 4.79260e+23 2.78221e+36 7.29122e+23 4.23272e+36 8.21648e+23 4.76985e+36 
6.44236e+12 3.36399e+24 2.16721e+37 3.16164e+23 2.03684e+36 5.89977e+23 3.80084e+36 8.97514e+23 5.78211e+36 1.01139e+24 6.51576e+36 
7.14943e+12 4.14068e+24 2.96035e+37 3.89265e+23 2.78302e+36 7.26237e+23 5.19218e+36 1.10474e+24 7.89825e+36 1.24489e+24 8.90023e+36 
7.93410e+12 5.09638e+24 4.04352e+37 4.79252e+23 3.80243e+36 8.93920e+23 7.09245e+36 1.35973e+24 1.07882e+37 1.53219e+24 1.21566e+37 
8.80488e+12 6.27226e+24 5.52265e+37 5.90022e+23 5.19507e+36 1.10026e+24 9.68763e+36 1.67346e+24 1.47347e+37 1.88568e+24 1.66032e+37 
9.77124e+12 7.71887e+24 7.54230e+37 7.26367e+23 7.09751e+36 1.35413e+24 1.32315e+37 2.05944e+24 2.01233e+37 2.32054e+24 2.26746e+37 
1.08437e+13 9.49835e+24 1.02997e+38 8.94182e+23 9.69621e+36 1.66646e+24 1.80706e+37 2.53423e+24 2.74803e+37 2.85545e+24 3.09635e+37 
1.20338e+13 1.16870e+25 1.40639e+38 1.10072e+24 1.32458e+37 2.05067e+24 2.46774e+37 3.11820e+24 3.75237e+37 3.51333e+24 4.22786e+37 
1.33545e+13 1.43786e+25 1.92019e+38 1.35489e+24 1.80939e+37 2.52324e+24 3.36967e+37 3.83636e+24 5.12327e+37 4.32234e+24 5.77227e+37 
1.48202e+13 1.76880e+25 2.62140e+38 1.66766e+24 2.47150e+37 3.10440e+24 4.60079e+37 4.71939e+24 6.99423e+37 5.31703e+24 7.87995e+37 
1.64468e+13 2.17564e+25 3.57823e+38 2.05250e+24 3.37569e+37 3.81900e+24 6.28102e+37 5.80496e+24 9.54728e+37 6.53979e+24 1.07558e+38 
1.82518e+13 2.67570e+25 4.88365e+38 2.52597e+24 4.61035e+37 4.69752e+24 8.57383e+37 7.13927e+24 1.30305e+38 8.04262e+24 1.46793e+38 
2.02550e+13 3.29019e+25 6.66429e+38 3.10842e+24 6.29610e+37 5.77735e+24 1.17020e+38 8.77894e+24 1.77818e+38 9.88925e+24 2.00307e+38 
2.24781e+13 4.04512e+25 9.09264e+38 3.82484e+24 8.59749e+37 7.10434e+24 1.59692e+38 1.07934e+25 2.42614e+38 1.21578e+25 2.73283e+38 
2.49451e+13 4.97233e+25 1.24035e+39 4.70593e+24 1.17390e+38 8.73467e+24 2.17887e+38 1.32676e+25 3.30961e+38 1.49438e+25 3.72773e+38 
2.76829e+13 6.11079e+25 1.69164e+39 5.78937e+24 1.60266e+38 1.07372e+25 2.97235e+38 1.63056e+25 4.51386e+38 1.83642e+25 5.08375e+38 
3.07211e+13 7.50818e+25 2.30660e+39 7.12142e+24 2.18778e+38 1.31960e+25 4.05397e+38 2.00346e+25 6.15487e+38 2.25623e+25 6.93139e+38 
3.40929e+13 9.22274e+25 3.14430e+39 8.75880e+24 2.98612e+38 1.62143e+25 5.52791e+38 2.46102e+25 8.39033e+38 2.77127e+25 9.44804e+38 
3.78346e+13 1.13256e+26 4.28500e+39 1.07711e+25 4.07520e+38 1.99179e+25 7.53586e+38 3.02222e+25 1.14345e+39 3.40288e+25 1.28747e+39 
4.19871e+13 1.39035e+26 5.83769e+39 1.32435e+25 5.56057e+38 2.44606e+25 1.02703e+39 3.71023e+25 1.55781e+39 4.17708e+25 1.75383e+39 
4.65953e+13 1.70622e+26 7.95020e+39 1.62806e+25 7.58598e+38 3.00300e+25 1.39926e+39 4.55326e+25 2.12160e+39 5.12556e+25 2.38827e+39 
5.17092e+13 2.09304e+26 1.08229e+40 2.00101e+25 1.03471e+39 3.68548e+25 1.90573e+39 5.58568e+25 2.88831e+39 6.28689e+25 3.25090e+39 
5.73844e+13 2.56643e+26 1.47273e+40 2.45886e+25 1.41100e+39 4.52133e+25 2.59454e+39 6.84924e+25 3.93040e+39 7.70791e+25 4.42314e+39 
6.36825e+13 3.14538e+26 2.00305e+40 3.02072e+25 1.92367e+39 5.54438e+25 3.53080e+39 8.39462e+25 5.34591e+39 9.44544e+25 6.01509e+39 
7.06718e+13 3.85286e+26 2.72289e+40 3.70996e+25 2.62189e+39 6.79572e+25 4.80266e+39 1.02832e+26 7.26733e+39 1.15683e+26 8.17551e+39 
7.84282e+13 4.71667e+26 3.69920e+40 4.55507e+25 3.57246e+39 8.32510e+25 6.52922e+39 1.25893e+26 9.87353e+39 1.41595e+26 1.11051e+40 
8.70359e+13 5.77033e+26 5.02226e+40 5.59080e+25 4.86601e+39 1.01927e+26 8.87133e+39 1.54023e+26 1.34056e+40 1.73195e+26 1.50742e+40 
9.65883e+13 7.05419e+26 6.81353e+40 6.85947e+25 6.62545e+39 1.24713e+26 1.20458e+40 1.88303e+26 1.81878e+40 2.11686e+26 2.04464e+40 
1.07189e+14 8.61669e+26 9.23615e+40 8.41252e+25 9.01731e+39 1.52482e+26 1.63444e+40 2.30025e+26 2.46562e+40 2.58516e+26 2.77101e+40 
1.18953e+14 1.05157e+27 1.25088e+41 1.03124e+26 1.22670e+40 1.86287e+26 2.21595e+40 2.80739e+26 3.33949e+40 3.15410e+26 3.75191e+40 
1.32009e+14 1.28205e+27 1.69241e+41 1.26349e+26 1.66791e+40 2.27385e+26 3.00168e+40 3.42293e+26 4.51857e+40 3.84429e+26 5.07480e+40 
1.46497e+14 1.56129e+27 2.28724e+41 1.54715e+26 2.26653e+40 2.77277e+26 4.06203e+40 4.16880e+26 6.10717e+40 4.68012e+26 6.85624e+40 
1.62576e+14 1.89899e+27 3.08730e+41 1.89328e+26 3.07802e+40 3.37749e+26 5.49097e+40 5.07095e+26 8.24413e+40 5.69040e+26 9.25121e+40 
1.80419e+14 2.30658e+27 4.16149e+41 2.31522e+26 4.17708e+40 4.10913e+26 7.41364e+40 6.15992e+26 1.11136e+41 6.90898e+26 1.24651e+41 
2.00220e+14 2.79737e+27 5.60089e+41 2.82894e+26 5.66411e+40 4.99258e+26 9.99614e+40 7.47140e+26 1.49592e+41 8.37532e+26 1.67691e+41 
2.22195e+14 3.38685e+27 7.52540e+41 3.45363e+26 7.67378e+40 6.05697e+26 1.34583e+41 9.04687e+26 2.01017e+41 1.01352e+27 2.25198e+41 
2.46581e+14 4.09287e+27 1.00923e+42 4.21213e+26 1.03863e+41 7.33622e+26 1.80897e+41 1.09341e+27 2.69615e+41 1.22410e+27 3.01841e+41 
2.73644e+14 4.93581e+27 1.35065e+42 5.13161e+26 1.40424e+41 8.86951e+26 2.42709e+41 1.31878e+27 3.60877e+41 1.47528e+27 4.03701e+41 
3.03677e+14 5.93868e+27 1.80344e+42 6.24423e+26 1.89623e+41 1.07017e+27 3.24987e+41 1.58697e+27 4.81926e+41 1.77377e+27 5.38654e+41 
3.37006e+14 7.12719e+27 2.40191e+42 7.58780e+26 2.55714e+41 1.28838e+27 4.34192e+41 1.90486e+27 6.41951e+41 2.12706e+27 7.16832e+41 
3.73994e+14 8.52960e+27 3.19002e+42 9.20657e+26 3.44320e+41 1.54728e+27 5.78674e+41 2.28006e+27 8.52727e+41 2.54331e+27 9.51180e+41 
4.15040e+14 1.01765e+28 4.22365e+42 1.11519e+27 4.62849e+41 1.85321e+27 7.69156e+41 2.72076e+27 1.12922e+42 3.03129e+27 1.25811e+42 
4.60592e+14 1.21002e+28 5.57325e+42 1.34830e+27 6.21015e+41 2.21305e+27 1.01931e+42 3.23565e+27 1.49032e+42 3.60018e+27 1.65822e+42 
5.11143e+14 1.43341e+28 7.32678e+42 1.62672e+27 8.31486e+41 2.63419e+27 1.34645e+42 3.83371e+27 1.95957e+42 4.25934e+27 2.17713e+42 
5.67243e+14 1.69115e+28 9.59295e+42 1.95806e+27 1.11069e+42 3.12435e+27 1.77226e+42 4.52385e+27 2.56612e+42 5.01789e+27 2.84636e+42 
6.29499e+14 1.98644e+28 1.25046e+43 2.35074e+27 1.47979e+42 3.69139e+27 2.32373e+42 5.31462e+27 3.34555e+42 5.88435e+27 3.70419e+42 
6.98588e+14 2.32212e+28 1.62221e+43 2.81399e+27 1.96582e+42 4.34305e+27 3.03401e+42 6.21361e+27 4.34076e+42 6.86596e+27 4.79648e+42 
7.75260e+14 2.70055e+28 2.09363e+43 3.35760e+27 2.60301e+42 5.08657e+27 3.94341e+42 7.22698e+27 5.60278e+42 7.96814e+27 6.17738e+42 
8.60346e+14 3.12329e+28 2.68711e+43 3.99172e+27 3.43427e+42 5.92825e+27 5.10035e+42 8.35869e+27 7.19137e+42 9.19370e+27 7.90977e+42 
9.54772e+14 3.59093e+28 3.42852e+43 4.72647e+27 4.51270e+42 6.87295e+27 6.56210e+42 9.60987e+27 9.17523e+42 1.05421e+28 1.00653e+43 
1.05956e+15 4.10279e+28 4.34715e+43 5.57127e+27 5.90310e+42 7.92349e+27 8.39542e+42 1.09780e+28 1.16319e+43 1.20088e+28 1.27241e+43 
1.17585e+15 4.65664e+28 5.47551e+43 6.53416e+27 7.68319e+42 9.07991e+27 1.06766e+43 1.24562e+28 1.46466e+43 1.35842e+28 1.59730e+43 
1.30490e+15 5.24846e+28 6.84873e+43 7.62074e+27 9.94431e+42 1.03387e+28 1.34909e+43 1.40322e+28 1.83106e+43 1.52531e+28 1.99038e+43 
1.44812e+15 5.87206e+28 8.50344e+43 8.83291e+27 1.27911e+43 1.16917e+28 1.69310e+43 1.56874e+28 2.27172e+43 1.69937e+28 2.46088e+43 
1.60705e+15 6.51870e+28 1.04759e+44 1.01675e+28 1.63397e+43 1.31254e+28 2.10933e+43 1.73961e+28 2.79564e+43 1.87764e+28 3.01746e+43 
1.78343e+15 7.17668e+28 1.27991e+44 1.16147e+28 2.07140e+43 1.46195e+28 2.60729e+43 1.91240e+28 3.41063e+43 2.05630e+28 3.66727e+43 
1.97917e+15 7.83094e+28 1.54987e+44 1.31565e+28 2.60389e+43 1.61459e+28 3.19554e+43 2.08275e+28 4.12211e+43 2.23056e+28 4.41465e+43 
2.19639e+15 8.46277e+28 1.85875e+44 1.47653e+28 3.24303e+43 1.76680e+28 3.88058e+43 2.24531e+28 4.93156e+43 2.39458e+28 5.25942e+43 
2.43744e+15 9.04990e+28 2.20586e+44 1.64033e+28 3.99821e+43 1.91410e+28 4.66550e+43 2.39380e+28 5.83475e+43 2.54156e+28 6.19492e+43 
2.70496e+15 9.56715e+28 2.58788e+44 1.80223e+28 4.87497e+43 2.05125e+28 5.54854e+43 2.52125e+28 6.81988e+43 2.66396e+28 7.20590e+43 
3.00184e+15 9.98784e+28 2.99818e+44 1.95651e+28 5.87314e+43 2.17254e+28 6.52161e+43 2.62040e+28 7.86602e+43 2.75393e+28 8.26684e+43 
3.33129e+15 1.02859e+29 3.42653e+44 2.09682e+28 6.98514e+43 2.27219e+28 7.56935e+43 2.68436e+28 8.94239e+43 2.80401e+28 9.34100e+43 
3.69691e+15 1.04386e+29 3.85907e+44 2.21663e+28 8.19469e+43 2.34489e+28 8.66887e+43 2.70737e+28 1.00089e+44 2.80799e+28 1.03809e+44 
4.10266e+15 1.04298e+29 4.27899e+44 2.30982e+28 9.47639e+43 2.38641e+28 9.79063e+43 2.68569e+28 1.10185e+44 2.76176e+28 1.13306e+44 
4.55294e+15 1.02525e+29 4.66788e+44 2.37139e+28 1.07968e+44 2.39421e+28 1.09007e+44 2.61831e+28 1.19210e+44 2.66417e+28 1.21298e+44 
5.05263e+15 9.91085e+28 5.00759e+44 2.39820e+28 1.21172e+44 2.36792e+28 1.19642e+44 2.50745e+28 1.26692e+44 2.51753e+28 1.27201e+44 
5.60717e+15 9.42142e+28 5.28275e+44 2.38954e+28 1.33985e+44 2.30966e+28 1.29507e+44 2.35871e+28 1.32257e+44 2.32777e+28 1.30522e+44 
6.22257e+15 8.81197e+28 5.48331e+44 2.34745e+28 1.46072e+44 2.22396e+28 1.38388e+44 2.18069e+28 1.35695e+44 2.10412e+28 1.30931e+44 
6.90551e+15 8.11940e+28 5.60686e+44 2.27678e+28 1.57223e+44 2.11746e+28 1.46222e+44 1.98422e+28 1.37021e+44 1.85828e+28 1.28323e+44 
7.66341e+15 7.38586e+28 5.66009e+44 2.18468e+28 1.67421e+44 1.99824e+28 1.53133e+44 1.78120e+28 1.36501e+44 1.60322e+28 1.22861e+44 
8.50449e+15 6.65410e+28 5.65897e+44 2.07986e+28 1.76882e+44 1.87495e+28 1.59455e+44 1.58323e+28 1.34646e+44 1.35182e+28 1.14965e+44 
9.43788e+15 5.96250e+28 5.62734e+44 1.97146e+28 1.86064e+44 1.75580e+28 1.65710e+44 1.40033e+28 1.32162e+44 1.11546e+28 1.05276e+44 
1.04737e+16 5.34074e+28 5.59374e+44 1.86779e+28 1.95627e+44 1.64756e+28 1.72561e+44 1.23986e+28 1.29860e+44 9.02948e+27 9.45722e+43 
1.16232e+16 4.80678e+28 5.58703e+44 1.77506e+28 2.06320e+44 1.55465e+28 1.80701e+44 1.10587e+28 1.28537e+44 7.19808e+27 8.36649e+43 
1.28989e+16 4.36558e+28 5.63112e+44 1.69637e+28 2.18813e+44 1.47848e+28 1.90708e+44 9.98855e+27 1.28841e+44 5.68200e+27 7.32916e+43 
1.43146e+16 4.00979e+28 5.73985e+44 1.63104e+28 2.33477e+44 1.41720e+28 2.02867e+44 9.16114e+27 1.31138e+44 4.47248e+27 6.40217e+43 
1.58857e+16 3.72214e+28 5.91286e+44 1.57478e+28 2.50163e+44 1.36593e+28 2.16987e+44 8.52377e+27 1.35406e+44 3.53757e+27 5.61966e+43 
1.76291e+16 3.47915e+28 6.13344e+44 1.52044e+28 2.68041e+44 1.31763e+28 2.32286e+44 8.00844e+27 1.41182e+44 2.83103e+27 4.99087e+43 
1.95640e+16 3.25549e+28 6.36904e+44 1.45965e+28 2.85565e+44 1.26442e+28 2.47371e+44 7.54366e+27 1.47584e+44 2.30133e+27 4.50233e+43 
2.17112e+16 3.02830e+28 6.57481e+44 1.38462e+28 3.00618e+44 1.19923e+28 2.60366e+44 7.06609e+27 1.53413e+44 1.89916e+27 4.12331e+43 
2.40940e+16 2.78072e+28 6.69988e+44 1.28999e+28 3.10810e+44 1.11720e+28 2.69177e+44 6.53000e+27 1.57334e+44 1.58276e+27 3.81350e+43 
2.67384e+16 2.50420e+28 6.69582e+44 1.17398e+28 3.13904e+44 1.01671e+28 2.71851e+44 5.91279e+27 1.58099e+44 1.32069e+27 3.53131e+43 
2.96730e+16 2.19920e+28 6.52570e+44 1.03883e+28 3.08252e+44 8.99653e+27 2.66954e+44 5.21600e+27 1.54775e+44 1.09239e+27 3.24145e+43 
3.29297e+16 1.87432e+28 6.17209e+44 8.90275e+27 2.93165e+44 7.71001e+27 2.53888e+44 4.46195e+27 1.46931e+44 8.87007e+26 2.92089e+43 
3.65438e+16 1.54390e+28 5.64202e+44 7.36444e+27 2.69125e+44 6.37779e+27 2.33069e+44 3.68705e+27 1.34739e+44 7.01058e+26 2.56193e+43 
4.05546e+16 1.22481e+28 4.96718e+44 5.86275e+27 2.37762e+44 5.07729e+27 2.05908e+44 2.93346e+27 1.18965e+44 5.35586e+26 2.17205e+43 
4.50056e+16 9.32958e+27 4.19883e+44 4.47956e+27 2.01605e+44 3.87941e+27 1.74595e+44 2.24062e+27 1.00840e+44 3.93327e+26 1.77019e+43 
4.99451e+16 6.80429e+27 3.39841e+44 3.27655e+27 1.63647e+44 2.83758e+27 1.41723e+44 1.63859e+27 8.18394e+43 2.76462e+26 1.38079e+43 
5.54266e+16 4.73852e+27 2.62640e+44 2.28821e+27 1.26828e+44 1.98165e+27 1.09836e+44 1.14421e+27 6.34199e+43 1.85318e+26 1.02716e+43 
6.15099e+16 3.14172e+27 1.93247e+44 1.52127e+27 9.35731e+43 1.31746e+27 8.10367e+43 7.60668e+26 4.67886e+43 1.18086e+26 7.26346e+42 
6.82607e+16 1.97641e+27 1.34911e+44 9.59530e+26 6.54982e+43 8.30977e+26 5.67231e+43 4.79774e+26 3.27497e+43 7.12917e+25 4.86642e+42 
7.57525e+16 1.17481e+27 8.89947e+43 5.71785e+26 4.33142e+43 4.95181e+26 3.75112e+43 2.85895e+26 2.16572e+43 4.06243e+25 3.07739e+42 
8.40665e+16 6.56468e+26 5.51870e+43 3.20252e+26 2.69225e+43 2.77346e+26 2.33156e+43 1.60126e+26 1.34613e+43 2.17479e+25 1.82827e+42 
9.32930e+16 3.42704e+26 3.19719e+43 1.67544e+26 1.56307e+43 1.45097e+26 1.35366e+43 8.37721e+25 7.81535e+42 1.08752e+25 1.01458e+42 
1.03532e+17 1.65923e+26 1.71783e+43 8.12761e+25 8.41469e+42 7.03872e+25 7.28734e+42 4.06381e+25 4.20735e+42 5.04459e+24 5.22277e+41 
1.14895e+17 7.38825e+25 8.48874e+42 3.62549e+25 4.16551e+42 3.13976e+25 3.60744e+42 1.81274e+25 2.08275e+42 2.15309e+24 2.47380e+41 
1.27505e+17 2.99765e+25 3.82216e+42 1.47333e+25 1.87856e+42 1.27594e+25 1.62688e+42 7.36663e+24 9.39282e+41 8.37882e+23 1.06834e+41 
1.41499e+17 1.09691e+25 1.55212e+42 5.39901e+24 7.63955e+41 4.67568e+24 6.61605e+41 2.69951e+24 3.81978e+41 2.94327e+23 4.16470e+40 
1.57029e+17 3.57950e+24 5.62086e+41 1.76410e+24 2.77015e+41 1.52776e+24 2.39902e+41 8.82051e+23 1.38508e+41 9.23124e+22 1.44957e+40 
1.74263e+17 1.02873e+24 1.79269e+41 5.07573e+23 8.84513e+40 4.39571e+23 7.66011e+40 2.53786e+23 4.42257e+40 2.55426e+22 4.45114e+39 
1.93389e+17 2.56744e+23 4.96515e+40 1.26804e+23 2.45226e+40 1.09816e+23 2.12372e+40 6.34022e+22 1.22613e+40 6.15194e+21 1.18972e+39 
2.14614e+17 5.47643e+22 1.17532e+40 2.70711e+22 5.80984e+39 2.34442e+22 5.03147e+39 1.35355e+22 2.90492e+39 1.27010e+21 2.72581e+38 
2.38169e+17 9.80422e+21 2.33506e+39 4.84993e+21 1.15510e+39 4.20016e+21 1.00035e+39 2.42496e+21 5.77550e+38 2.20826e+20 5.25938e+37 
2.64308e+17 1.44319e+21 3.81446e+38 7.14341e+20 1.88806e+38 6.18637e+20 1.63511e+38 3.57170e+20 9.44031e+37 3.16803e+19 8.37335e+36 
2.93317e+17 1.70692e+20 5.00667e+37 8.45296e+19 2.47939e+37 7.32048e+19 2.14722e+37 4.22648e+19 1.23970e+37 3.66409e+18 1.07474e+36 
3.25509e+17 1.58106e+19 5.14648e+36 7.83285e+18 2.54966e+36 6.78344e+18 2.20807e+36 3.91642e+18 1.27483e+36 3.32868e+17 1.08351e+35 
3.61234e+17 1.11490e+18 4.02742e+35 5.52529e+17 1.99592e+35 4.78504e+17 1.72852e+35 2.76264e+17 9.97962e+34 2.30779e+16 8.33653e+33 
4.00881e+17 5.80182e+16 2.32584e+34 2.87611e+16 1.15298e+34 2.49078e+16 9.98507e+33 1.43805e+16 5.76488e+33 1.18306e+15 4.74265e+32 
4.44878e+17 2.15311e+15 9.57873e+32 1.06761e+15 4.74958e+32 9.24580e+14 4.11325e+32 5.33806e+14 2.37479e+32 4.33176e+13 1.92711e+31 
4.93705e+17 5.48747e+13 2.70919e+31 2.72152e+13 1.34363e+31 2.35691e+13 1.16362e+31 1.36076e+13 6.71814e+30 1.09063e+12 5.38449e+29 
5.47890e+17 9.21293e+11 5.04767e+29 4.57004e+11 2.50388e+29 3.95777e+11 2.16842e+29 2.28502e+11 1.25194e+29 1.81086e+10 9.92153e+27 
6.08022e+17 9.73028e+09 5.91623e+27 4.82748e+09 2.93521e+27 4.18072e+09 2.54197e+27 2.41374e+09 1.46761e+27 1.89332e+08 1.15118e+26 
6.74754e+17 6.14269e+07 4.14481e+25 3.04802e+07 2.05667e+25 2.63967e+07 1.78113e+25 1.52401e+07 1.02833e+25 1.18434e+06 7.99136e+23 
7.48810e+17 2.19012e+05 1.63998e+23 1.08689e+05 8.13873e+22 9.41272e+04 7.04834e+22 5.43444e+04 4.06936e+22 4.18780e+03 3.13587e+21 
8.30994e+17 4.14107e+02 3.44121e+20 2.05533e+02 1.70796e+20 1.77996e+02 1.47914e+20 1.02766e+02 8.53982e+19 7.85964e+00 6.53132e+18 
9.22198e+17 3.87215e-01 3.57089e+17 1.92205e-01 1.77251e+17 1.66454e-01 1.53504e+17 9.61023e-02 8.86253e+16 7.30066e-03 6.73265e+15 
1.02341e+18 1.65695e-04 1.69574e+14 8.22547e-05 8.41804e+13 7.12346e-05 7.29023e+13 4.11273e-05 4.20902e+13 3.10576e-06 3.17847e+12 
1.13573e+18 2.97734e-08 3.38147e+10 1.47813e-08 1.67876e+10 1.28010e-08 1.45385e+10 7.39065e-09 8.39381e+09 5.55185e-10 6.30542e+08 
1.26038e+18 2.04208e-12 2.57381e+06 1.01388e-12 1.27788e+06 8.78046e-13 1.10667e+06 5.06940e-13 6.38939e+05 3.79057e-14 4.77756e+04 
1.39871e+18 4.80960e-17 6.72725e+01 2.38807e-17 3.34023e+01 2.06813e-17 2.89272e+01 1.19404e-17 1.67012e+01 8.89199e-19 1.24373e+00 
1.55223e+18 3.45966e-22 5.37017e-04 1.71788e-22 2.66654e-04 1.48773e-22 2.30929e-04 8.58942e-23 1.33327e-04 6.37356e-24 9.89320e-06 
1.72259e+18 6.67513e-28 1.14985e-09 3.31467e-28 5.70980e-10 2.87059e-28 4.94483e-10 1.65733e-28 2.85490e-10 1.22583e-29 2.11159e-11 
1.91164e+18 2.99186e-34 5.71937e-16 1.48573e-34 2.84018e-16 1.28668e-34 2.45967e-16 7.42864e-35 1.42009e-16 5.47845e-36 1.04728e-17 
2.12145e+18 2.65648e-41 5.63558e-23 1.31923e-41 2.79868e-23 1.14249e-41 2.42373e-23 6.59615e-42 1.39934e-23 4.85140e-43 1.02920e-24 
2.35429e+18 3.91648e-49 9.22051e-31 1.94502e-49 4.57914e-31 1.68444e-49 3.96566e-31 9.72512e-50 2.28957e-31 7.13475e-51 1.67972e-32 
2.61268e+18 7.88268e-58 2.05949e-39 3.91487e-58 1.02283e-39 3.39037e-58 8.85794e-40 1.95743e-58 5.11414e-40 1.43268e-59 3.74312e-41 
2.89942e+18 1.74258e-67 5.05248e-49 8.65465e-68 2.50935e-49 7.49514e-68 2.17316e-49 4.32732e-68 1.25467e-49 3.16036e-69 9.16321e-51 
3.21764e+18 3.32220e-78 1.06897e-59 1.65004e-78 5.30922e-60 1.42897e-78 4.59792e-60 8.25018e-79 2.65461e-60 6.01347e-80 1.93492e-61 
3.57079e+18 4.17313e-90 1.49014e-71 2.07272e-90 7.40123e-72 1.79503e-90 6.40965e-72 1.03636e-90 3.70061e-72 7.54095e-92 2.69271e-73 
3.96269e+18 2.55932e-103 1.01418e-84 1.27119e-103 5.03733e-85 1.10088e-103 4.36246e-85 6.35595e-104 2.51866e-85 4.61822e-105 1.83006e-86 
4.39760e+18 5.48854e-118 2.41364e-99 2.72615e-118 1.19885e-99 2.36091e-118 1.03824e-99 1.36307e-118 5.99425e-100 9.89350e-120 4.35077e-101 
4.88025e+18 2.74391e-134 1.33910e-115 1.36266e-134 6.65010e-116 1.18009e-134 5.75916e-116 6.81328e-135 3.32505e-116 5.03646e-136 2.45792e-117 
5.41587e+18 -3.90537e-151 -2.11510e-132 -1.95061e-151 -1.05642e-132 -1.68928e-151 -9.14891e-133 -9.75305e-152 -5.28212e-133 -2.98765e-153 -1.61808e-134 
6.01028e+18 -3.52276e-168 -2.11727e-149 -1.75896e-168 -1.05718e-149 -1.52330e-168 -9.15546e-150 -8.79479e-169 -5.28591e-150 -2.90046e-170 -1.74326e-151 
6.66992e+18 -3.88756e-187 -2.59297e-168 -1.94111e-187 -1.29470e-168 -1.68105e-187 -1.12125e-168 -9.70554e-188 -6.47352e-169 -3.20023e-189 -2.13453e-170 
7.40196e+18 -3.44996e-208 -2.55364e-189 -1.72261e-208 -1.27507e-189 -1.49182e-208 -1.10424e-189 -8.61304e-209 -6.37534e-190 -2.83958e-210 -2.10185e-191 
8.21434e+18 -1.44915e-231 -1.19038e-212 -7.23578e-232 -5.94372e-213 -6.26637e-232 -5.14741e-213 -3.61789e-232 -2.97186e-213 -1.19266e-233 -9.79696e-215 
9.11589e+18 -1.60028e-257 -1.45880e-238 -7.99042e-258 -7.28398e-239 -6.91990e-258 -6.30811e-239 -3.99521e-258 -3.64199e-239 -1.31699e-259 -1.20056e-240 
1.01164e+19 -2.41955e-286 -2.44771e-267 -1.20811e-286 -1.22218e-267 -1.04626e-286 -1.05843e-267 -6.04057e-287 -6.11088e-268 -1.99120e-288 -2.01437e-269 
1.12267e+19 0.00000e+00 0.00000e+00 0.00000e+00 0.00000e+00 0.00000e+00 0.00000e+00 0.00000e+00 0.00000e+00 0.00000e+00 0.00000e+00 
1.24588e+19 0.00000e+00 0.00000e+00 0.00000e+00 0.00000e+00 0.00000e+00 0.00000e+00 0.00000e+00 0.00000e+00 0.00000e+00 0.00000e+00 
1.38262e+19 0.00000e+00 0.00000e+00 0.00000e+00 0.00000e+00 0.00000e+00 0.00000e+00 0.00000e+00 0.00000e+00 0.00000e+00 0.00000e+00 
1.53437e+19 0.00000e+00 0.00000e+00 0.00000e+00 0.00000e+00 0.00000e+00 0.00000e+00 0.00000e+00 0.00000e+00 0.00000e+00 0.00000e+00 
1.70277e+19 0.00000e+00 0.00000e+00 0.00000e+00 0.00000e+00 0.00000e+00 0.00000e+00 0.00000e+00 0.00000e+00 0.00000e+00 0.00000e+00 
1.88965e+19 0.00000e+00 0.00000e+00 0.00000e+00 0.00000e+00 0.00000e+00 0.00000e+00 0.00000e+00 0.00000e+00 0.00000e+00 0.00000e+00 
2.09705e+19 0.00000e+00 0.00000e+00 0.00000e+00 0.00000e+00 0.00000e+00 0.00000e+00 0.00000e+00 0.00000e+00 0.00000e+00 0.00000e+00 
2.32720e+19 0.00000e+00 0.00000e+00 0.00000e+00 0.00000e+00 0.00000e+00 0.00000e+00 0.00000e+00 0.00000e+00 0.00000e+00 0.00000e+00 
2.58262e+19 0.00000e+00 0.00000e+00 0.00000e+00 0.00000e+00 0.00000e+00 0.00000e+00 0.00000e+00 0.00000e+00 0.00000e+00 0.00000e+00 
2.86607e+19 0.00000e+00 0.00000e+00 0.00000e+00 0.00000e+00 0.00000e+00 0.00000e+00 0.00000e+00 0.00000e+00 0.00000e+00 0.00000e+00 
3.18063e+19 0.00000e+00 0.00000e+00 0.00000e+00 0.00000e+00 0.00000e+00 0.00000e+00 0.00000e+00 0.00000e+00 0.00000e+00 0.00000e+00 
3.52971e+19 0.00000e+00 0.00000e+00 0.00000e+00 0.00000e+00 0.00000e+00 0.00000e+00 0.00000e+00 0.00000e+00 0.00000e+00 0.00000e+00 
3.91710e+19 0.00000e+00 0.00000e+00 0.00000e+00 0.00000e+00 0.00000e+00 0.00000e+00 0.00000e+00 0.00000e+00 0.00000e+00 0.00000e+00 
4.34701e+19 0.00000e+00 0.00000e+00 0.00000e+00 0.00000e+00 0.00000e+00 0.00000e+00 0.00000e+00 0.00000e+00 0.00000e+00 0.00000e+00 
4.82411e+19 0.00000e+00 0.00000e+00 0.00000e+00 0.00000e+00 0.00000e+00 0.00000e+00 0.00000e+00 0.00000e+00 0.00000e+00 0.00000e+00 
5.35357e+19 0.00000e+00 0.00000e+00 0.00000e+00 0.00000e+00 0.00000e+00 0.00000e+00 0.00000e+00 0.00000e+00 0.00000e+00 0.00000e+00 
5.94113e+19 0.00000e+00 0.00000e+00 0.00000e+00 0.00000e+00 0.00000e+00 0.00000e+00 0.00000e+00 0.00000e+00 0.00000e+00 0.00000e+00 
6.59319e+19 0.00000e+00 0.00000e+00 0.00000e+00 0.00000e+00 0.00000e+00 0.00000e+00 0.00000e+00 0.00000e+00 0.00000e+00 0.00000e+00 
7.31681e+19 0.00000e+00 0.00000e+00 0.00000e+00 0.00000e+00 0.00000e+00 0.00000e+00 0.00000e+00 0.00000e+00 0.00000e+00 0.00000e+00 
8.11984e+19 0.00000e+00 0.00000e+00 0.00000e+00 0.00000e+00 0.00000e+00 0.00000e+00 0.00000e+00 0.00000e+00 0.00000e+00 0.00000e+00 
9.01102e+19 0.00000e+00 0.00000e+00 0.00000e+00 0.00000e+00 0.00000e+00 0.00000e+00 0.00000e+00 0.00000e+00 0.00000e+00 0.00000e+00 
1.00000e+20 0.00000e+00 0.00000e+00 0.00000e+00 0.00000e+00 0.00000e+00 0.00000e+00 0.00000e+00 0.00000e+00 0.00000e+00 0.00000e+00 
