1.00000e+11 4.29646e+20 4.29646e+31 2.96719e+19 2.96719e+30 7.16227e+19 7.16227e+30 1.12154e+20 1.12154e+31 1.26785e+20 1.26785e+31 
1.10975e+11 5.29125e+20 5.87198e+31 3.65423e+19 4.05529e+30 8.82061e+19 9.78869e+30 1.38122e+20 1.53281e+31 1.56141e+20 1.73278e+31 
1.23155e+11 6.51636e+20 8.02523e+31 4.50034e+19 5.54240e+30 1.08629e+20 1.33782e+31 1.70102e+20 2.09489e+31 1.92293e+20 2.36818e+31 
1.36672e+11 8.02512e+20 1.09681e+32 5.54237e+19 7.57485e+30 1.33781e+20 1.82840e+31 2.09487e+20 2.86309e+31 2.36815e+20 3.23659e+31 
1.51672e+11 9.88320e+20 1.49900e+32 6.82568e+19 1.03526e+31 1.64755e+20 2.49887e+31 2.57990e+20 3.91297e+31 2.91645e+20 4.42343e+31 
1.68318e+11 1.21715e+21 2.04868e+32 8.40612e+19 1.41490e+31 2.02902e+20 3.41520e+31 3.17722e+20 5.34783e+31 3.59170e+20 6.04547e+31 
1.86791e+11 1.49895e+21 2.79991e+32 1.03525e+20 1.93376e+31 2.49880e+20 4.66754e+31 3.91283e+20 7.30884e+31 4.42327e+20 8.26229e+31 
2.07292e+11 1.84599e+21 3.82660e+32 1.27495e+20 2.64288e+31 3.07734e+20 6.37908e+31 4.81875e+20 9.98890e+31 5.44737e+20 1.12920e+32 
2.30043e+11 2.27338e+21 5.22976e+32 1.57016e+20 3.61203e+31 3.78982e+20 8.71822e+31 5.93441e+20 1.36517e+32 6.70855e+20 1.54325e+32 
2.55291e+11 2.79972e+21 7.14742e+32 1.93371e+20 4.93658e+31 4.66726e+20 1.19151e+32 7.30834e+20 1.86575e+32 8.26170e+20 2.10914e+32 
2.83310e+11 3.44790e+21 9.76823e+32 2.38144e+20 6.74684e+31 5.74782e+20 1.62841e+32 9.00033e+20 2.54988e+32 1.01744e+21 2.88251e+32 
3.14404e+11 4.24613e+21 1.33500e+33 2.93283e+20 9.22091e+31 7.07854e+20 2.22552e+32 1.10840e+21 3.48486e+32 1.25299e+21 3.93944e+32 
3.48910e+11 5.22915e+21 1.82450e+33 3.61188e+20 1.26022e+32 8.71731e+20 3.04156e+32 1.36501e+21 4.76265e+32 1.54306e+21 5.38390e+32 
3.87204e+11 6.43971e+21 2.49348e+33 4.44815e+20 1.72234e+32 1.07355e+21 4.15681e+32 1.68101e+21 6.50894e+32 1.90028e+21 7.35798e+32 
4.29700e+11 7.93050e+21 3.40774e+33 5.47804e+20 2.35392e+32 1.32208e+21 5.68097e+32 2.07016e+21 8.89549e+32 2.34019e+21 1.00558e+33 
4.76861e+11 9.76635e+21 4.65719e+33 6.74637e+20 3.21708e+32 1.62814e+21 7.76395e+32 2.54939e+21 1.21570e+33 2.88192e+21 1.37428e+33 
5.29198e+11 1.20271e+22 6.36473e+33 8.30834e+20 4.39676e+32 2.00504e+21 1.06106e+33 3.13954e+21 1.66144e+33 3.54904e+21 1.87815e+33 
5.87279e+11 1.48112e+22 8.69828e+33 1.02319e+21 6.00900e+32 2.46918e+21 1.45010e+33 3.86627e+21 2.27058e+33 4.37056e+21 2.56674e+33 
6.51734e+11 1.82395e+22 1.18873e+34 1.26009e+21 8.21241e+32 3.04075e+21 1.98176e+33 4.76121e+21 3.10304e+33 5.38221e+21 3.50777e+33 
7.23263e+11 2.24613e+22 1.62455e+34 1.55182e+21 1.12237e+33 3.74460e+21 2.70834e+33 5.86325e+21 4.24067e+33 6.62796e+21 4.79376e+33 
8.02643e+11 2.76601e+22 2.22012e+34 1.91109e+21 1.53392e+33 4.61135e+21 3.70127e+33 7.22031e+21 5.79534e+33 8.16200e+21 6.55117e+33 
8.90735e+11 3.40618e+22 3.03401e+34 2.35353e+21 2.09637e+33 5.67867e+21 5.05819e+33 8.89140e+21 7.91988e+33 1.00510e+22 8.95278e+33 
9.88496e+11 4.19448e+22 4.14623e+34 2.89839e+21 2.86505e+33 6.99297e+21 6.91252e+33 1.09491e+22 1.08232e+34 1.23770e+22 1.22347e+34 
1.09699e+12 5.16516e+22 5.66610e+34 3.56938e+21 3.91556e+33 8.61138e+21 9.44656e+33 1.34830e+22 1.47906e+34 1.52412e+22 1.67194e+34 
1.21738e+12 6.36039e+22 7.74303e+34 4.39568e+21 5.35122e+33 1.06042e+22 1.29094e+34 1.66029e+22 2.02121e+34 1.87680e+22 2.28478e+34 
1.35099e+12 7.83211e+22 1.05811e+35 5.41324e+21 7.31326e+33 1.30581e+22 1.76414e+34 2.04446e+22 2.76206e+34 2.31105e+22 3.12222e+34 
1.49927e+12 9.64422e+22 1.44593e+35 6.66633e+21 9.99462e+33 1.60796e+22 2.41077e+34 2.51749e+22 3.77439e+34 2.84574e+22 4.26652e+34 
1.66382e+12 1.18754e+23 1.97585e+35 8.20944e+21 1.36590e+34 1.98000e+22 3.29436e+34 3.09991e+22 5.15767e+34 3.50407e+22 5.83013e+34 
1.84642e+12 1.46225e+23 2.69994e+35 1.01097e+22 1.86668e+34 2.43808e+22 4.50174e+34 3.81699e+22 7.04779e+34 4.31462e+22 7.96662e+34 
2.04907e+12 1.80048e+23 3.68931e+35 1.24497e+22 2.55103e+34 3.00209e+22 6.15150e+34 4.69987e+22 9.63038e+34 5.31255e+22 1.08858e+35 
2.27397e+12 2.21688e+23 5.04112e+35 1.53312e+22 3.48626e+34 3.69649e+22 8.40570e+34 5.78683e+22 1.31590e+35 6.54114e+22 1.48743e+35 
2.52354e+12 2.72953e+23 6.88807e+35 1.88795e+22 4.76431e+34 4.55142e+22 1.14857e+35 7.12500e+22 1.79802e+35 8.05365e+22 2.03237e+35 
2.80050e+12 3.36063e+23 9.41145e+35 2.32487e+22 6.51081e+34 5.60394e+22 1.56939e+35 8.77237e+22 2.45670e+35 9.91561e+22 2.77687e+35 
3.10787e+12 4.13752e+23 1.28589e+36 2.86288e+22 8.89746e+34 6.89968e+22 2.14433e+35 1.08003e+23 3.35659e+35 1.22077e+23 3.79398e+35 
3.44896e+12 5.09385e+23 1.75685e+36 3.52536e+22 1.21588e+35 8.49476e+22 2.92981e+35 1.32966e+23 4.58594e+35 1.50290e+23 5.18345e+35 
3.82749e+12 6.27098e+23 2.40021e+36 4.34107e+22 1.66154e+35 1.04583e+23 4.00289e+35 1.63692e+23 6.26531e+35 1.85017e+23 7.08151e+35 
4.24757e+12 7.71981e+23 3.27904e+36 5.34544e+22 2.27052e+35 1.28751e+23 5.46880e+35 2.01511e+23 8.55931e+35 2.27758e+23 9.67418e+35 
4.71375e+12 9.50294e+23 4.47945e+36 6.58209e+22 3.10264e+35 1.58499e+23 7.47124e+35 2.48055e+23 1.16927e+36 2.80359e+23 1.32154e+36 
5.23110e+12 1.16973e+24 6.11900e+36 8.10468e+22 4.23964e+35 1.95111e+23 1.02064e+36 3.05334e+23 1.59723e+36 3.45090e+23 1.80520e+36 
5.80523e+12 1.43977e+24 8.35818e+36 9.97928e+22 5.79320e+35 2.40168e+23 1.39423e+36 3.75819e+23 2.18171e+36 4.24742e+23 2.46572e+36 
6.44236e+12 1.77203e+24 1.14160e+37 1.22872e+23 7.91586e+35 2.95613e+23 1.90445e+36 4.62546e+23 2.97989e+36 5.22744e+23 3.36771e+36 
7.14943e+12 2.18081e+24 1.55915e+37 1.51285e+23 1.08160e+36 3.63837e+23 2.60123e+36 5.69246e+23 4.06978e+36 6.43311e+23 4.59931e+36 
7.93410e+12 2.68369e+24 2.12926e+37 1.86263e+23 1.47783e+36 4.47775e+23 3.55269e+36 7.00506e+23 5.55788e+36 7.91622e+23 6.28080e+36 
8.80488e+12 3.30224e+24 2.90759e+37 2.29321e+23 2.01914e+36 5.51036e+23 4.85181e+36 8.61958e+23 7.58944e+36 9.74037e+23 8.57628e+36 
9.77124e+12 4.06298e+24 3.97004e+37 2.82323e+23 2.75865e+36 6.78053e+23 6.62542e+36 1.06052e+24 1.03626e+37 1.19837e+24 1.17095e+37 
1.08437e+13 4.99845e+24 5.42015e+37 3.47562e+23 3.76885e+36 8.34271e+23 9.04655e+36 1.30468e+24 1.41475e+37 1.47420e+24 1.59857e+37 
1.20338e+13 6.14857e+24 7.39906e+37 4.27859e+23 5.14876e+36 1.02637e+24 1.23512e+37 1.60487e+24 1.93127e+37 1.81330e+24 2.18208e+37 
1.33545e+13 7.56236e+24 1.00992e+38 5.26682e+23 7.03358e+36 1.26257e+24 1.68610e+37 1.97387e+24 2.63601e+37 2.23009e+24 2.97818e+37 
1.48202e+13 9.29989e+24 1.37826e+38 6.48296e+23 9.60788e+36 1.55292e+24 2.30145e+37 2.42736e+24 3.59740e+37 2.74227e+24 4.06410e+37 
1.64468e+13 1.14348e+25 1.88065e+38 7.97947e+23 1.31236e+37 1.90976e+24 3.14094e+37 2.98456e+24 4.90863e+37 3.37151e+24 5.54505e+37 
1.82518e+13 1.40573e+25 2.56572e+38 9.82079e+23 1.79247e+37 2.34825e+24 4.28598e+37 3.66900e+24 6.69660e+37 4.14437e+24 7.56423e+37 
2.02550e+13 1.72779e+25 3.49964e+38 1.20862e+24 2.44805e+37 2.88690e+24 5.84742e+37 4.50951e+24 9.13402e+37 5.09332e+24 1.03165e+38 
2.24781e+13 2.12316e+25 4.77246e+38 1.48729e+24 3.34314e+37 3.54843e+24 7.97618e+37 5.54134e+24 1.24559e+38 6.25813e+24 1.40671e+38 
2.49451e+13 2.60838e+25 6.50662e+38 1.83006e+24 4.56511e+37 4.36061e+24 1.08776e+38 6.80760e+24 1.69816e+38 7.68734e+24 1.91761e+38 
2.76829e+13 3.20362e+25 8.86854e+38 2.25162e+24 6.23312e+37 5.35741e+24 1.48308e+38 8.36094e+24 2.31455e+38 9.44028e+24 2.61334e+38 
3.07211e+13 3.93352e+25 1.20842e+39 2.76998e+24 8.50968e+37 6.58032e+24 2.02155e+38 1.02656e+25 3.15371e+38 1.15893e+25 3.56035e+38 
3.40929e+13 4.82810e+25 1.64604e+39 3.40727e+24 1.16163e+38 8.08002e+24 2.75471e+38 1.25999e+25 4.29568e+38 1.42225e+25 4.84885e+38 
3.78346e+13 5.92395e+25 2.24131e+39 4.19062e+24 1.58551e+38 9.91828e+24 3.75255e+38 1.54593e+25 5.84898e+38 1.74472e+25 6.60107e+38 
4.19871e+13 7.26555e+25 3.05059e+39 5.15332e+24 2.16373e+38 1.21704e+25 5.10998e+38 1.89598e+25 7.96066e+38 2.13937e+25 8.98260e+38 
4.65953e+13 8.90692e+25 4.15020e+39 6.33615e+24 2.95235e+38 1.49278e+25 6.95565e+38 2.32421e+25 1.08297e+39 2.62204e+25 1.22175e+39 
5.17092e+13 1.09136e+26 5.64331e+39 7.78907e+24 4.02767e+38 1.83019e+25 9.46374e+38 2.84772e+25 1.47253e+39 3.21189e+25 1.66084e+39 
5.73844e+13 1.33648e+26 7.66929e+39 9.57323e+24 5.49354e+38 2.24274e+25 1.28699e+39 3.48716e+25 2.00109e+39 3.93209e+25 2.25641e+39 
6.36825e+13 1.63563e+26 1.04161e+40 1.17635e+25 7.49126e+38 2.74679e+25 1.74923e+39 4.26749e+25 2.71764e+39 4.81062e+25 3.06352e+39 
7.06718e+13 2.00036e+26 1.41369e+40 1.44512e+25 1.02129e+39 3.36207e+25 2.37604e+39 5.21878e+25 3.68821e+39 5.88111e+25 4.15628e+39 
7.84282e+13 2.44453e+26 1.91720e+40 1.77482e+25 1.39196e+39 4.11240e+25 3.22528e+39 6.37717e+25 5.00150e+39 7.18395e+25 5.63425e+39 
8.70359e+13 2.98478e+26 2.59783e+40 2.17908e+25 1.89658e+39 5.02641e+25 4.37478e+39 7.78596e+25 6.77658e+39 8.76747e+25 7.63085e+39 
9.65883e+13 3.64095e+26 3.51674e+40 2.67451e+25 2.58326e+39 6.13845e+25 5.92902e+39 9.49683e+25 9.17283e+39 1.06893e+26 1.03246e+40 
1.07189e+14 4.43670e+26 4.75566e+40 3.28135e+25 3.51726e+39 7.48960e+25 8.02804e+39 1.15713e+26 1.24032e+40 1.30178e+26 1.39536e+40 
1.18953e+14 5.40004e+26 6.42353e+40 4.02422e+25 4.78695e+39 9.12881e+25 1.08590e+40 1.40822e+26 1.67513e+40 1.58337e+26 1.88348e+40 
1.32009e+14 6.56399e+26 8.66504e+40 4.93299e+25 6.51199e+39 1.11142e+26 1.46717e+40 1.71154e+26 2.25939e+40 1.92323e+26 2.53883e+40 
1.46497e+14 7.96731e+26 1.16719e+41 6.04390e+25 8.85414e+39 1.35143e+26 1.97980e+40 2.07716e+26 3.04298e+40 2.33244e+26 3.41696e+40 
1.62576e+14 9.65516e+26 1.56969e+41 7.40078e+25 1.20319e+40 1.64098e+26 2.66784e+40 2.51679e+26 4.09169e+40 2.82389e+26 4.59096e+40 
1.80419e+14 1.16798e+27 2.10725e+41 9.05658e+25 1.63398e+40 1.98951e+26 3.58945e+40 3.04398e+26 5.49191e+40 3.41242e+26 6.15664e+40 
2.00220e+14 1.41012e+27 2.82334e+41 1.10751e+26 2.21746e+40 2.40795e+26 4.82119e+40 3.67426e+26 7.35661e+40 4.11492e+26 8.23890e+40 
2.22195e+14 1.69875e+27 3.77454e+41 1.35330e+26 3.00697e+40 2.90891e+26 6.46344e+40 4.42523e+26 9.83264e+40 4.95047e+26 1.09997e+41 
2.46581e+14 2.04154e+27 5.03404e+41 1.65223e+26 4.07408e+40 3.50680e+26 8.64710e+40 5.31665e+26 1.31099e+41 5.94027e+26 1.46476e+41 
2.73644e+14 2.44696e+27 6.69596e+41 2.01526e+26 5.51464e+40 4.21791e+26 1.15421e+41 6.37035e+26 1.74321e+41 7.10755e+26 1.94494e+41 
3.03677e+14 2.92430e+27 8.88044e+41 2.45547e+26 7.45670e+40 5.06048e+26 1.53675e+41 7.61008e+26 2.31101e+41 8.47727e+26 2.57435e+41 
3.37006e+14 3.48351e+27 1.17396e+42 2.98835e+26 1.00709e+41 6.05464e+26 2.04045e+41 9.06117e+26 3.05367e+41 1.00756e+27 3.39555e+41 
3.73994e+14 4.13499e+27 1.54646e+42 3.63217e+26 1.35841e+41 7.22232e+26 2.70110e+41 1.07500e+27 4.02042e+41 1.19293e+27 4.46149e+41 
4.15040e+14 4.88941e+27 2.02930e+42 4.40839e+26 1.82966e+41 8.58701e+26 3.56396e+41 1.27031e+27 5.27232e+41 1.40645e+27 5.83734e+41 
4.60592e+14 5.75726e+27 2.65175e+42 5.34204e+26 2.46050e+41 1.01734e+27 4.68579e+41 1.49465e+27 6.88425e+41 1.65054e+27 7.60228e+41 
5.11143e+14 6.74852e+27 3.44946e+42 6.46214e+26 3.30308e+41 1.20069e+27 6.13726e+41 1.75040e+27 8.94705e+41 1.92731e+27 9.85131e+41 
5.67243e+14 7.87213e+27 4.46541e+42 7.80207e+26 4.42566e+41 1.41132e+27 8.00562e+41 2.03961e+27 1.15695e+42 2.23831e+27 1.26967e+42 
6.29499e+14 9.13560e+27 5.75085e+42 9.39988e+26 5.91721e+41 1.65175e+27 1.03977e+42 2.36386e+27 1.48805e+42 2.58445e+27 1.62691e+42 
6.98588e+14 1.05446e+28 7.36633e+42 1.12985e+27 7.89303e+41 1.92440e+27 1.34436e+42 2.72413e+27 1.90304e+42 2.96578e+27 2.07186e+42 
7.75260e+14 1.21028e+28 9.38282e+42 1.35460e+27 1.05017e+42 2.23157e+27 1.73005e+42 3.12071e+27 2.41936e+42 3.38142e+27 2.62148e+42 
8.60346e+14 1.38119e+28 1.18831e+43 1.61952e+27 1.39335e+42 2.57542e+27 2.21575e+42 3.55319e+27 3.05697e+42 3.82956e+27 3.29475e+42 
9.54772e+14 1.56722e+28 1.49634e+43 1.93035e+27 1.84304e+42 2.95796e+27 2.82418e+42 4.02054e+27 3.83870e+42 4.30753e+27 4.11271e+42 
1.05956e+15 1.76829e+28 1.87361e+43 2.29320e+27 2.42978e+42 3.38118e+27 3.58256e+42 4.52121e+27 4.79050e+42 4.81198e+27 5.09858e+42 
1.17585e+15 1.98432e+28 2.33327e+43 2.71446e+27 3.19180e+42 3.84706e+27 4.52356e+42 5.05337e+27 5.94200e+42 5.33913e+27 6.27801e+42 
1.30490e+15 2.21532e+28 2.89078e+43 3.20066e+27 4.17655e+42 4.35767e+27 5.68633e+42 5.61503e+27 7.32707e+42 5.88498e+27 7.67932e+42 
1.44812e+15 2.46136e+28 3.56434e+43 3.75823e+27 5.44236e+42 4.91521e+27 7.11780e+42 6.20421e+27 8.98443e+42 6.44539e+27 9.33369e+42 
1.60705e+15 2.72255e+28 4.37528e+43 4.39326e+27 7.06019e+42 5.52193e+27 8.87403e+42 6.81881e+27 1.09582e+43 7.01598e+27 1.12751e+43 
1.78343e+15 2.99889e+28 5.34830e+43 5.11120e+27 9.11547e+42 6.18000e+27 1.10216e+43 7.45640e+27 1.32980e+43 7.59175e+27 1.35394e+43 
1.97917e+15 3.29003e+28 6.51151e+43 5.91648e+27 1.17097e+43 6.89131e+27 1.36390e+43 8.11389e+27 1.60587e+43 8.16654e+27 1.61629e+43 
2.19639e+15 3.59503e+28 7.89607e+43 6.81207e+27 1.49619e+43 7.65713e+27 1.68180e+43 8.78706e+27 1.92998e+43 8.73241e+27 1.91797e+43 
2.43744e+15 3.91208e+28 9.53549e+43 7.79892e+27 1.90094e+43 8.47788e+27 2.06644e+43 9.47028e+27 2.30833e+43 9.27918e+27 2.26175e+43 
2.70496e+15 4.23828e+28 1.14644e+44 8.87535e+27 2.40075e+43 9.35271e+27 2.52987e+43 1.01562e+28 2.74720e+43 9.79406e+27 2.64925e+43 
3.00184e+15 4.56934e+28 1.37164e+44 1.00363e+28 3.01275e+43 1.02790e+28 3.08558e+43 1.08354e+28 3.25262e+43 1.02615e+28 3.08032e+43 
3.33129e+15 4.89940e+28 1.63213e+44 1.12727e+28 3.75527e+43 1.12516e+28 3.74824e+43 1.14963e+28 3.82977e+43 1.06627e+28 3.55207e+43 
3.69691e+15 5.22069e+28 1.93004e+44 1.25703e+28 4.64714e+43 1.22620e+28 4.53314e+43 1.21243e+28 4.48225e+43 1.09761e+28 4.05779e+43 
4.10266e+15 5.52336e+28 2.26604e+44 1.39095e+28 5.70658e+43 1.32970e+28 5.45528e+43 1.27015e+28 5.21100e+43 1.11771e+28 4.58556e+43 
4.55294e+15 5.79560e+28 2.63870e+44 1.52644e+28 6.94976e+43 1.43380e+28 6.52799e+43 1.32069e+28 6.01302e+43 1.12391e+28 5.11708e+43 
5.05263e+15 6.02423e+28 3.04382e+44 1.66030e+28 8.38889e+43 1.53607e+28 7.76119e+43 1.36174e+28 6.88038e+43 1.11368e+28 5.62700e+43 
5.60717e+15 6.19590e+28 3.47415e+44 1.78876e+28 1.00299e+44 1.63352e+28 9.15942e+43 1.39103e+28 7.79973e+43 1.08499e+28 6.08374e+43 
6.22257e+15 6.29869e+28 3.91940e+44 1.90750e+28 1.18696e+44 1.72269e+28 1.07196e+44 1.40661e+28 8.75275e+43 1.03690e+28 6.45216e+43 
6.90551e+15 6.32376e+28 4.36688e+44 2.01175e+28 1.38922e+44 1.79976e+28 1.24283e+44 1.40720e+28 9.71742e+43 9.69996e+27 6.69832e+43 
7.66341e+15 6.26659e+28 4.80234e+44 2.09634e+28 1.60651e+44 1.86060e+28 1.42586e+44 1.39226e+28 1.06695e+44 8.86767e+27 6.79566e+43 
8.50449e+15 6.12716e+28 5.21084e+44 2.15576e+28 1.83337e+44 1.90086e+28 1.61658e+44 1.36201e+28 1.15832e+44 7.91470e+27 6.73105e+43 
9.43788e+15 5.90923e+28 5.57706e+44 2.18438e+28 2.06159e+44 1.91598e+28 1.80828e+44 1.31708e+28 1.24304e+44 6.89651e+27 6.50884e+43 
1.04737e+16 5.61873e+28 5.88489e+44 2.17666e+28 2.27977e+44 1.90143e+28 1.99150e+44 1.25816e+28 1.31776e+44 5.87281e+27 6.15101e+43 
1.16232e+16 5.26221e+28 6.11639e+44 2.12783e+28 2.47323e+44 1.85314e+28 2.15395e+44 1.18570e+28 1.37817e+44 4.89767e+27 5.69268e+43 
1.28989e+16 4.84601e+28 6.25082e+44 2.03472e+28 2.62457e+44 1.76824e+28 2.28084e+44 1.09991e+28 1.41877e+44 4.01114e+27 5.17394e+43 
1.43146e+16 4.37668e+28 6.26504e+44 1.89688e+28 2.71531e+44 1.64608e+28 2.35630e+44 1.00109e+28 1.43303e+44 3.23488e+27 4.63059e+43 
1.58857e+16 3.86280e+28 6.13630e+44 1.71765e+28 2.72859e+44 1.48919e+28 2.36567e+44 8.90286e+27 1.41428e+44 2.57291e+27 4.08724e+43 
1.76291e+16 3.31707e+28 5.84771e+44 1.50473e+28 2.65271e+44 1.30389e+28 2.29864e+44 7.69905e+27 1.35728e+44 2.01678e+27 3.55541e+43 
1.95640e+16 2.75774e+28 5.39523e+44 1.27001e+28 2.48465e+44 1.10017e+28 2.15237e+44 6.44094e+27 1.26010e+44 1.55243e+27 3.03716e+43 
2.17112e+16 2.20800e+28 4.79384e+44 1.02827e+28 2.23250e+44 8.90621e+27 1.93364e+44 5.18500e+27 1.12572e+44 1.16629e+27 2.53215e+43 
2.40940e+16 1.69329e+28 4.07981e+44 7.95109e+27 1.91574e+44 6.88620e+27 1.65916e+44 3.99490e+27 9.62533e+43 8.48428e+26 2.04421e+43 
2.67384e+16 1.23693e+28 3.30735e+44 5.84441e+27 1.56270e+44 5.06150e+27 1.35337e+44 2.93012e+27 7.83469e+43 5.92532e+26 1.58434e+43 
2.96730e+16 8.55833e+27 2.53951e+44 4.06347e+27 1.20575e+44 3.51909e+27 1.04422e+44 2.03471e+27 6.03761e+43 3.93922e+26 1.16889e+43 
3.29297e+16 5.57581e+27 1.83610e+44 2.65798e+27 8.75264e+43 2.30188e+27 7.58003e+43 1.33002e+27 4.37970e+43 2.47286e+26 8.14307e+42 
3.65438e+16 3.39907e+27 1.24215e+44 1.62592e+27 5.94175e+43 1.40809e+27 5.14571e+43 8.13284e+26 2.97205e+43 1.45451e+26 5.31534e+42 
4.05546e+16 1.92546e+27 7.80863e+43 9.23874e+26 3.74674e+43 8.00099e+26 3.24477e+43 4.62028e+26 1.87374e+43 7.95444e+25 3.22589e+42 
4.50056e+16 1.00570e+27 4.52623e+43 4.83917e+26 2.17789e+43 4.19084e+26 1.88611e+43 2.41981e+26 1.08905e+43 4.01212e+25 1.80568e+42 
4.99451e+16 4.80167e+26 2.39820e+43 2.31643e+26 1.15694e+43 2.00609e+26 1.00194e+43 1.15826e+26 5.78496e+42 1.85011e+25 9.24039e+41 
5.54266e+16 2.07528e+26 1.15026e+43 1.00356e+26 5.56241e+42 8.69110e+25 4.81719e+42 5.01790e+25 2.78126e+42 7.72394e+24 4.28112e+41 
6.15099e+16 8.03241e+25 4.94072e+42 3.89295e+25 2.39455e+42 3.37140e+25 2.07374e+42 1.94649e+25 1.19728e+42 2.88758e+24 1.77615e+41 
6.82607e+16 2.75191e+25 1.87847e+42 1.33651e+25 9.12309e+41 1.15745e+25 7.90083e+41 6.68255e+24 4.56156e+41 9.54875e+23 6.51805e+40 
7.57525e+16 8.24481e+24 6.24565e+41 4.01218e+24 3.03933e+41 3.47465e+24 2.63213e+41 2.00609e+24 1.51966e+41 2.75504e+23 2.08702e+40 
8.40665e+16 2.13562e+24 1.79534e+41 1.04133e+24 8.75414e+40 9.01822e+23 7.58131e+40 5.20667e+23 4.37707e+40 6.83205e+22 5.74347e+39 
9.32930e+16 4.74506e+23 4.42681e+40 2.31880e+23 2.16328e+40 2.00814e+23 1.87345e+40 1.15940e+23 1.08164e+40 1.43304e+22 1.33693e+39 
1.03532e+17 9.06403e+22 9.38419e+39 4.44160e+22 4.59848e+39 3.84654e+22 3.98240e+39 2.22080e+22 2.29924e+39 2.50270e+21 2.59110e+38 
1.14895e+17 1.52663e+22 1.75402e+39 7.50955e+21 8.62811e+38 6.50346e+21 7.47216e+38 3.75477e+21 4.31405e+38 3.59684e+20 4.13259e+37 
1.27505e+17 2.40940e+21 3.07210e+38 1.19125e+21 1.51890e+38 1.03165e+21 1.31541e+38 5.95623e+20 7.59449e+37 4.26796e+19 5.44187e+36 
1.41499e+17 3.83047e+20 5.42008e+37 1.90374e+20 2.69378e+37 1.64869e+20 2.33288e+37 9.51869e+19 1.34689e+37 4.37364e+18 6.18867e+35 
1.57029e+17 6.16944e+19 9.68781e+36 3.07690e+19 4.83163e+36 2.66468e+19 4.18432e+36 1.53845e+19 2.41581e+36 4.35092e+17 6.83221e+34 
1.74263e+17 9.29422e+18 1.61964e+36 4.64244e+18 8.09007e+35 4.02047e+18 7.00620e+35 2.32121e+18 4.04502e+35 4.71675e+16 8.21957e+33 
1.93389e+17 1.19466e+18 2.31034e+35 5.97022e+17 1.15458e+35 5.17036e+17 9.99893e+34 2.98510e+17 5.77287e+34 5.27745e+15 1.02060e+33 
2.14614e+17 1.22992e+17 2.63958e+34 6.14722e+16 1.31928e+34 5.32365e+16 1.14253e+34 3.07360e+16 6.59639e+33 5.21422e+14 1.11905e+32 
2.38169e+17 9.72068e+15 2.31516e+33 4.85860e+15 1.15717e+33 4.20767e+15 1.00213e+33 2.42929e+15 5.78582e+32 4.08027e+13 9.71793e+30 
2.64308e+17 5.69327e+14 1.50478e+32 2.84563e+14 7.52124e+31 2.46439e+14 6.51358e+31 1.42281e+14 3.76061e+31 2.38471e+12 6.30297e+29 
2.93317e+17 2.38521e+13 6.99622e+30 1.19218e+13 3.49687e+30 1.03246e+13 3.02838e+30 5.96091e+12 1.74843e+30 9.98824e+10 2.92972e+28 
3.25509e+17 6.88132e+11 2.23993e+29 3.43944e+11 1.11957e+29 2.97864e+11 9.69574e+28 1.71972e+11 5.59783e+28 2.88255e+09 9.38296e+26 
3.61234e+17 1.31121e+10 4.73654e+27 6.55373e+09 2.36743e+27 5.67569e+09 2.05025e+27 3.27686e+09 1.18371e+27 5.49610e+07 1.98538e+25 
4.00881e+17 1.57603e+08 6.31799e+25 7.87733e+07 3.15787e+25 6.82197e+07 2.73480e+25 3.93866e+07 1.57893e+25 6.61171e+05 2.65051e+23 
4.44878e+17 1.13588e+06 5.05330e+23 5.67739e+05 2.52575e+23 4.91676e+05 2.18736e+23 2.83869e+05 1.26287e+23 4.76992e+03 2.12203e+21 
4.93705e+17 4.64243e+03 2.29199e+21 2.32038e+03 1.14558e+21 2.00951e+03 9.92105e+20 1.16019e+03 5.72792e+20 1.95143e+01 9.63429e+18 
5.47890e+17 1.01318e+01 5.55109e+18 5.06406e+00 2.77455e+18 4.38561e+00 2.40283e+18 2.53203e+00 1.38727e+18 4.25947e-02 2.33372e+16 
6.08022e+17 1.12874e-02 6.86296e+15 5.64169e-03 3.43027e+15 4.88584e-03 2.97070e+15 2.82084e-03 1.71514e+15 4.69084e-05 2.85214e+13 
6.74754e+17 8.31704e-06 5.61196e+12 4.15738e-06 2.80521e+12 3.60040e-06 2.42939e+12 2.07869e-06 1.40261e+12 2.94755e-08 1.98888e+10 
7.48810e+17 1.52935e-08 1.14520e+10 7.64584e-09 5.72528e+09 6.62149e-09 4.95824e+09 3.82292e-09 2.86264e+09 3.65359e-11 2.73585e+07 
8.30994e+17 3.83915e-11 3.19031e+07 1.91938e-11 1.59499e+07 1.66223e-11 1.38131e+07 9.59690e-12 7.97497e+06 8.60471e-14 7.15047e+04 
9.22198e+17 5.26658e-14 4.85683e+04 2.63302e-14 2.42817e+04 2.28026e-14 2.10286e+04 1.31651e-14 1.21408e+04 1.17745e-16 1.08584e+02 
1.02341e+18 3.40471e-17 3.48442e+01 1.70218e-17 1.74203e+01 1.47413e-17 1.50864e+01 8.51091e-18 8.71016e+00 7.61033e-20 7.78850e-02 
1.13573e+18 9.51466e-21 1.08061e-02 4.75685e-21 5.40251e-03 4.11955e-21 4.67871e-03 2.37842e-21 2.70126e-03 2.12659e-23 2.41524e-05 
1.26038e+18 1.04750e-24 1.32025e-06 5.23697e-25 6.60059e-07 4.53535e-25 5.71628e-07 2.61849e-25 3.30030e-07 2.34115e-27 2.95075e-09 
1.39871e+18 4.09996e-29 5.73466e-11 2.04977e-29 2.86704e-11 1.77515e-29 2.48293e-11 1.02489e-29 1.43352e-11 9.16323e-32 1.28167e-13 
1.55223e+18 5.09185e-34 7.90370e-16 2.54567e-34 3.95145e-16 2.20461e-34 3.42206e-16 1.27283e-34 1.97572e-16 1.13800e-36 1.76644e-18 
1.72259e+18 1.76881e-39 3.04692e-21 8.84314e-40 1.52331e-21 7.65838e-40 1.31922e-21 4.42157e-40 7.61653e-22 3.95318e-42 6.80970e-24 
1.91164e+18 1.49433e-45 2.85663e-27 7.47090e-46 1.42817e-27 6.46999e-46 1.23683e-27 3.73545e-46 7.14085e-28 3.33975e-48 6.38440e-30 
2.12145e+18 2.62890e-52 5.57709e-34 1.31432e-52 2.78826e-34 1.13823e-52 2.41470e-34 6.57159e-53 1.39413e-34 5.87544e-55 1.24645e-36 
2.35429e+18 8.10717e-60 1.90866e-41 4.05318e-60 9.54234e-42 3.51015e-60 8.26391e-42 2.02659e-60 4.77117e-42 1.81191e-62 4.26575e-44 
2.61268e+18 3.62021e-68 9.45843e-50 1.80992e-68 4.72874e-50 1.56744e-68 4.09521e-50 9.04960e-69 2.36437e-50 8.09096e-71 2.11390e-52 
2.89942e+18 1.89347e-77 5.48997e-59 9.46639e-78 2.74471e-59 8.19813e-78 2.37699e-59 4.73319e-78 1.37235e-59 4.23180e-80 1.22698e-61 
3.21764e+18 9.16700e-88 2.94961e-69 4.58303e-88 1.47466e-69 3.96902e-88 1.27709e-69 2.29152e-88 7.37328e-70 2.04877e-90 6.59221e-72 
3.57079e+18 3.16377e-99 1.12971e-80 1.58172e-99 5.64799e-81 1.36981e-99 4.89130e-81 7.90861e-100 2.82400e-81 7.07083e-102 2.52484e-83 
3.96269e+18 5.82512e-112 2.30831e-93 2.91226e-112 1.15404e-93 2.52210e-112 9.99428e-94 1.45613e-112 5.77020e-94 1.30188e-114 5.15895e-96 
4.39760e+18 4.14789e-126 1.82408e-107 2.07374e-126 9.11947e-108 1.79591e-126 7.89769e-108 1.03687e-126 4.55973e-108 9.27030e-129 4.07671e-110 
4.88025e+18 7.99351e-142 3.90104e-123 3.99635e-142 1.95032e-123 3.46094e-142 1.68903e-123 1.99818e-142 9.75160e-124 1.78650e-144 8.71859e-126 
5.41587e+18 2.80535e-159 1.51934e-140 1.40253e-159 7.59594e-141 1.21463e-159 6.57827e-141 7.01266e-160 3.79797e-141 6.26979e-162 3.39564e-143 
6.01028e+18 1.15516e-178 6.94284e-160 5.77522e-179 3.47107e-160 5.00149e-179 3.00603e-160 2.88761e-179 1.73553e-160 2.58172e-181 1.55168e-162 
6.66992e+18 3.42624e-200 2.28527e-181 1.71294e-200 1.14252e-181 1.48345e-200 9.89451e-182 8.56472e-201 5.71260e-182 7.65744e-203 5.10745e-184 
7.40196e+18 4.25959e-224 3.15293e-205 2.12958e-224 1.57631e-205 1.84427e-224 1.36512e-205 1.06479e-224 7.88154e-206 9.51995e-227 7.04663e-208 
8.21434e+18 1.21715e-250 9.99812e-232 6.08515e-251 4.99855e-232 5.26990e-251 4.32888e-232 3.04258e-251 2.49928e-232 2.72027e-253 2.23452e-234 
9.11589e+18 4.10354e-280 3.74074e-261 2.05156e-280 1.87018e-261 1.77671e-280 1.61963e-261 1.02578e-280 9.35091e-262 9.17118e-283 8.36035e-264 
1.01164e+19 0.00000e+00 0.00000e+00 0.00000e+00 0.00000e+00 0.00000e+00 0.00000e+00 0.00000e+00 0.00000e+00 0.00000e+00 0.00000e+00 
1.12267e+19 0.00000e+00 0.00000e+00 0.00000e+00 0.00000e+00 0.00000e+00 0.00000e+00 0.00000e+00 0.00000e+00 0.00000e+00 0.00000e+00 
1.24588e+19 0.00000e+00 0.00000e+00 0.00000e+00 0.00000e+00 0.00000e+00 0.00000e+00 0.00000e+00 0.00000e+00 0.00000e+00 0.00000e+00 
1.38262e+19 0.00000e+00 0.00000e+00 0.00000e+00 0.00000e+00 0.00000e+00 0.00000e+00 0.00000e+00 0.00000e+00 0.00000e+00 0.00000e+00 
1.53437e+19 0.00000e+00 0.00000e+00 0.00000e+00 0.00000e+00 0.00000e+00 0.00000e+00 0.00000e+00 0.00000e+00 0.00000e+00 0.00000e+00 
1.70277e+19 0.00000e+00 0.00000e+00 0.00000e+00 0.00000e+00 0.00000e+00 0.00000e+00 0.00000e+00 0.00000e+00 0.00000e+00 0.00000e+00 
1.88965e+19 0.00000e+00 0.00000e+00 0.00000e+00 0.00000e+00 0.00000e+00 0.00000e+00 0.00000e+00 0.00000e+00 0.00000e+00 0.00000e+00 
2.09705e+19 0.00000e+00 0.00000e+00 0.00000e+00 0.00000e+00 0.00000e+00 0.00000e+00 0.00000e+00 0.00000e+00 0.00000e+00 0.00000e+00 
2.32720e+19 0.00000e+00 0.00000e+00 0.00000e+00 0.00000e+00 0.00000e+00 0.00000e+00 0.00000e+00 0.00000e+00 0.00000e+00 0.00000e+00 
2.58262e+19 0.00000e+00 0.00000e+00 0.00000e+00 0.00000e+00 0.00000e+00 0.00000e+00 0.00000e+00 0.00000e+00 0.00000e+00 0.00000e+00 
2.86607e+19 0.00000e+00 0.00000e+00 0.00000e+00 0.00000e+00 0.00000e+00 0.00000e+00 0.00000e+00 0.00000e+00 0.00000e+00 0.00000e+00 
3.18063e+19 0.00000e+00 0.00000e+00 0.00000e+00 0.00000e+00 0.00000e+00 0.00000e+00 0.00000e+00 0.00000e+00 0.00000e+00 0.00000e+00 
3.52971e+19 0.00000e+00 0.00000e+00 0.00000e+00 0.00000e+00 0.00000e+00 0.00000e+00 0.00000e+00 0.00000e+00 0.00000e+00 0.00000e+00 
3.91710e+19 0.00000e+00 0.00000e+00 0.00000e+00 0.00000e+00 0.00000e+00 0.00000e+00 0.00000e+00 0.00000e+00 0.00000e+00 0.00000e+00 
4.34701e+19 0.00000e+00 0.00000e+00 0.00000e+00 0.00000e+00 0.00000e+00 0.00000e+00 0.00000e+00 0.00000e+00 0.00000e+00 0.00000e+00 
4.82411e+19 0.00000e+00 0.00000e+00 0.00000e+00 0.00000e+00 0.00000e+00 0.00000e+00 0.00000e+00 0.00000e+00 0.00000e+00 0.00000e+00 
5.35357e+19 0.00000e+00 0.00000e+00 0.00000e+00 0.00000e+00 0.00000e+00 0.00000e+00 0.00000e+00 0.00000e+00 0.00000e+00 0.00000e+00 
5.94113e+19 0.00000e+00 0.00000e+00 0.00000e+00 0.00000e+00 0.00000e+00 0.00000e+00 0.00000e+00 0.00000e+00 0.00000e+00 0.00000e+00 
6.59319e+19 0.00000e+00 0.00000e+00 0.00000e+00 0.00000e+00 0.00000e+00 0.00000e+00 0.00000e+00 0.00000e+00 0.00000e+00 0.00000e+00 
7.31681e+19 0.00000e+00 0.00000e+00 0.00000e+00 0.00000e+00 0.00000e+00 0.00000e+00 0.00000e+00 0.00000e+00 0.00000e+00 0.00000e+00 
8.11984e+19 0.00000e+00 0.00000e+00 0.00000e+00 0.00000e+00 0.00000e+00 0.00000e+00 0.00000e+00 0.00000e+00 0.00000e+00 0.00000e+00 
9.01102e+19 0.00000e+00 0.00000e+00 0.00000e+00 0.00000e+00 0.00000e+00 0.00000e+00 0.00000e+00 0.00000e+00 0.00000e+00 0.00000e+00 
1.00000e+20 0.00000e+00 0.00000e+00 0.00000e+00 0.00000e+00 0.00000e+00 0.00000e+00 0.00000e+00 0.00000e+00 0.00000e+00 0.00000e+00 
