1.00000e+11 5.82051e+20 5.82051e+31 5.12934e+19 5.12934e+30 9.66656e+19 9.66656e+30 1.49156e+20 1.49156e+31 1.72389e+20 1.72389e+31 
1.10975e+11 7.16819e+20 7.95491e+31 6.31702e+19 7.01033e+30 1.19048e+20 1.32113e+31 1.83691e+20 2.03852e+31 2.12304e+20 2.35605e+31 
1.23155e+11 8.82789e+20 1.08720e+32 7.77970e+19 9.58110e+30 1.46612e+20 1.80560e+31 2.26223e+20 2.78605e+31 2.61461e+20 3.22002e+31 
1.36672e+11 1.08719e+21 1.48588e+32 9.58105e+19 1.30946e+31 1.80558e+20 2.46772e+31 2.78602e+20 3.80770e+31 3.21998e+20 4.40080e+31 
1.51672e+11 1.33891e+21 2.03075e+32 1.17995e+20 1.78965e+31 2.22364e+20 3.37263e+31 3.43108e+20 5.20398e+31 3.96552e+20 6.01457e+31 
1.68318e+11 1.64891e+21 2.77542e+32 1.45316e+20 2.44593e+31 2.73849e+20 4.60937e+31 4.22549e+20 7.11226e+31 4.88367e+20 8.22009e+31 
1.86791e+11 2.03069e+21 3.79315e+32 1.78963e+20 3.34287e+31 3.37254e+20 6.29962e+31 5.20382e+20 9.72029e+31 6.01439e+20 1.12344e+32 
2.07292e+11 2.50085e+21 5.18407e+32 2.20400e+20 4.56872e+31 4.15339e+20 8.60966e+31 6.40866e+20 1.32846e+32 7.40689e+20 1.53539e+32 
2.30043e+11 3.07987e+21 7.08501e+32 2.71432e+20 6.24410e+31 5.11503e+20 1.17668e+32 7.89243e+20 1.81560e+32 9.12178e+20 2.09840e+32 
2.55291e+11 3.79293e+21 9.68300e+32 3.34279e+20 8.53384e+31 6.29930e+20 1.60815e+32 9.71972e+20 2.48136e+32 1.12337e+21 2.86786e+32 
2.83310e+11 4.67107e+21 1.32336e+33 4.11678e+20 1.16632e+32 7.75775e+20 2.19784e+32 1.19700e+21 3.39123e+32 1.38345e+21 3.91945e+32 
3.14404e+11 5.75252e+21 1.80861e+33 5.06997e+20 1.59402e+32 9.55384e+20 3.00376e+32 1.47413e+21 4.63473e+32 1.70374e+21 5.35663e+32 
3.48910e+11 7.08431e+21 2.47179e+33 6.24385e+20 2.17854e+32 1.17657e+21 4.10518e+32 1.81542e+21 6.33417e+32 2.09818e+21 7.32077e+32 
3.87204e+11 8.72440e+21 3.37812e+33 7.68951e+20 2.97741e+32 1.44897e+21 5.61046e+32 2.23570e+21 8.65673e+32 2.58393e+21 1.00051e+33 
4.29700e+11 1.07442e+22 4.61677e+33 9.46989e+20 4.06921e+32 1.78442e+21 7.66767e+32 2.75328e+21 1.18309e+33 3.18213e+21 1.36736e+33 
4.76861e+11 1.32315e+22 6.30957e+33 1.16625e+21 5.56137e+32 2.19753e+21 1.04792e+33 3.39067e+21 1.61688e+33 3.91879e+21 1.86872e+33 
5.29198e+11 1.62945e+22 8.62301e+33 1.43626e+21 7.60068e+32 2.70626e+21 1.43215e+33 4.17560e+21 2.20972e+33 4.82597e+21 2.55389e+33 
5.87279e+11 2.00665e+22 1.17846e+34 1.76880e+21 1.03878e+33 3.33276e+21 1.95726e+33 5.14221e+21 3.01991e+33 5.94312e+21 3.49027e+33 
6.51734e+11 2.47116e+22 1.61054e+34 2.17832e+21 1.41968e+33 4.10426e+21 2.67489e+33 6.33255e+21 4.12714e+33 7.31884e+21 4.76994e+33 
7.23263e+11 3.04318e+22 2.20102e+34 2.68264e+21 1.94026e+33 5.05434e+21 3.65562e+33 7.79838e+21 5.64028e+33 9.01296e+21 6.51874e+33 
8.02643e+11 3.74757e+22 3.00797e+34 3.30372e+21 2.65171e+33 6.22431e+21 4.99590e+33 9.60345e+21 7.70815e+33 1.10991e+22 8.90866e+33 
8.90735e+11 4.61499e+22 4.11073e+34 4.06858e+21 3.62402e+33 7.66505e+21 6.82753e+33 1.18263e+22 1.05341e+34 1.36681e+22 1.21747e+34 
9.88496e+11 5.68312e+22 5.61774e+34 5.01049e+21 4.95285e+33 9.43922e+21 9.33063e+33 1.45634e+22 1.43959e+34 1.68315e+22 1.66379e+34 
1.09699e+12 6.99842e+22 7.67716e+34 6.17044e+21 6.76889e+33 1.16239e+22 1.27513e+34 1.79339e+22 1.96733e+34 2.07269e+22 2.27371e+34 
1.21738e+12 8.61804e+22 1.04914e+35 7.59890e+21 9.25077e+33 1.43142e+22 1.74259e+34 2.20843e+22 2.68851e+34 2.55236e+22 3.10720e+34 
1.35099e+12 1.06124e+23 1.43372e+35 9.35801e+21 1.26426e+34 1.76269e+22 2.38138e+34 2.71949e+22 3.67401e+34 3.14299e+22 4.24616e+34 
1.49927e+12 1.30680e+23 1.95925e+35 1.15243e+22 1.72780e+34 2.17061e+22 3.25432e+34 3.34877e+22 5.02070e+34 3.87025e+22 5.80255e+34 
1.66382e+12 1.60917e+23 2.67737e+35 1.41919e+22 2.36128e+34 2.67288e+22 4.44719e+34 4.12360e+22 6.86091e+34 4.76573e+22 7.92930e+34 
1.84642e+12 1.98147e+23 3.65864e+35 1.74770e+22 3.22700e+34 3.29135e+22 6.07723e+34 5.07764e+22 9.37547e+34 5.86830e+22 1.08354e+35 
2.04907e+12 2.43987e+23 4.99948e+35 2.15223e+22 4.41008e+34 4.05285e+22 8.30460e+34 6.25229e+22 1.28114e+35 7.22583e+22 1.48063e+35 
2.27397e+12 3.00426e+23 6.83158e+35 2.65038e+22 6.02687e+34 4.99046e+22 1.13481e+35 7.69855e+22 1.75062e+35 8.89723e+22 2.02320e+35 
2.52354e+12 3.69912e+23 9.33487e+35 3.26380e+22 8.23632e+34 6.14487e+22 1.55068e+35 9.47915e+22 2.39210e+35 1.09550e+23 2.76454e+35 
2.80050e+12 4.55459e+23 1.27552e+36 4.01915e+22 1.12557e+35 7.56617e+22 2.11891e+35 1.16713e+23 3.26855e+35 1.34884e+23 3.77743e+35 
3.10787e+12 5.60777e+23 1.74282e+36 4.94927e+22 1.53817e+35 9.31600e+22 2.89529e+35 1.43701e+23 4.46602e+35 1.66072e+23 5.16129e+35 
3.44896e+12 6.90427e+23 2.38126e+36 6.09457e+22 2.10199e+35 1.14702e+23 3.95604e+35 1.76924e+23 6.10202e+35 2.04465e+23 7.05191e+35 
3.82749e+12 8.50026e+23 3.25347e+36 7.50480e+22 2.87246e+35 1.41222e+23 5.40527e+35 2.17820e+23 8.33706e+35 2.51726e+23 9.63478e+35 
4.24757e+12 1.04648e+24 4.44501e+36 9.24122e+22 3.92528e+35 1.73868e+23 7.38517e+35 2.68161e+23 1.13903e+36 3.09899e+23 1.31632e+36 
4.71375e+12 1.28829e+24 6.07269e+36 1.13792e+23 5.36389e+35 2.14054e+23 1.00900e+36 3.30124e+23 1.55612e+36 3.81501e+23 1.79830e+36 
5.23110e+12 1.58591e+24 8.29604e+36 1.40116e+23 7.32962e+35 2.63517e+23 1.37848e+36 4.06386e+23 2.12585e+36 4.69626e+23 2.45666e+36 
5.80523e+12 1.95219e+24 1.13329e+37 1.72526e+23 1.00155e+36 3.24396e+23 1.88319e+36 5.00242e+23 2.90402e+36 5.78079e+23 3.35588e+36 
6.44236e+12 2.40293e+24 1.54806e+37 2.12429e+23 1.36854e+36 3.99322e+23 2.57258e+36 6.15740e+23 3.96682e+36 7.11537e+23 4.58398e+36 
7.14943e+12 2.95758e+24 2.11450e+37 2.61554e+23 1.86996e+36 4.91528e+23 3.51415e+36 7.57861e+23 5.41828e+36 8.75754e+23 6.26114e+36 
7.93410e+12 3.64001e+24 2.88802e+37 3.22031e+23 2.55502e+36 6.04991e+23 4.80005e+36 9.32724e+23 7.40032e+36 1.07780e+24 8.55134e+36 
8.80488e+12 4.47958e+24 3.94422e+37 3.96479e+23 3.49096e+36 7.44597e+23 6.55609e+36 1.14785e+24 1.01067e+37 1.32635e+24 1.16784e+37 
9.77124e+12 5.51236e+24 5.38626e+37 4.88124e+23 4.76957e+36 9.16353e+23 8.95390e+36 1.41248e+24 1.38017e+37 1.63209e+24 1.59476e+37 
1.08437e+13 6.78264e+24 7.35487e+37 6.00929e+23 6.51627e+36 1.12764e+24 1.22277e+37 1.73796e+24 1.88458e+37 2.00812e+24 2.17754e+37 
1.20338e+13 8.34483e+24 1.00420e+38 7.39774e+23 8.90228e+36 1.38752e+24 1.66971e+37 2.13823e+24 2.57309e+37 2.47054e+24 2.97299e+37 
1.33545e+13 1.02657e+25 1.37093e+38 9.10659e+23 1.21614e+37 1.70713e+24 2.27980e+37 2.63039e+24 3.51275e+37 3.03909e+24 4.05855e+37 
1.48202e+13 1.26272e+25 1.87138e+38 1.12096e+24 1.66129e+37 2.10014e+24 3.11246e+37 3.23543e+24 4.79498e+37 3.73800e+24 5.53980e+37 
1.64468e+13 1.55298e+25 2.55415e+38 1.37976e+24 2.26925e+37 2.58332e+24 4.24873e+37 3.97911e+24 6.54435e+37 4.59701e+24 7.56059e+37 
1.82518e+13 1.90968e+25 3.48552e+38 1.69819e+24 3.09952e+37 3.17724e+24 5.79905e+37 4.89298e+24 8.93059e+37 5.65253e+24 1.03169e+38 
2.02550e+13 2.34792e+25 4.75571e+38 2.08998e+24 4.23326e+37 3.90714e+24 7.91392e+37 6.01573e+24 1.21849e+38 6.94921e+24 1.40756e+38 
2.24781e+13 2.88619e+25 6.48760e+38 2.57197e+24 5.78128e+37 4.80393e+24 1.07983e+38 7.39473e+24 1.66219e+38 8.54170e+24 1.92001e+38 
2.49451e+13 3.54714e+25 8.84836e+38 3.16484e+24 7.89473e+37 5.90550e+24 1.47313e+38 9.08795e+24 2.26700e+38 1.04969e+25 2.61846e+38 
2.76829e+13 4.35845e+25 1.20654e+39 3.89402e+24 1.07798e+38 7.25820e+24 2.00928e+38 1.11663e+25 3.09116e+38 1.28966e+25 3.57014e+38 
3.07211e+13 5.35398e+25 1.64480e+39 4.79071e+24 1.47176e+38 8.91877e+24 2.73995e+38 1.37165e+25 4.21386e+38 1.58407e+25 4.86643e+38 
3.40929e+13 6.57507e+25 2.24163e+39 5.89322e+24 2.00917e+38 1.09566e+25 3.73540e+38 1.68443e+25 5.74271e+38 1.94512e+25 6.63147e+38 
3.78346e+13 8.07213e+25 3.05406e+39 7.24853e+24 2.74245e+38 1.34563e+25 5.09112e+38 2.06789e+25 7.82379e+38 2.38769e+25 9.03374e+38 
4.19871e+13 9.90664e+25 4.15951e+39 8.91427e+24 3.74284e+38 1.65212e+25 6.93679e+38 2.53776e+25 1.06553e+39 2.92991e+25 1.23018e+39 
4.65953e+13 1.21534e+26 5.66291e+39 1.09611e+25 5.10735e+38 2.02775e+25 9.44837e+38 3.11318e+25 1.45060e+39 3.59382e+25 1.67455e+39 
5.17092e+13 1.49034e+26 7.70643e+39 1.34756e+25 6.96811e+38 2.48785e+25 1.28645e+39 3.81744e+25 1.97397e+39 4.40623e+25 2.27842e+39 
5.73844e+13 1.82670e+26 1.04824e+40 1.65637e+25 9.50496e+38 3.05109e+25 1.75085e+39 4.67879e+25 2.68489e+39 5.39962e+25 3.09854e+39 
6.36825e+13 2.23781e+26 1.42509e+40 2.03551e+25 1.29626e+39 3.74012e+25 2.38180e+39 5.73144e+25 3.64993e+39 6.61337e+25 4.21156e+39 
7.06718e+13 2.73985e+26 1.93630e+40 2.50084e+25 1.76739e+39 4.58243e+25 3.23848e+39 7.01682e+25 4.95891e+39 8.09505e+25 5.72092e+39 
7.84282e+13 3.35236e+26 2.62920e+40 3.07174e+25 2.40911e+39 5.61125e+25 4.40080e+39 8.58486e+25 6.73296e+39 9.90203e+25 7.76599e+39 
8.70359e+13 4.09887e+26 3.56749e+40 3.77186e+25 3.28288e+39 6.86676e+25 5.97655e+39 1.04957e+26 9.13506e+39 1.21033e+26 1.05342e+40 
9.65883e+13 5.00764e+26 4.83680e+40 4.63005e+25 4.47209e+39 8.39736e+25 8.11087e+39 1.28216e+26 1.23842e+40 1.47818e+26 1.42775e+40 
1.07189e+14 6.11253e+26 6.55197e+40 5.68144e+25 6.08989e+39 1.02612e+26 1.09989e+40 1.56491e+26 1.67741e+40 1.80364e+26 1.93330e+40 
1.18953e+14 7.45394e+26 8.86671e+40 6.96878e+25 8.28960e+39 1.25281e+26 1.49027e+40 1.90812e+26 2.26977e+40 2.19852e+26 2.61521e+40 
1.32009e+14 9.07992e+26 1.19863e+41 8.54399e+25 1.12788e+40 1.52814e+26 2.01729e+40 2.32406e+26 3.06797e+40 2.67682e+26 3.53364e+40 
1.46497e+14 1.10474e+27 1.61841e+41 1.04700e+26 1.53383e+40 1.86204e+26 2.72784e+40 2.82725e+26 4.14185e+40 3.25512e+26 4.76866e+40 
1.62576e+14 1.34234e+27 2.18231e+41 1.28232e+26 2.08474e+40 2.26628e+26 3.68441e+40 3.43478e+26 5.58412e+40 3.95286e+26 6.42639e+40 
1.80419e+14 1.62865e+27 2.93839e+41 1.56956e+26 2.83178e+40 2.75475e+26 4.97009e+40 4.16667e+26 7.51746e+40 4.79282e+26 8.64713e+40 
2.00220e+14 1.97285e+27 3.95003e+41 1.91984e+26 3.84389e+40 3.34381e+26 6.69499e+40 5.04624e+26 1.01036e+41 5.80140e+26 1.16156e+41 
2.22195e+14 2.38552e+27 5.30049e+41 2.34649e+26 5.21378e+40 4.05255e+26 9.00454e+40 6.10041e+26 1.35548e+41 7.00907e+26 1.55738e+41 
2.46581e+14 2.87884e+27 7.09867e+41 2.86555e+26 7.06590e+40 4.90312e+26 1.20902e+41 7.36009e+26 1.81486e+41 8.45064e+26 2.08377e+41 
2.73644e+14 3.46666e+27 9.48632e+41 3.49613e+26 9.56695e+40 5.92109e+26 1.62027e+41 8.86037e+26 2.42459e+41 1.01655e+27 2.78173e+41 
3.03677e+14 4.16460e+27 1.26470e+42 4.26102e+26 1.29397e+41 7.13571e+26 2.16695e+41 1.06407e+27 3.23134e+41 1.21978e+27 3.70419e+41 
3.37006e+14 4.99005e+27 1.68168e+42 5.18720e+26 1.74812e+41 8.58017e+26 2.89157e+41 1.27450e+27 4.29515e+41 1.45962e+27 4.91901e+41 
3.73994e+14 5.96214e+27 2.22980e+42 6.30652e+26 2.35860e+41 1.02917e+27 3.84904e+41 1.52213e+27 5.69267e+41 1.74138e+27 6.51265e+41 
4.15040e+14 7.10163e+27 2.94746e+42 7.65631e+26 3.17768e+41 1.23118e+27 5.10992e+41 1.81215e+27 7.52117e+41 2.07074e+27 8.59442e+41 
4.60592e+14 8.43066e+27 3.88310e+42 9.28006e+26 4.27433e+41 1.46861e+27 6.76429e+41 2.15009e+27 9.90315e+41 2.45369e+27 1.13015e+42 
5.11143e+14 9.97249e+27 5.09737e+42 1.12281e+27 5.73914e+41 1.74639e+27 8.92655e+41 2.54168e+27 1.29916e+42 2.89636e+27 1.48045e+42 
5.67243e+14 1.17510e+28 6.66569e+42 1.35579e+27 7.69060e+41 2.06983e+27 1.17410e+42 2.99278e+27 1.69764e+42 3.40492e+27 1.93142e+42 
6.29499e+14 1.37905e+28 8.68110e+42 1.63348e+27 1.02827e+42 2.44453e+27 1.53883e+42 3.50924e+27 2.20907e+42 3.98541e+27 2.50881e+42 
6.98588e+14 1.61148e+28 1.12576e+43 1.96317e+27 1.37145e+42 2.87635e+27 2.00938e+42 4.09674e+27 2.86193e+42 4.64354e+27 3.24392e+42 
7.75260e+14 1.87470e+28 1.45338e+43 2.35291e+27 1.82412e+42 3.37127e+27 2.61361e+42 4.76064e+27 3.69074e+42 5.38454e+27 4.17441e+42 
8.60346e+14 2.17092e+28 1.86774e+43 2.81136e+27 2.41874e+42 3.93537e+27 3.38578e+42 5.50591e+27 4.73699e+42 6.21303e+27 5.34536e+42 
9.54772e+14 2.50218e+28 2.38901e+43 3.34765e+27 3.19624e+42 4.57464e+27 4.36774e+42 6.33690e+27 6.05029e+42 7.13287e+27 6.81026e+42 
1.05956e+15 2.87028e+28 3.04124e+43 3.97106e+27 4.20758e+42 5.29484e+27 5.61020e+42 7.25725e+27 7.68950e+42 8.14697e+27 8.63221e+42 
1.17585e+15 3.27670e+28 3.85291e+43 4.69060e+27 5.51544e+42 6.10117e+27 7.17406e+42 8.26955e+27 9.72375e+42 9.25702e+27 1.08849e+43 
1.30490e+15 3.72235e+28 4.85730e+43 5.51437e+27 7.19572e+42 6.99786e+27 9.13152e+42 9.37482e+27 1.22332e+43 1.04628e+28 1.36530e+43 
1.44812e+15 4.20724e+28 6.09257e+43 6.44882e+27 9.33865e+42 7.98740e+27 1.15667e+43 1.05716e+28 1.53090e+43 1.17615e+28 1.70320e+43 
1.60705e+15 4.72991e+28 7.60121e+43 7.49764e+27 1.20491e+43 9.06955e+27 1.45753e+43 1.18548e+28 1.90513e+43 1.31455e+28 2.11256e+43 
1.78343e+15 5.28670e+28 9.42847e+43 8.66057e+27 1.54455e+43 1.02400e+28 1.82624e+43 1.32135e+28 2.35653e+43 1.46012e+28 2.60402e+43 
1.97917e+15 5.87086e+28 1.16194e+44 9.93198e+27 1.96571e+43 1.14889e+28 2.27385e+43 1.46292e+28 2.89537e+43 1.61055e+28 3.18755e+43 
2.19639e+15 6.47165e+28 1.42142e+44 1.12993e+28 2.48176e+43 1.27991e+28 2.81118e+43 1.60737e+28 3.53041e+43 1.76242e+28 3.87095e+43 
2.43744e+15 7.07365e+28 1.72416e+44 1.27415e+28 3.10566e+43 1.41449e+28 3.44774e+43 1.75074e+28 4.26734e+43 1.91096e+28 4.65787e+43 
2.70496e+15 7.65653e+28 2.07106e+44 1.42278e+28 3.84856e+43 1.54913e+28 4.19034e+43 1.88790e+28 5.10669e+43 2.05005e+28 5.54531e+43 
3.00184e+15 8.19533e+28 2.46010e+44 1.57172e+28 4.71806e+43 1.67943e+28 5.04139e+43 2.01263e+28 6.04160e+43 2.17232e+28 6.52094e+43 
3.33129e+15 8.66159e+28 2.88543e+44 1.71589e+28 5.71614e+43 1.80023e+28 5.99710e+43 2.11798e+28 7.05562e+43 2.26949e+28 7.56035e+43 
3.69691e+15 9.02531e+28 3.33658e+44 1.84941e+28 6.83712e+43 1.90590e+28 7.04595e+43 2.19671e+28 8.12105e+43 2.33306e+28 8.62511e+43 
4.10266e+15 9.25779e+28 3.79816e+44 1.96604e+28 8.06600e+43 1.99085e+28 8.16779e+43 2.24206e+28 9.19842e+43 2.35505e+28 9.66196e+43 
4.55294e+15 9.33523e+28 4.25027e+44 2.05981e+28 9.37818e+43 2.05016e+28 9.33425e+43 2.24863e+28 1.02379e+44 2.32914e+28 1.06044e+44 
5.05263e+15 9.24278e+28 4.67003e+44 2.12583e+28 1.07411e+44 2.08035e+28 1.05112e+44 2.21338e+28 1.11834e+44 2.25178e+28 1.13774e+44 
5.60717e+15 8.97847e+28 5.03438e+44 2.16126e+28 1.21185e+44 2.08017e+28 1.16639e+44 2.13657e+28 1.19801e+44 2.12331e+28 1.19058e+44 
6.22257e+15 8.55601e+28 5.32404e+44 2.16601e+28 1.34782e+44 2.05120e+28 1.27637e+44 2.02240e+28 1.25845e+44 1.94872e+28 1.21260e+44 
6.90551e+15 8.00526e+28 5.52804e+44 2.14322e+28 1.48001e+44 1.99802e+28 1.37974e+44 1.87904e+28 1.29757e+44 1.73774e+28 1.20000e+44 
7.66341e+15 7.36965e+28 5.64767e+44 2.09894e+28 1.60850e+44 1.92777e+28 1.47733e+44 1.71789e+28 1.31649e+44 1.50409e+28 1.15265e+44 
8.50449e+15 6.70016e+28 5.69814e+44 2.04106e+28 1.73582e+44 1.84896e+28 1.57244e+44 1.55198e+28 1.31988e+44 1.26375e+28 1.07476e+44 
9.43788e+15 6.04671e+28 5.70681e+44 1.97759e+28 1.86642e+44 1.76971e+28 1.67023e+44 1.39370e+28 1.31536e+44 1.03257e+28 9.74525e+43 
1.04737e+16 5.44912e+28 5.70725e+44 1.91457e+28 2.00526e+44 1.69587e+28 1.77620e+44 1.25252e+28 1.31186e+44 8.23751e+27 8.62772e+43 
1.16232e+16 4.92990e+28 5.73014e+44 1.85436e+28 2.15537e+44 1.62945e+28 1.89394e+44 1.13325e+28 1.31721e+44 6.45906e+27 7.50751e+43 
1.28989e+16 4.49141e+28 5.79343e+44 1.79490e+28 2.31522e+44 1.56810e+28 2.02268e+44 1.03546e+28 1.33563e+44 5.02207e+27 6.47792e+43 
1.43146e+16 4.11803e+28 5.89478e+44 1.73020e+28 2.47670e+44 1.50577e+28 2.15545e+44 9.54208e+27 1.36591e+44 3.90884e+27 5.59534e+43 
1.58857e+16 3.78278e+28 6.00919e+44 1.65214e+28 2.62453e+44 1.43447e+28 2.27876e+44 8.81941e+27 1.40102e+44 3.06763e+27 4.87313e+43 
1.76291e+16 3.45608e+28 6.09276e+44 1.55296e+28 2.73774e+44 1.34659e+28 2.37392e+44 8.10773e+27 1.42932e+44 2.43247e+27 4.28824e+43 
1.95640e+16 3.11396e+28 6.09216e+44 1.42769e+28 2.79313e+44 1.23712e+28 2.42030e+44 7.34570e+27 1.43711e+44 1.94071e+27 3.79680e+43 
2.17112e+16 2.74375e+28 5.95700e+44 1.27581e+28 2.76993e+44 1.10515e+28 2.39941e+44 6.50250e+27 1.41177e+44 1.54389e+27 3.35196e+43 
2.40940e+16 2.34601e+28 5.65248e+44 1.10185e+28 2.65479e+44 9.54317e+27 2.29933e+44 5.58126e+27 1.34475e+44 1.21108e+27 2.91798e+43 
2.67384e+16 1.93321e+28 5.16910e+44 9.14711e+27 2.44579e+44 7.92190e+27 2.11819e+44 4.61423e+27 1.23377e+44 9.26544e+26 2.47743e+43 
2.96730e+16 1.52568e+28 4.52717e+44 7.26074e+27 2.15448e+44 6.28806e+27 1.86586e+44 3.65227e+27 1.08374e+44 6.84605e+26 2.03143e+43 
3.29297e+16 1.14629e+28 3.77471e+44 5.48149e+27 1.80504e+44 4.74713e+27 1.56322e+44 2.75184e+27 9.06172e+43 4.84363e+26 1.59499e+43 
3.65438e+16 8.15101e+27 2.97869e+44 3.91420e+27 1.43040e+44 3.38980e+27 1.23876e+44 1.96231e+27 7.17102e+43 3.25617e+26 1.18993e+43 
4.05546e+16 5.45237e+27 2.21119e+44 2.62833e+27 1.06591e+44 2.27620e+27 9.23103e+43 1.31641e+27 5.33864e+43 2.06490e+26 8.37411e+42 
4.50056e+16 3.40920e+27 1.53433e+44 1.64926e+27 7.42258e+43 1.42830e+27 6.42814e+43 8.25507e+26 3.71524e+43 1.22652e+26 5.52004e+42 
4.99451e+16 1.97894e+27 9.88383e+43 9.60520e+26 4.79732e+43 8.31835e+26 4.15460e+43 4.80569e+26 2.40020e+43 6.77576e+25 3.38416e+42 
5.54266e+16 1.05842e+27 5.86645e+43 5.15295e+26 2.85611e+43 4.46259e+26 2.47346e+43 2.57744e+26 1.42859e+43 3.45595e+25 1.91552e+42 
6.15099e+16 5.17218e+26 3.18140e+43 2.52505e+26 1.55316e+43 2.18676e+26 1.34507e+43 1.26279e+26 7.76742e+42 1.61479e+25 9.93254e+41 
6.82607e+16 2.28748e+26 1.56145e+43 1.11946e+26 7.64149e+42 9.69478e+25 6.61772e+42 5.59791e+25 3.82118e+42 6.85246e+24 4.67754e+41 
7.57525e+16 9.05772e+25 6.86145e+42 4.44185e+25 3.36481e+42 3.84675e+25 2.91401e+42 2.22105e+25 1.68250e+42 2.61494e+24 1.98088e+41 
8.40665e+16 3.17199e+25 2.66658e+42 1.55815e+25 1.30988e+42 1.34940e+25 1.13439e+42 7.79096e+24 6.54959e+41 8.87023e+23 7.45690e+40 
9.32930e+16 9.68890e+24 9.03907e+41 4.76573e+24 4.44609e+41 4.12724e+24 3.85043e+41 2.38289e+24 2.22307e+41 2.63866e+23 2.46169e+40 
1.03532e+17 2.54156e+24 2.63134e+41 1.25140e+24 1.29560e+41 1.08374e+24 1.12202e+41 6.25701e+23 6.47802e+40 6.77637e+22 7.01572e+39 
1.14895e+17 5.62757e+23 6.46580e+40 2.77292e+23 3.18595e+40 2.40142e+23 2.75912e+40 1.38646e+23 1.59298e+40 1.47582e+22 1.69565e+39 
1.27505e+17 1.03201e+23 1.31587e+40 5.08787e+22 6.48729e+39 4.40622e+22 5.61816e+39 2.54393e+22 3.24364e+39 2.67225e+21 3.40726e+38 
1.41499e+17 1.53520e+22 2.17229e+39 7.57151e+21 1.07136e+39 6.55712e+21 9.27827e+38 3.78575e+21 5.35680e+38 3.93614e+20 5.56960e+37 
1.57029e+17 1.81090e+21 2.84364e+38 8.93381e+20 1.40287e+38 7.73691e+20 1.21492e+38 4.46689e+20 7.01432e+37 4.60613e+19 7.23296e+36 
1.74263e+17 1.65232e+20 2.87939e+37 8.15333e+19 1.42083e+37 7.06099e+19 1.23047e+37 4.07664e+19 7.10409e+36 4.17366e+18 7.27316e+35 
1.93389e+17 1.13484e+19 2.19465e+36 5.60096e+18 1.08317e+36 4.85058e+18 9.38049e+35 2.80045e+18 5.41577e+35 2.84730e+17 5.50637e+34 
2.14614e+17 5.69336e+17 1.22188e+35 2.81053e+17 6.03180e+34 2.43399e+17 5.22369e+34 1.40524e+17 3.01585e+34 1.41786e+16 3.04292e+33 
2.38169e+17 2.01845e+16 4.80732e+33 9.96677e+15 2.37377e+33 8.63147e+15 2.05575e+33 4.98322e+15 1.18685e+33 4.97753e+14 1.18549e+32 
2.64308e+17 4.88391e+14 1.29086e+32 2.41262e+14 6.37676e+31 2.08939e+14 5.52244e+31 1.20623e+14 3.18818e+31 1.18444e+13 3.13056e+30 
2.93317e+17 7.90973e+12 2.32006e+30 3.91110e+12 1.14719e+30 3.38711e+12 9.93497e+29 1.95530e+12 5.73521e+29 1.83832e+11 5.39210e+28 
3.25509e+17 1.00514e+11 3.27183e+28 4.98528e+10 1.62275e+28 4.31738e+10 1.40535e+28 2.49209e+10 8.11196e+27 1.95833e+09 6.37454e+26 
3.61234e+17 2.39951e+09 8.66784e+26 1.19575e+09 4.31945e+26 1.03555e+09 3.74075e+26 5.97796e+08 2.15944e+26 3.06403e+07 1.10683e+25 
4.00881e+17 1.15803e+08 4.64231e+25 5.77520e+07 2.31517e+25 5.00147e+07 2.00499e+25 2.88753e+07 1.15756e+25 1.31854e+06 5.28578e+23 
4.44878e+17 4.83478e+06 2.15089e+24 2.41106e+06 1.07263e+24 2.08804e+06 9.28924e+23 1.20553e+06 5.36313e+23 5.49935e+04 2.44654e+22 
4.93705e+17 1.41809e+05 7.00118e+22 7.07184e+04 3.49140e+22 6.12439e+04 3.02364e+22 3.53592e+04 1.74570e+22 1.61316e+03 7.96425e+20 
5.47890e+17 2.76921e+03 1.51722e+21 1.38097e+03 7.56622e+20 1.19596e+03 6.55254e+20 6.90487e+02 3.78311e+20 3.14788e+01 1.72469e+19 
6.08022e+17 3.43918e+01 2.09110e+19 1.71509e+01 1.04281e+19 1.48531e+01 9.03103e+18 8.57545e+00 5.21407e+18 3.90630e-01 2.37512e+17 
6.74754e+17 2.58451e-01 1.74391e+17 1.28888e-01 8.69677e+16 1.11620e-01 7.53162e+16 6.44440e-02 4.34839e+16 2.93315e-03 1.97916e+15 
7.48810e+17 1.11210e-03 8.32749e+14 5.54597e-04 4.15288e+14 4.80295e-04 3.59650e+14 2.77299e-04 2.07644e+14 1.26109e-05 9.44315e+12 
8.30994e+17 2.57716e-06 2.14161e+12 1.28522e-06 1.06801e+12 1.11304e-06 9.24927e+11 6.42612e-07 5.34007e+11 2.92005e-08 2.42654e+10 
9.22198e+17 3.00547e-09 2.77164e+09 1.49883e-09 1.38222e+09 1.29802e-09 1.19704e+09 7.49415e-10 6.91109e+08 3.40254e-11 3.13781e+07 
1.02341e+18 1.63630e-12 1.67460e+06 8.16024e-13 8.35129e+05 7.06698e-13 7.23243e+05 4.08012e-13 4.17564e+05 1.85092e-14 1.89426e+04 
1.13573e+18 3.82763e-16 4.34717e+02 1.90886e-16 2.16795e+02 1.65312e-16 1.87750e+02 9.54428e-17 1.08398e+02 4.32603e-18 4.91321e+00 
1.26038e+18 3.50896e-20 4.42264e-02 1.74994e-20 2.20560e-02 1.51549e-20 1.91010e-02 8.74971e-21 1.10280e-02 3.96252e-22 4.99430e-04 
1.39871e+18 1.13837e-24 1.59225e-06 5.67713e-25 7.94068e-07 4.91654e-25 6.87683e-07 2.83857e-25 3.97034e-07 1.28445e-26 1.79658e-08 
1.55223e+18 1.16663e-29 1.81087e-11 5.81809e-30 9.03099e-12 5.03862e-30 7.82107e-12 2.90905e-30 4.51550e-12 1.31532e-31 2.04167e-13 
1.72259e+18 3.32798e-35 5.73273e-17 1.65970e-35 2.85898e-17 1.43735e-35 2.47595e-17 8.29852e-36 1.42949e-17 3.74950e-37 6.45883e-19 
1.91164e+18 2.29483e-41 4.38691e-23 1.14447e-41 2.18781e-23 9.91137e-42 1.89470e-23 5.72233e-42 1.09391e-23 2.58390e-43 4.93950e-25 
2.12145e+18 3.26844e-48 6.93383e-30 1.63002e-48 3.45801e-30 1.41164e-48 2.99472e-30 8.15010e-49 1.72901e-30 3.67824e-50 7.80320e-32 
2.35429e+18 8.07074e-56 1.90008e-37 4.02501e-56 9.47603e-38 3.48576e-56 8.20649e-38 2.01251e-56 4.73802e-38 9.07880e-58 2.13741e-39 
2.61268e+18 2.84430e-64 7.43124e-46 1.41850e-64 3.70609e-46 1.22846e-64 3.20957e-46 7.09252e-65 1.85304e-46 3.19847e-66 8.35656e-48 
2.89942e+18 1.15285e-73 3.34260e-55 5.74948e-74 1.66702e-55 4.97920e-74 1.44368e-55 2.87474e-74 8.33509e-56 1.29604e-75 3.75776e-57 
3.21764e+18 4.23045e-84 1.36121e-65 2.10981e-84 6.78860e-66 1.82715e-84 5.87910e-66 1.05490e-84 3.39430e-66 4.75475e-86 1.52991e-67 
3.57079e+18 1.07815e-95 3.84986e-77 5.37697e-96 1.92000e-77 4.65659e-96 1.66277e-77 2.68848e-96 9.60000e-78 1.21151e-97 4.32605e-79 
3.96269e+18 1.42265e-108 5.63751e-90 7.09503e-109 2.81154e-90 6.14447e-109 2.43486e-90 3.54751e-109 1.40577e-90 1.59829e-110 6.33351e-92 
4.39760e+18 7.01899e-123 3.08668e-104 3.50052e-123 1.53939e-104 3.03154e-123 1.33315e-104 1.75026e-123 7.69694e-105 7.88391e-125 3.46703e-106 
4.88025e+18 9.02611e-139 4.40497e-120 4.50151e-139 2.19685e-120 3.89842e-139 1.90253e-120 2.25076e-139 1.09843e-120 1.01362e-140 4.94670e-122 
5.41587e+18 2.02760e-156 1.09812e-137 1.01121e-156 5.47658e-138 8.75734e-157 4.74286e-138 5.05605e-157 2.73829e-138 2.27645e-158 1.23289e-139 
6.01028e+18 5.10434e-176 3.06785e-157 2.54565e-176 1.53001e-157 2.20460e-176 1.32502e-157 1.27282e-176 7.65003e-158 5.72942e-178 3.44354e-159 
6.66992e+18 8.79998e-198 5.86951e-179 4.38875e-198 2.92726e-179 3.80077e-198 2.53508e-179 2.19437e-198 1.46363e-179 9.87517e-200 6.58666e-181 
7.40196e+18 6.01551e-222 4.45265e-203 3.00007e-222 2.22064e-203 2.59814e-222 1.92313e-203 1.50004e-222 1.11032e-203 6.74876e-224 4.99541e-205 
8.21434e+18 8.89074e-249 7.30316e-230 4.43402e-249 3.64226e-230 3.83998e-249 3.15429e-230 2.21701e-249 1.82113e-230 9.97190e-251 8.19126e-232 
9.11589e+18 1.44941e-278 1.32126e-259 7.22856e-279 6.58947e-260 6.26011e-279 5.70665e-260 3.61428e-279 3.29474e-260 1.62525e-280 1.48156e-261 
1.01164e+19 -2.76563e-314 -2.79781e-295 -1.38091e-314 -1.39699e-295 -1.19591e-314 -1.20983e-295 -6.90457e-315 -6.98493e-296 -2.27600e-316 -2.30249e-297 
1.12267e+19 0.00000e+00 0.00000e+00 0.00000e+00 0.00000e+00 0.00000e+00 0.00000e+00 0.00000e+00 0.00000e+00 0.00000e+00 0.00000e+00 
1.24588e+19 0.00000e+00 0.00000e+00 0.00000e+00 0.00000e+00 0.00000e+00 0.00000e+00 0.00000e+00 0.00000e+00 0.00000e+00 0.00000e+00 
1.38262e+19 0.00000e+00 0.00000e+00 0.00000e+00 0.00000e+00 0.00000e+00 0.00000e+00 0.00000e+00 0.00000e+00 0.00000e+00 0.00000e+00 
1.53437e+19 0.00000e+00 0.00000e+00 0.00000e+00 0.00000e+00 0.00000e+00 0.00000e+00 0.00000e+00 0.00000e+00 0.00000e+00 0.00000e+00 
1.70277e+19 0.00000e+00 0.00000e+00 0.00000e+00 0.00000e+00 0.00000e+00 0.00000e+00 0.00000e+00 0.00000e+00 0.00000e+00 0.00000e+00 
1.88965e+19 0.00000e+00 0.00000e+00 0.00000e+00 0.00000e+00 0.00000e+00 0.00000e+00 0.00000e+00 0.00000e+00 0.00000e+00 0.00000e+00 
2.09705e+19 0.00000e+00 0.00000e+00 0.00000e+00 0.00000e+00 0.00000e+00 0.00000e+00 0.00000e+00 0.00000e+00 0.00000e+00 0.00000e+00 
2.32720e+19 0.00000e+00 0.00000e+00 0.00000e+00 0.00000e+00 0.00000e+00 0.00000e+00 0.00000e+00 0.00000e+00 0.00000e+00 0.00000e+00 
2.58262e+19 0.00000e+00 0.00000e+00 0.00000e+00 0.00000e+00 0.00000e+00 0.00000e+00 0.00000e+00 0.00000e+00 0.00000e+00 0.00000e+00 
2.86607e+19 0.00000e+00 0.00000e+00 0.00000e+00 0.00000e+00 0.00000e+00 0.00000e+00 0.00000e+00 0.00000e+00 0.00000e+00 0.00000e+00 
3.18063e+19 0.00000e+00 0.00000e+00 0.00000e+00 0.00000e+00 0.00000e+00 0.00000e+00 0.00000e+00 0.00000e+00 0.00000e+00 0.00000e+00 
3.52971e+19 0.00000e+00 0.00000e+00 0.00000e+00 0.00000e+00 0.00000e+00 0.00000e+00 0.00000e+00 0.00000e+00 0.00000e+00 0.00000e+00 
3.91710e+19 0.00000e+00 0.00000e+00 0.00000e+00 0.00000e+00 0.00000e+00 0.00000e+00 0.00000e+00 0.00000e+00 0.00000e+00 0.00000e+00 
4.34701e+19 0.00000e+00 0.00000e+00 0.00000e+00 0.00000e+00 0.00000e+00 0.00000e+00 0.00000e+00 0.00000e+00 0.00000e+00 0.00000e+00 
4.82411e+19 0.00000e+00 0.00000e+00 0.00000e+00 0.00000e+00 0.00000e+00 0.00000e+00 0.00000e+00 0.00000e+00 0.00000e+00 0.00000e+00 
5.35357e+19 0.00000e+00 0.00000e+00 0.00000e+00 0.00000e+00 0.00000e+00 0.00000e+00 0.00000e+00 0.00000e+00 0.00000e+00 0.00000e+00 
5.94113e+19 0.00000e+00 0.00000e+00 0.00000e+00 0.00000e+00 0.00000e+00 0.00000e+00 0.00000e+00 0.00000e+00 0.00000e+00 0.00000e+00 
6.59319e+19 0.00000e+00 0.00000e+00 0.00000e+00 0.00000e+00 0.00000e+00 0.00000e+00 0.00000e+00 0.00000e+00 0.00000e+00 0.00000e+00 
7.31681e+19 0.00000e+00 0.00000e+00 0.00000e+00 0.00000e+00 0.00000e+00 0.00000e+00 0.00000e+00 0.00000e+00 0.00000e+00 0.00000e+00 
8.11984e+19 0.00000e+00 0.00000e+00 0.00000e+00 0.00000e+00 0.00000e+00 0.00000e+00 0.00000e+00 0.00000e+00 0.00000e+00 0.00000e+00 
9.01102e+19 0.00000e+00 0.00000e+00 0.00000e+00 0.00000e+00 0.00000e+00 0.00000e+00 0.00000e+00 0.00000e+00 0.00000e+00 0.00000e+00 
1.00000e+20 0.00000e+00 0.00000e+00 0.00000e+00 0.00000e+00 0.00000e+00 0.00000e+00 0.00000e+00 0.00000e+00 0.00000e+00 0.00000e+00 
