1.00000e+11 9.62008e+20 9.62008e+31 1.30572e+20 1.30572e+31 1.78120e+20 1.78120e+31 2.44043e+20 2.44043e+31 2.75440e+20 2.75440e+31 
1.10975e+11 1.18475e+21 1.31478e+32 1.60805e+20 1.78454e+31 2.19362e+20 2.43438e+31 3.00550e+20 3.33536e+31 3.39215e+20 3.76445e+31 
1.23155e+11 1.45907e+21 1.79692e+32 1.98038e+20 2.43894e+31 2.70154e+20 3.32708e+31 3.70139e+20 4.55845e+31 4.17757e+20 5.14489e+31 
1.36672e+11 1.79691e+21 2.45586e+32 2.43893e+20 3.33332e+31 3.32705e+20 4.54714e+31 4.55841e+20 6.23005e+31 5.14485e+20 7.03155e+31 
1.51672e+11 2.21296e+21 3.35643e+32 3.00364e+20 4.55568e+31 4.09739e+20 6.21459e+31 5.61386e+20 8.51463e+31 6.33607e+20 9.61003e+31 
1.68318e+11 2.72534e+21 4.58724e+32 3.69911e+20 6.22627e+31 5.04610e+20 8.49349e+31 6.91367e+20 1.16370e+32 7.80311e+20 1.31340e+32 
1.86791e+11 3.35635e+21 6.26938e+32 4.55560e+20 8.50948e+31 6.21446e+20 1.16081e+32 8.51443e+20 1.59042e+32 9.60980e+20 1.79503e+32 
2.07292e+11 4.13346e+21 8.56835e+32 5.61041e+20 1.16299e+32 7.65332e+20 1.58647e+32 1.04858e+21 2.17363e+32 1.18348e+21 2.45326e+32 
2.30043e+11 5.09049e+21 1.17103e+33 6.90943e+20 1.58947e+32 9.42533e+20 2.16823e+32 1.29136e+21 2.97069e+32 1.45749e+21 3.35286e+32 
2.55291e+11 6.26910e+21 1.60044e+33 8.50921e+20 2.17232e+32 1.16076e+21 2.96331e+32 1.59035e+21 4.06002e+32 1.79494e+21 4.58233e+32 
2.83310e+11 7.72057e+21 2.18731e+33 1.04794e+21 2.96891e+32 1.42951e+21 4.04994e+32 1.95856e+21 5.54879e+32 2.21052e+21 6.26262e+32 
3.14404e+11 9.50808e+21 2.98937e+33 1.29057e+21 4.05761e+32 1.76048e+21 5.53501e+32 2.41202e+21 7.58346e+32 2.72231e+21 8.55905e+32 
3.48910e+11 1.17094e+22 4.08554e+33 1.58938e+21 5.54551e+32 2.16808e+21 7.56464e+32 2.97045e+21 1.03642e+33 3.35259e+21 1.16975e+33 
3.87204e+11 1.44204e+22 5.58363e+33 1.95737e+21 7.57901e+32 2.67003e+21 1.03385e+33 3.65817e+21 1.41646e+33 4.12878e+21 1.59868e+33 
4.29700e+11 1.77589e+22 7.63102e+33 2.41055e+21 1.03582e+33 3.28820e+21 1.41294e+33 4.50509e+21 1.93584e+33 5.08465e+21 2.18488e+33 
4.76861e+11 2.18704e+22 1.04291e+34 2.96866e+21 1.41564e+33 4.04947e+21 1.93103e+33 5.54807e+21 2.64566e+33 6.26180e+21 2.98601e+33 
5.29198e+11 2.69335e+22 1.42532e+34 3.65597e+21 1.93473e+33 4.98697e+21 2.63909e+33 6.83250e+21 3.61574e+33 7.71145e+21 4.08089e+33 
5.87279e+11 3.31688e+22 1.94793e+34 4.50239e+21 2.64416e+33 6.14149e+21 3.60677e+33 8.41424e+21 4.94150e+33 9.49667e+21 5.57719e+33 
6.51734e+11 4.08473e+22 2.66216e+34 5.54476e+21 3.61371e+33 7.56326e+21 4.92923e+33 1.03621e+22 6.75334e+33 1.16951e+22 7.62211e+33 
7.23263e+11 5.03032e+22 3.63824e+34 6.82844e+21 4.93876e+33 9.31414e+21 6.73658e+33 1.27609e+22 9.22947e+33 1.44024e+22 1.04168e+34 
8.02643e+11 6.19477e+22 4.97219e+34 8.40927e+21 6.74964e+33 1.14703e+22 9.20655e+33 1.57148e+22 1.26134e+34 1.77364e+22 1.42360e+34 
8.90735e+11 7.62873e+22 6.79518e+34 1.03560e+22 9.22448e+33 1.41255e+22 1.25821e+34 1.93525e+22 1.72379e+34 2.18419e+22 1.94554e+34 
9.88496e+11 9.39457e+22 9.28649e+34 1.27534e+22 1.26067e+34 1.73952e+22 1.71951e+34 2.38320e+22 2.35578e+34 2.68977e+22 2.65882e+34 
1.09699e+12 1.15691e+23 1.26911e+35 1.57057e+22 1.72289e+34 2.14217e+22 2.34993e+34 2.93482e+22 3.21945e+34 3.31234e+22 3.63359e+34 
1.21738e+12 1.42468e+23 1.73438e+35 1.93413e+22 2.35458e+34 2.63800e+22 3.21146e+34 3.61409e+22 4.39973e+34 4.07898e+22 4.96568e+34 
1.35099e+12 1.75441e+23 2.37020e+35 2.38184e+22 3.21785e+34 3.24857e+22 4.38880e+34 4.45054e+22 6.01265e+34 5.02302e+22 6.78607e+34 
1.49927e+12 2.16044e+23 3.23907e+35 2.93316e+22 4.39760e+34 4.00043e+22 5.99771e+34 5.48052e+22 8.21677e+34 6.18548e+22 9.27370e+34 
1.66382e+12 2.66040e+23 4.42642e+35 3.61207e+22 6.00983e+34 4.92624e+22 8.19636e+34 6.74880e+22 1.12288e+35 7.61688e+22 1.26731e+35 
1.84642e+12 3.27603e+23 6.04894e+35 4.44809e+22 8.21306e+34 6.06625e+22 1.12009e+35 8.31048e+22 1.53447e+35 9.37942e+22 1.73184e+35 
2.04907e+12 4.03406e+23 8.26609e+35 5.47755e+22 1.12239e+35 7.46999e+22 1.53066e+35 1.02334e+23 2.09690e+35 1.15496e+23 2.36661e+35 
2.27397e+12 4.96742e+23 1.12957e+36 6.74520e+22 1.53384e+35 9.19842e+22 2.09169e+35 1.26011e+23 2.86544e+35 1.42218e+23 3.23399e+35 
2.52354e+12 6.11664e+23 1.54356e+36 8.30613e+22 2.09608e+35 1.13266e+23 2.85832e+35 1.55163e+23 3.91559e+35 1.75119e+23 4.41920e+35 
2.80050e+12 7.53159e+23 2.10922e+36 1.02282e+23 2.86440e+35 1.39470e+23 3.90586e+35 1.91055e+23 5.35052e+35 2.15627e+23 6.03866e+35 
3.10787e+12 9.27367e+23 2.88213e+36 1.25948e+23 3.91428e+35 1.71733e+23 5.33722e+35 2.35246e+23 7.31114e+35 2.65501e+23 8.25141e+35 
3.44896e+12 1.14185e+24 3.93818e+36 1.55087e+23 5.34890e+35 2.11454e+23 7.29297e+35 2.89652e+23 9.98999e+35 3.26902e+23 1.12747e+36 
3.82749e+12 1.40589e+24 5.38105e+36 1.90965e+23 7.30919e+35 2.60357e+23 9.96516e+35 3.56631e+23 1.36500e+36 4.02493e+23 1.54054e+36 
4.24757e+12 1.73095e+24 7.35235e+36 2.35139e+23 9.98771e+35 3.20562e+23 1.36161e+36 4.39087e+23 1.86505e+36 4.95550e+23 2.10488e+36 
4.71375e+12 2.13111e+24 1.00455e+37 2.89526e+23 1.36475e+36 3.94678e+23 1.86042e+36 5.40590e+23 2.54821e+36 6.10102e+23 2.87587e+36 
5.23110e+12 2.62368e+24 1.37248e+37 3.56483e+23 1.86480e+36 4.85915e+23 2.54187e+36 6.65535e+23 3.48148e+36 7.51108e+23 3.92912e+36 
5.80523e+12 3.22999e+24 1.87508e+37 4.38914e+23 2.54799e+36 5.98223e+23 3.47282e+36 8.19327e+23 4.75638e+36 9.24667e+23 5.36790e+36 
6.44236e+12 3.97624e+24 2.56164e+37 5.40391e+23 3.48139e+36 7.36460e+23 4.74454e+36 1.00861e+24 6.49786e+36 1.13828e+24 7.33323e+36 
7.14943e+12 4.89469e+24 3.49942e+37 6.65308e+23 4.75657e+36 9.06603e+23 6.48169e+36 1.24158e+24 8.87656e+36 1.40118e+24 1.00176e+37 
7.93410e+12 6.02497e+24 4.78027e+37 8.19073e+23 6.49860e+36 1.11600e+24 8.85446e+36 1.52827e+24 1.21254e+37 1.72471e+24 1.36840e+37 
8.80488e+12 7.41584e+24 6.52956e+37 1.00834e+24 8.87828e+36 1.37369e+24 1.20952e+37 1.88105e+24 1.65624e+37 2.12281e+24 1.86911e+37 
9.77124e+12 9.12723e+24 8.91843e+37 1.24128e+24 1.21288e+37 1.69079e+24 1.65211e+37 2.31511e+24 2.26215e+37 2.61264e+24 2.55287e+37 
1.08437e+13 1.12328e+25 1.21804e+38 1.52797e+24 1.65687e+37 2.08095e+24 2.25652e+37 2.84914e+24 3.08952e+37 3.21525e+24 3.48651e+37 
1.20338e+13 1.38230e+25 1.66343e+38 1.88076e+24 2.26327e+37 2.56097e+24 3.08181e+37 3.50609e+24 4.21915e+37 3.95655e+24 4.76123e+37 
1.33545e+13 1.70090e+25 2.27148e+38 2.31489e+24 3.09142e+37 3.15146e+24 4.20862e+37 4.31413e+24 5.76131e+37 4.86833e+24 6.50142e+37 
1.48202e+13 2.09275e+25 3.10149e+38 2.84903e+24 4.22232e+37 3.87777e+24 5.74693e+37 5.30788e+24 7.86639e+37 5.98963e+24 8.87676e+37 
1.64468e+13 2.57459e+25 4.23436e+38 3.50617e+24 5.76651e+37 4.77100e+24 7.84675e+37 6.52985e+24 1.07395e+38 7.36840e+24 1.21186e+38 
1.82518e+13 3.16700e+25 5.78036e+38 4.31453e+24 7.87481e+37 5.86936e+24 1.07127e+38 8.03217e+24 1.46602e+38 9.06344e+24 1.65424e+38 
2.02550e+13 3.89522e+25 7.88978e+38 5.30880e+24 1.07530e+38 7.21971e+24 1.46235e+38 9.87883e+24 2.00096e+38 1.11469e+25 2.25781e+38 
2.24781e+13 4.79020e+25 1.07674e+39 6.53154e+24 1.46816e+38 8.87956e+24 1.99595e+38 1.21483e+25 2.73070e+38 1.37073e+25 3.08113e+38 
2.49451e+13 5.88987e+25 1.46923e+39 8.03503e+24 2.00434e+38 1.09194e+25 2.72386e+38 1.49366e+25 3.72595e+38 1.68529e+25 4.20398e+38 
2.76829e+13 7.24071e+25 2.00444e+39 9.88340e+24 2.73601e+38 1.34257e+25 3.71662e+38 1.83617e+25 5.08303e+38 2.07167e+25 5.73497e+38 
3.07211e+13 8.89960e+25 2.73406e+39 1.21553e+25 3.73425e+38 1.65042e+25 5.07028e+38 2.25675e+25 6.93300e+38 2.54610e+25 7.82191e+38 
3.40929e+13 1.09362e+26 3.72845e+39 1.49472e+25 5.09594e+38 2.02846e+25 6.91559e+38 2.77306e+25 9.45415e+38 3.12847e+25 1.06659e+39 
3.78346e+13 1.34355e+26 5.08328e+39 1.83774e+25 6.95301e+38 2.49253e+25 9.43039e+38 3.40665e+25 1.28889e+39 3.84308e+25 1.45401e+39 
4.19871e+13 1.65016e+26 6.92854e+39 2.25905e+25 9.48508e+38 3.06201e+25 1.28565e+39 4.18384e+25 1.75667e+39 4.71959e+25 1.98162e+39 
4.65953e+13 2.02614e+26 9.44083e+39 2.77637e+25 1.29366e+39 3.76056e+25 1.75224e+39 5.13677e+25 2.39349e+39 5.79421e+25 2.69983e+39 
5.17092e+13 2.48694e+26 1.28598e+40 3.41139e+25 1.76400e+39 4.61707e+25 2.38745e+39 6.30461e+25 3.26006e+39 7.11105e+25 3.67707e+39 
5.73844e+13 3.05143e+26 1.75104e+40 4.19058e+25 2.40474e+39 5.66673e+25 3.25182e+39 7.73503e+25 4.43870e+39 8.72381e+25 5.00611e+39 
6.36825e+13 3.74250e+26 2.38332e+40 5.14628e+25 3.27728e+39 6.95240e+25 4.42746e+39 9.48603e+25 6.04094e+39 1.06978e+26 6.81261e+39 
7.06718e+13 4.58799e+26 3.24242e+40 6.31797e+25 4.46502e+39 8.52619e+25 6.02561e+39 1.16280e+26 8.21770e+39 1.31122e+26 9.26661e+39 
7.84282e+13 5.62165e+26 4.40896e+40 7.75370e+25 6.08109e+39 1.04514e+26 8.19682e+39 1.42462e+26 1.11731e+40 1.60630e+26 1.25979e+40 
8.70359e+13 6.88430e+26 5.99182e+40 9.51202e+25 8.27887e+39 1.28046e+26 1.11446e+40 1.74440e+26 1.51825e+40 1.96664e+26 1.71168e+40 
9.65883e+13 8.42529e+26 8.13785e+40 1.16640e+26 1.12661e+40 1.56787e+26 1.51438e+40 2.13459e+26 2.06176e+40 2.40624e+26 2.32415e+40 
1.07189e+14 1.03041e+27 1.10448e+41 1.42960e+26 1.53238e+40 1.91856e+26 2.05649e+40 2.61020e+26 2.79785e+40 2.94198e+26 3.15348e+40 
1.18953e+14 1.25920e+27 1.49786e+41 1.75126e+26 2.08319e+40 2.34603e+26 2.79069e+40 3.18927e+26 3.79375e+40 3.59411e+26 4.27531e+40 
1.32009e+14 1.53748e+27 2.02962e+41 2.14402e+26 2.83029e+40 2.86648e+26 3.78401e+40 3.89339e+26 5.13962e+40 4.38686e+26 5.79104e+40 
1.46497e+14 1.87548e+27 2.74752e+41 2.62312e+26 3.84280e+40 3.49933e+26 5.12641e+40 4.74833e+26 6.95617e+40 5.34915e+26 7.83635e+40 
1.62576e+14 2.28534e+27 3.71541e+41 3.20692e+26 5.21366e+40 4.26772e+26 6.93827e+40 5.78473e+26 9.40456e+40 6.51532e+26 1.05923e+41 
1.80419e+14 2.78150e+27 5.01835e+41 3.91743e+26 7.06777e+40 5.19921e+26 9.38035e+40 7.03886e+26 1.26994e+41 7.92597e+26 1.42999e+41 
2.00220e+14 3.38095e+27 6.76934e+41 4.78098e+26 9.57247e+40 6.32639e+26 1.26667e+41 8.55341e+26 1.71256e+41 9.62889e+26 1.92790e+41 
2.22195e+14 4.10360e+27 9.11799e+41 5.82894e+26 1.29516e+41 7.68766e+26 1.70816e+41 1.03784e+27 2.30602e+41 1.16799e+27 2.59521e+41 
2.46581e+14 4.97267e+27 1.22617e+42 7.09853e+26 1.75036e+41 9.32795e+26 2.30010e+41 1.25719e+27 3.09999e+41 1.41439e+27 3.48762e+41 
2.73644e+14 6.01495e+27 1.64596e+42 8.63369e+26 2.36256e+41 1.12995e+27 3.09205e+41 1.52010e+27 4.15965e+41 1.70955e+27 4.67809e+41 
3.03677e+14 7.26118e+27 2.20505e+42 1.04860e+27 3.18435e+41 1.36628e+27 4.14907e+41 1.83423e+27 5.57014e+41 2.06201e+27 6.26184e+41 
3.37006e+14 8.74619e+27 2.94752e+42 1.27155e+27 4.28521e+41 1.64866e+27 5.55608e+41 2.20825e+27 7.44196e+41 2.48136e+27 8.36235e+41 
3.73994e+14 1.05090e+28 3.93030e+42 1.53919e+27 5.75646e+41 1.98490e+27 7.42342e+41 2.65185e+27 9.91774e+41 2.97832e+27 1.11387e+42 
4.15040e+14 1.25926e+28 5.22646e+42 1.85947e+27 7.71757e+41 2.38373e+27 9.89345e+41 3.17564e+27 1.31802e+42 3.56460e+27 1.47945e+42 
4.60592e+14 1.50438e+28 6.92906e+42 2.24145e+27 1.03239e+42 2.85473e+27 1.31487e+42 3.79109e+27 1.74615e+42 4.25278e+27 1.95880e+42 
5.11143e+14 1.79119e+28 9.15556e+42 2.69520e+27 1.37763e+42 3.40824e+27 1.74210e+42 4.51026e+27 2.30539e+42 5.05602e+27 2.58435e+42 
5.67243e+14 2.12479e+28 1.20527e+43 3.23184e+27 1.83324e+42 4.05518e+27 2.30027e+42 5.34545e+27 3.03216e+42 5.98764e+27 3.39644e+42 
6.29499e+14 2.51020e+28 1.58017e+43 3.86330e+27 2.43194e+42 4.80668e+27 3.02580e+42 6.30864e+27 3.97128e+42 7.06048e+27 4.44457e+42 
6.98588e+14 2.95214e+28 2.06233e+43 4.60206e+27 3.21495e+42 5.67365e+27 3.96354e+42 7.41083e+27 5.17712e+42 8.28611e+27 5.78858e+42 
7.75260e+14 3.45464e+28 2.67824e+43 5.46071e+27 4.23347e+42 6.66610e+27 5.16796e+42 8.66103e+27 6.71455e+42 9.67371e+27 7.49964e+42 
8.60346e+14 4.02057e+28 3.45908e+43 6.45118e+27 5.55025e+42 7.79230e+27 6.70408e+42 1.00651e+28 8.65947e+42 1.12288e+28 9.66063e+42 
9.54772e+14 4.65111e+28 4.44075e+43 7.58386e+27 7.24086e+42 9.05770e+27 8.64804e+42 1.16243e+28 1.10986e+43 1.29514e+28 1.23657e+43 
1.05956e+15 5.34509e+28 5.66345e+43 8.86625e+27 9.39433e+42 1.04636e+28 1.10868e+43 1.33337e+28 1.41279e+43 1.48347e+28 1.57182e+43 
1.17585e+15 6.09822e+28 7.17059e+43 1.03014e+28 1.21129e+43 1.20055e+28 1.41167e+43 1.51802e+28 1.78497e+43 1.68622e+28 1.98274e+43 
1.30490e+15 6.90231e+28 9.00683e+43 1.18858e+28 1.55098e+43 1.36716e+28 1.78402e+43 1.71406e+28 2.23668e+43 1.90064e+28 2.48014e+43 
1.44812e+15 7.74441e+28 1.12148e+44 1.36074e+28 1.97052e+43 1.54407e+28 2.23600e+43 1.91795e+28 2.77742e+43 2.12257e+28 3.07374e+43 
1.60705e+15 8.60608e+28 1.38304e+44 1.54433e+28 2.48182e+43 1.72804e+28 2.77705e+43 2.12478e+28 3.41464e+43 2.34634e+28 3.77069e+43 
1.78343e+15 9.46279e+28 1.68762e+44 1.73575e+28 3.09558e+43 1.91459e+28 3.41454e+43 2.32813e+28 4.15205e+43 2.56455e+28 4.57370e+43 
1.97917e+15 1.02837e+29 2.03532e+44 1.92996e+28 3.81970e+43 2.09793e+28 4.15214e+43 2.52005e+28 4.98761e+43 2.76811e+28 5.47856e+43 
2.19639e+15 1.10324e+29 2.42314e+44 2.12049e+28 4.65742e+43 2.27102e+28 4.98803e+43 2.69129e+28 5.91112e+43 2.94642e+28 6.47148e+43 
2.43744e+15 1.16681e+29 2.84403e+44 2.29964e+28 5.60525e+43 2.42590e+28 5.91299e+43 2.83168e+28 6.90207e+43 3.08782e+28 7.52639e+43 
2.70496e+15 1.21487e+29 3.28618e+44 2.45893e+28 6.65129e+43 2.55423e+28 6.90909e+43 2.93096e+28 7.92813e+43 3.18047e+28 8.60303e+43 
3.00184e+15 1.24354e+29 3.73289e+44 2.58990e+28 7.77444e+43 2.64819e+28 7.94944e+43 2.97990e+28 8.94517e+43 3.21358e+28 9.64664e+43 
3.33129e+15 1.24979e+29 4.16343e+44 2.68526e+28 8.94539e+43 2.70165e+28 8.99998e+43 2.97178e+28 9.89988e+43 3.17906e+28 1.05904e+44 
3.69691e+15 1.23214e+29 4.55511e+44 2.74021e+28 1.01303e+44 2.71146e+28 1.00240e+44 2.90396e+28 1.07357e+44 3.07324e+28 1.13615e+44 
4.10266e+15 1.19118e+29 4.88700e+44 2.75380e+28 1.12979e+44 2.67873e+28 1.09899e+44 2.77922e+28 1.14022e+44 2.89840e+28 1.18912e+44 
4.55294e+15 1.12996e+29 5.14463e+44 2.72991e+28 1.24291e+44 2.60954e+28 1.18811e+44 2.60650e+28 1.18672e+44 2.66370e+28 1.21277e+44 
5.05263e+15 1.05395e+29 5.32523e+44 2.67756e+28 1.35287e+44 2.51490e+28 1.27068e+44 2.40058e+28 1.21292e+44 2.38492e+28 1.20501e+44 
5.60717e+15 9.70530e+28 5.44193e+44 2.61014e+28 1.46355e+44 2.40963e+28 1.35112e+44 2.18052e+28 1.22265e+44 2.08291e+28 1.16792e+44 
6.22257e+15 8.87941e+28 5.52528e+44 2.54338e+28 1.58264e+44 2.31018e+28 1.43753e+44 1.96692e+28 1.22393e+44 1.78077e+28 1.10809e+44 
6.90551e+15 8.13971e+28 5.62089e+44 2.49252e+28 1.72121e+44 2.23164e+28 1.54106e+44 1.77852e+28 1.22816e+44 1.50020e+28 1.03596e+44 
7.66341e+15 7.54564e+28 5.78254e+44 2.46912e+28 1.89219e+44 2.18481e+28 1.67431e+44 1.62897e+28 1.24834e+44 1.25801e+28 9.64066e+43 
8.50449e+15 7.12785e+28 6.06187e+44 2.47850e+28 2.10784e+44 2.17399e+28 1.84887e+44 1.52453e+28 1.29653e+44 1.06357e+28 9.04514e+43 
9.43788e+15 6.88394e+28 6.49697e+44 2.51853e+28 2.37696e+44 2.19621e+28 2.07276e+44 1.46359e+28 1.38132e+44 9.18007e+27 8.66404e+43 
1.04737e+16 6.78164e+28 7.10289e+44 2.58011e+28 2.70234e+44 2.24205e+28 2.34826e+44 1.43778e+28 1.50589e+44 8.15310e+27 8.53932e+43 
1.16232e+16 6.76789e+28 7.86647e+44 2.64908e+28 3.07909e+44 2.29767e+28 2.67063e+44 1.43444e+28 1.66728e+44 7.44877e+27 8.65788e+43 
1.28989e+16 6.78081e+28 8.74650e+44 2.70877e+28 3.49402e+44 2.34732e+28 3.02779e+44 1.43937e+28 1.85663e+44 6.94580e+27 8.95932e+43 
1.43146e+16 6.76099e+28 9.67808e+44 2.74253e+28 3.92582e+44 2.37565e+28 3.40064e+44 1.43928e+28 2.06028e+44 6.53410e+27 9.35329e+43 
1.58857e+16 6.65965e+28 1.05793e+45 2.73568e+28 4.34581e+44 2.36935e+28 3.76387e+44 1.42329e+28 2.26100e+44 6.13086e+27 9.73927e+43 
1.76291e+16 6.44308e+28 1.13586e+45 2.67692e+28 4.71917e+44 2.31833e+28 4.08702e+44 1.38364e+28 2.43923e+44 5.68526e+27 1.00226e+44 
1.95640e+16 6.09423e+28 1.19228e+45 2.55945e+28 5.00731e+44 2.21656e+28 4.33648e+44 1.31592e+28 2.57445e+44 5.17512e+27 1.01246e+44 
2.17112e+16 5.61289e+28 1.21862e+45 2.38206e+28 5.17172e+44 2.06292e+28 4.47885e+44 1.21919e+28 2.64701e+44 4.60018e+27 9.98753e+43 
2.40940e+16 5.01487e+28 1.20829e+45 2.14983e+28 5.17981e+44 1.86181e+28 4.48585e+44 1.09602e+28 2.64075e+44 3.97551e+27 9.57861e+43 
2.67384e+16 4.33032e+28 1.15786e+45 1.87434e+28 5.01169e+44 1.62323e+28 4.34025e+44 9.52279e+27 2.54624e+44 3.32619e+27 8.89371e+43 
2.96730e+16 3.60024e+28 1.06830e+45 1.57262e+28 4.66643e+44 1.36193e+28 4.04125e+44 7.96562e+27 2.36364e+44 2.68283e+27 7.96078e+43 
3.29297e+16 2.87107e+28 9.45434e+44 1.26496e+28 4.16548e+44 1.09549e+28 3.60741e+44 6.39008e+27 2.10424e+44 2.07707e+27 6.83972e+43 
3.65438e+16 2.18773e+28 7.99481e+44 9.71783e+27 3.55127e+44 8.41589e+27 3.07549e+44 4.89741e+27 1.78970e+44 1.53680e+27 5.61604e+43 
4.05546e+16 1.58678e+28 6.43513e+44 7.10329e+27 2.88071e+44 6.15163e+27 2.49477e+44 3.57229e+27 1.44873e+44 1.08192e+27 4.38769e+43 
4.50056e+16 1.09125e+28 4.91123e+44 4.92136e+27 2.21489e+44 4.26202e+27 1.91815e+44 2.47046e+27 1.11184e+44 7.21615e+26 3.24767e+43 
4.99451e+16 7.08720e+27 3.53971e+44 3.21898e+27 1.60772e+44 2.78772e+27 1.39233e+44 1.61336e+27 8.05795e+43 4.53988e+26 2.26745e+43 
5.54266e+16 4.32838e+27 2.39908e+44 1.97931e+27 1.09707e+44 1.71413e+27 9.50086e+43 9.90758e+26 5.49144e+43 2.68183e+26 1.48645e+43 
6.15099e+16 2.47441e+27 1.52201e+44 1.13884e+27 7.00496e+43 9.86261e+26 6.06648e+43 5.69477e+26 3.50285e+43 1.48011e+26 9.10415e+42 
6.82607e+16 1.31735e+27 8.99234e+43 6.10025e+26 4.16407e+43 5.28297e+26 3.60619e+43 3.04821e+26 2.08073e+43 7.58842e+25 5.17991e+42 
7.57525e+16 6.49520e+26 4.92028e+43 3.02531e+26 2.29175e+43 2.61999e+26 1.98471e+43 1.51100e+26 1.14462e+43 3.58989e+25 2.71943e+42 
8.40665e+16 2.94835e+26 2.47858e+43 1.38107e+26 1.16102e+43 1.19604e+26 1.00547e+43 6.89618e+25 5.79738e+42 1.55477e+25 1.30704e+42 
9.32930e+16 1.22498e+26 1.14282e+43 5.77097e+25 5.38391e+42 4.99780e+25 4.66260e+42 2.88152e+25 2.68826e+42 6.11000e+24 5.70021e+41 
1.03532e+17 4.63477e+25 4.79848e+42 2.19667e+25 2.27426e+42 1.90237e+25 1.96956e+42 1.09694e+25 1.13568e+42 2.15819e+24 2.23442e+41 
1.14895e+17 1.59111e+25 1.82811e+42 7.59102e+24 8.72171e+41 6.57402e+24 7.55322e+41 3.79144e+24 4.35617e+41 6.78997e+23 7.80134e+40 
1.27505e+17 4.94797e+24 6.30891e+41 2.37783e+24 3.03185e+41 2.05926e+24 2.62566e+41 1.18793e+24 1.51467e+41 1.88926e+23 2.40890e+40 
1.41499e+17 1.39357e+24 1.97188e+41 6.74898e+23 9.54975e+40 5.84479e+23 8.27033e+40 3.37254e+23 4.77212e+40 4.63586e+22 6.55970e+39 
1.57029e+17 3.55186e+23 5.57746e+40 1.73329e+23 2.72177e+40 1.50108e+23 2.35713e+40 8.66334e+22 1.36040e+40 1.00718e+22 1.58156e+39 
1.74263e+17 8.15311e+22 1.42079e+40 4.00532e+22 6.97981e+39 3.46871e+22 6.04469e+39 2.00226e+22 3.48921e+39 1.95977e+21 3.41516e+38 
1.93389e+17 1.66615e+22 3.22216e+39 8.22686e+21 1.59099e+39 7.12467e+21 1.37783e+39 4.11304e+21 7.95417e+38 3.46379e+20 6.69859e+37 
2.14614e+17 2.97703e+21 6.38912e+38 1.47478e+21 3.16508e+38 1.27720e+21 2.74104e+38 7.37360e+20 1.58248e+38 5.58800e+19 1.19926e+37 
2.38169e+17 4.55137e+20 1.08399e+38 2.25863e+20 5.37936e+37 1.95603e+20 4.65866e+37 1.12930e+20 2.68964e+37 8.10991e+18 1.93153e+36 
2.64308e+17 5.82507e+19 1.53961e+37 2.89270e+19 7.64563e+36 2.50515e+19 6.62131e+36 1.44634e+19 3.82280e+36 1.02615e+18 2.71220e+35 
2.93317e+17 6.11164e+18 1.79265e+36 3.03523e+18 8.90284e+35 2.62859e+18 7.71009e+35 1.51761e+18 4.45142e+35 1.09075e+17 3.19935e+34 
3.25509e+17 5.14471e+17 1.67465e+35 2.55449e+17 8.31510e+34 2.21225e+17 7.20108e+34 1.27725e+17 4.15755e+34 9.39864e+15 3.05934e+33 
3.61234e+17 3.38845e+16 1.22402e+34 1.68197e+16 6.07585e+33 1.45663e+16 5.26184e+33 8.40985e+15 3.03793e+33 6.34314e+14 2.29136e+32 
4.00881e+17 1.69212e+15 6.78338e+32 8.39715e+14 3.36626e+32 7.27215e+14 2.91526e+32 4.19858e+14 1.68313e+32 3.23407e+13 1.29648e+31 
4.44878e+17 6.16298e+13 2.74178e+31 3.05774e+13 1.36032e+31 2.64808e+13 1.17807e+31 1.52887e+13 6.80161e+30 1.19660e+12 5.32340e+29 
4.93705e+17 1.56380e+12 7.72057e+29 7.75753e+11 3.82993e+29 6.71822e+11 3.31682e+29 3.87876e+11 1.91496e+29 3.07138e+10 1.51635e+28 
5.47890e+17 2.62361e+10 1.43745e+28 1.30132e+10 7.12981e+27 1.12698e+10 6.17460e+27 6.50661e+09 3.56491e+27 5.20084e+08 2.84949e+26 
6.08022e+17 2.74111e+08 1.66666e+26 1.35941e+08 8.26553e+25 1.17728e+08 7.15816e+25 6.79706e+07 4.13276e+25 5.48867e+06 3.33724e+24 
6.74754e+17 1.65793e+06 1.11870e+24 8.22035e+05 5.54672e+23 7.11903e+05 4.80360e+23 4.11018e+05 2.77336e+23 3.37357e+04 2.27633e+22 
7.48810e+17 5.22824e+03 3.91496e+21 2.59089e+03 1.94009e+21 2.24378e+03 1.68017e+21 1.29545e+03 9.70044e+20 1.10206e+02 8.25232e+19 
8.30994e+17 6.86805e+00 5.70731e+18 3.39733e+00 2.82316e+18 2.94217e+00 2.44493e+18 1.69866e+00 1.41158e+18 1.61988e-01 1.34611e+17 
9.22198e+17 -2.34319e-05 -2.16088e+13 -3.01764e-05 -2.78286e+13 -2.61336e-05 -2.41003e+13 -1.50882e-05 -1.39143e+13 5.11576e-05 4.71774e+13 
1.02341e+18 -6.49083e-06 -6.64279e+12 -3.23728e-06 -3.31307e+12 -2.80356e-06 -2.86920e+12 -1.61864e-06 -1.65653e+12 -7.92500e-08 -8.11053e+10 
1.13573e+18 -4.06345e-09 -4.61500e+09 -2.02310e-09 -2.29770e+09 -1.75206e-09 -1.98987e+09 -1.01155e-09 -1.14885e+09 -5.94375e-11 -6.75051e+07 
1.26038e+18 -8.11437e-13 -1.02272e+06 -4.03813e-13 -5.08959e+05 -3.49712e-13 -4.40771e+05 -2.01906e-13 -2.54479e+05 -1.23784e-14 -1.56016e+04 
1.39871e+18 -5.58092e-17 -7.80611e+01 -2.77694e-17 -3.88415e+01 -2.40490e-17 -3.36377e+01 -1.38847e-17 -1.94207e+01 -8.62803e-19 -1.20681e+00 
1.55223e+18 -1.25242e-21 -1.94404e-03 -6.23147e-22 -9.67264e-04 -5.39661e-22 -8.37675e-04 -3.11573e-22 -4.83632e-04 -1.94417e-23 -3.01779e-05 
1.72259e+18 -8.30941e-27 -1.43137e-08 -4.13434e-27 -7.12175e-09 -3.58044e-27 -6.16762e-09 -2.06717e-27 -3.56088e-09 -1.29106e-28 -2.22396e-10 
1.91164e+18 -1.43937e-32 -2.75156e-14 -7.16157e-33 -1.36904e-14 -6.20210e-33 -1.18562e-14 -3.58079e-33 -6.84519e-15 -2.23613e-34 -4.27469e-16 
2.12145e+18 -5.63592e-39 -1.19563e-20 -2.80416e-39 -5.94889e-21 -2.42847e-39 -5.15189e-21 -1.40208e-39 -2.97444e-21 -8.75251e-41 -1.85680e-22 
2.35429e+18 -4.24080e-46 -9.98405e-28 -2.11002e-46 -4.96759e-28 -1.82733e-46 -4.30206e-28 -1.05501e-46 -2.48380e-28 -6.58345e-48 -1.54993e-29 
2.61268e+18 -5.11697e-54 -1.33690e-35 -2.54597e-54 -6.65180e-36 -2.20488e-54 -5.76062e-36 -1.27299e-54 -3.32590e-36 -7.94108e-56 -2.07475e-37 
2.89942e+18 -8.09652e-63 -2.34752e-44 -4.02847e-63 -1.16802e-44 -3.48876e-63 -1.01154e-44 -2.01423e-63 -5.84012e-45 -1.25618e-64 -3.64219e-46 
3.21764e+18 -1.34370e-72 -4.32355e-54 -6.68567e-73 -2.15121e-54 -5.78996e-73 -1.86300e-54 -3.34284e-73 -1.07561e-54 -2.08432e-74 -6.70660e-56 
3.57079e+18 -1.82537e-83 -6.51801e-65 -9.08227e-84 -3.24309e-65 -7.86548e-84 -2.80859e-65 -4.54114e-84 -1.62154e-65 -2.83103e-85 -1.01090e-66 
3.96269e+18 -1.54149e-95 -6.10844e-77 -7.66980e-96 -3.03930e-77 -6.64224e-96 -2.63211e-77 -3.83490e-96 -1.51965e-77 -2.39046e-97 -9.47264e-79 
4.39760e+18 -5.96275e-109 -2.62218e-90 -2.96682e-109 -1.30469e-90 -2.56934e-109 -1.12989e-90 -1.48341e-109 -6.52344e-91 -9.24593e-111 -4.06599e-92 
4.88025e+18 -7.52840e-124 -3.67405e-105 -3.74582e-124 -1.82805e-105 -3.24398e-124 -1.58314e-105 -1.87291e-124 -9.14027e-106 -1.16730e-125 -5.69670e-107 
5.41587e+18 -2.13013e-140 -1.15365e-121 -1.05987e-140 -5.74011e-122 -9.17872e-141 -4.97108e-122 -5.29934e-141 -2.87005e-122 -3.30270e-142 -1.78870e-123 
6.01028e+18 -8.89946e-159 -5.34882e-140 -4.42801e-159 -2.66136e-140 -3.83477e-159 -2.30480e-140 -2.21400e-159 -1.33068e-140 -1.37980e-160 -8.29299e-142 
6.66992e+18 -4.34104e-179 -2.89544e-160 -2.12432e-179 -1.41690e-160 -1.83084e-179 -1.22116e-160 -1.05260e-179 -7.02073e-161 -1.31682e-180 -8.78311e-162 
7.40196e+18 4.35437e-186 3.22309e-167 5.68460e-187 4.20772e-168 6.18091e-187 4.57509e-168 7.31851e-187 5.41713e-168 6.60524e-187 4.88917e-168 
8.21434e+18 1.37020e-192 1.12553e-173 1.79378e-193 1.47348e-174 1.94864e-193 1.60068e-174 2.30372e-193 1.89235e-174 2.07756e-193 1.70658e-174 
9.11589e+18 8.08982e-200 7.37459e-181 1.05924e-200 9.65592e-182 1.15059e-200 1.04887e-181 1.36017e-200 1.23992e-181 1.22659e-200 1.11815e-181 
1.01164e+19 7.47083e-208 7.55778e-189 9.78339e-209 9.89724e-190 1.06264e-208 1.07500e-189 1.25613e-208 1.27075e-189 1.13273e-208 1.14591e-189 
1.12267e+19 8.80299e-217 9.88284e-198 1.15294e-217 1.29437e-198 1.25220e-217 1.40581e-198 1.48015e-217 1.66171e-198 1.33470e-217 1.49842e-198 
1.24588e+19 1.05557e-226 1.31511e-207 1.38265e-227 1.72261e-208 1.50160e-227 1.87082e-208 1.77488e-227 2.21129e-208 1.60042e-227 1.99394e-208 
1.38262e+19 1.00191e-237 1.38527e-218 1.31249e-238 1.81467e-219 1.42535e-238 1.97072e-219 1.68469e-238 2.32929e-219 1.51907e-238 2.10030e-219 
1.53437e+19 5.69530e-250 8.73869e-231 7.46126e-251 1.14483e-231 8.10257e-251 1.24323e-231 9.57659e-251 1.46940e-231 8.63498e-251 1.32492e-231 
1.70277e+19 1.42250e-263 2.42218e-244 1.86367e-264 3.17340e-245 2.02381e-264 3.44607e-245 2.39193e-264 4.07291e-245 2.15672e-264 3.67240e-245 
1.88965e+19 1.10702e-278 2.09189e-259 1.45041e-279 2.74078e-260 1.57501e-279 2.97622e-260 1.86148e-279 3.51754e-260 1.67841e-279 3.17162e-260 
2.09705e+19 1.83308e-295 3.84405e-276 2.40174e-296 5.03657e-277 2.60803e-296 5.46916e-277 3.08236e-296 6.46385e-277 2.77921e-296 5.82814e-277 
2.32720e+19 4.22980e-314 9.84360e-295 5.54207e-315 1.28975e-295 6.01804e-315 1.40052e-295 7.11251e-315 1.65523e-295 6.41298e-315 1.49243e-295 
2.58262e+19 0.00000e+00 0.00000e+00 0.00000e+00 0.00000e+00 0.00000e+00 0.00000e+00 0.00000e+00 0.00000e+00 0.00000e+00 0.00000e+00 
2.86607e+19 0.00000e+00 0.00000e+00 0.00000e+00 0.00000e+00 0.00000e+00 0.00000e+00 0.00000e+00 0.00000e+00 0.00000e+00 0.00000e+00 
3.18063e+19 0.00000e+00 0.00000e+00 0.00000e+00 0.00000e+00 0.00000e+00 0.00000e+00 0.00000e+00 0.00000e+00 0.00000e+00 0.00000e+00 
3.52971e+19 0.00000e+00 0.00000e+00 0.00000e+00 0.00000e+00 0.00000e+00 0.00000e+00 0.00000e+00 0.00000e+00 0.00000e+00 0.00000e+00 
3.91710e+19 0.00000e+00 0.00000e+00 0.00000e+00 0.00000e+00 0.00000e+00 0.00000e+00 0.00000e+00 0.00000e+00 0.00000e+00 0.00000e+00 
4.34701e+19 0.00000e+00 0.00000e+00 0.00000e+00 0.00000e+00 0.00000e+00 0.00000e+00 0.00000e+00 0.00000e+00 0.00000e+00 0.00000e+00 
4.82411e+19 0.00000e+00 0.00000e+00 0.00000e+00 0.00000e+00 0.00000e+00 0.00000e+00 0.00000e+00 0.00000e+00 0.00000e+00 0.00000e+00 
5.35357e+19 0.00000e+00 0.00000e+00 0.00000e+00 0.00000e+00 0.00000e+00 0.00000e+00 0.00000e+00 0.00000e+00 0.00000e+00 0.00000e+00 
5.94113e+19 0.00000e+00 0.00000e+00 0.00000e+00 0.00000e+00 0.00000e+00 0.00000e+00 0.00000e+00 0.00000e+00 0.00000e+00 0.00000e+00 
6.59319e+19 0.00000e+00 0.00000e+00 0.00000e+00 0.00000e+00 0.00000e+00 0.00000e+00 0.00000e+00 0.00000e+00 0.00000e+00 0.00000e+00 
7.31681e+19 0.00000e+00 0.00000e+00 0.00000e+00 0.00000e+00 0.00000e+00 0.00000e+00 0.00000e+00 0.00000e+00 0.00000e+00 0.00000e+00 
8.11984e+19 0.00000e+00 0.00000e+00 0.00000e+00 0.00000e+00 0.00000e+00 0.00000e+00 0.00000e+00 0.00000e+00 0.00000e+00 0.00000e+00 
9.01102e+19 0.00000e+00 0.00000e+00 0.00000e+00 0.00000e+00 0.00000e+00 0.00000e+00 0.00000e+00 0.00000e+00 0.00000e+00 0.00000e+00 
1.00000e+20 0.00000e+00 0.00000e+00 0.00000e+00 0.00000e+00 0.00000e+00 0.00000e+00 0.00000e+00 0.00000e+00 0.00000e+00 0.00000e+00 
