1.00000e+11 3.38449e+20 3.38449e+31 2.86980e+19 2.86980e+30 5.58856e+19 5.58856e+30 8.57076e+19 8.57076e+30 9.88346e+19 9.88346e+30 
1.10975e+11 4.16813e+20 4.62559e+31 3.53429e+19 3.92219e+30 6.88254e+19 7.63791e+30 1.05552e+20 1.17137e+31 1.21719e+20 1.35078e+31 
1.23155e+11 5.13320e+20 6.32180e+31 4.35265e+19 5.36050e+30 8.47611e+19 1.04388e+31 1.29992e+20 1.60091e+31 1.49901e+20 1.84611e+31 
1.36672e+11 6.32173e+20 8.64001e+31 5.36048e+19 7.32626e+30 1.04387e+20 1.42667e+31 1.60089e+20 2.18797e+31 1.84608e+20 2.52307e+31 
1.51672e+11 7.78543e+20 1.18083e+32 6.60168e+19 1.00129e+31 1.28556e+20 1.94983e+31 1.97155e+20 2.99029e+31 2.27351e+20 3.44828e+31 
1.68318e+11 9.58801e+20 1.61384e+32 8.13026e+19 1.36847e+31 1.58321e+20 2.66483e+31 2.42803e+20 4.08682e+31 2.79991e+20 4.71275e+31 
1.86791e+11 1.18079e+21 2.20562e+32 1.00128e+20 1.87030e+31 1.94978e+20 3.64202e+31 2.99020e+20 5.58543e+31 3.44817e+20 6.44088e+31 
2.07292e+11 1.45418e+21 3.01440e+32 1.23312e+20 2.55615e+31 2.40121e+20 4.97753e+31 3.68251e+20 7.63357e+31 4.24652e+20 8.80269e+31 
2.30043e+11 1.79086e+21 4.11975e+32 1.51864e+20 3.49352e+31 2.95717e+20 6.80275e+31 4.53511e+20 1.04327e+32 5.22969e+20 1.20305e+32 
2.55291e+11 2.20549e+21 5.63041e+32 1.87026e+20 4.77461e+31 3.64183e+20 9.29726e+31 5.58510e+20 1.42582e+32 6.44048e+20 1.64420e+32 
2.83310e+11 2.71611e+21 7.69499e+32 2.30331e+20 6.52548e+31 4.48501e+20 1.27065e+32 6.87816e+20 1.94865e+32 7.93158e+20 2.24709e+32 
3.14404e+11 3.34493e+21 1.05166e+33 2.83661e+20 8.91841e+31 5.52338e+20 1.73657e+32 8.47057e+20 2.66318e+32 9.76786e+20 3.07105e+32 
3.48910e+11 4.11933e+21 1.43728e+33 3.49340e+20 1.21888e+32 6.80215e+20 2.37334e+32 1.04316e+21 3.63970e+32 1.20292e+21 4.19712e+32 
3.87204e+11 5.07300e+21 1.96429e+33 4.30225e+20 1.66585e+32 8.37695e+20 3.24359e+32 1.28466e+21 4.97427e+32 1.48141e+21 5.73608e+32 
4.29700e+11 6.24743e+21 2.68452e+33 5.29837e+20 2.27671e+32 1.03163e+21 4.43293e+32 1.58207e+21 6.79817e+32 1.82436e+21 7.83929e+32 
4.76861e+11 7.69372e+21 3.66883e+33 6.52512e+20 3.11158e+32 1.27046e+21 6.05834e+32 1.94832e+21 9.29078e+32 2.24670e+21 1.07136e+33 
5.29198e+11 9.47478e+21 5.01403e+33 8.03590e+20 4.25258e+32 1.56458e+21 8.27971e+32 2.39934e+21 1.26973e+33 2.76679e+21 1.46418e+33 
5.87279e+11 1.16681e+22 6.85242e+33 9.89645e+20 5.81197e+32 1.92677e+21 1.13155e+33 2.95476e+21 1.73527e+33 3.40726e+21 2.00101e+33 
6.51734e+11 1.43690e+22 9.36479e+33 1.21877e+21 7.94317e+32 2.37280e+21 1.54644e+33 3.63874e+21 2.37149e+33 4.19597e+21 2.73466e+33 
7.23263e+11 1.76951e+22 1.27982e+34 1.50095e+21 1.08558e+33 2.92207e+21 2.11343e+33 4.48101e+21 3.24095e+33 5.16722e+21 3.73726e+33 
8.02643e+11 2.17910e+22 1.74904e+34 1.84846e+21 1.48365e+33 3.59847e+21 2.88828e+33 5.51821e+21 4.42915e+33 6.36323e+21 5.10741e+33 
8.90735e+11 2.68346e+22 2.39026e+34 2.27641e+21 2.02768e+33 4.43140e+21 3.94721e+33 6.79543e+21 6.05293e+33 7.83602e+21 6.97982e+33 
9.88496e+11 3.30454e+22 3.26653e+34 2.80343e+21 2.77118e+33 5.45710e+21 5.39432e+33 8.36820e+21 8.27193e+33 9.64960e+21 9.53859e+33 
1.09699e+12 4.06933e+22 4.46400e+34 3.45246e+21 3.78730e+33 6.72015e+21 7.37191e+33 1.03049e+22 1.13043e+34 1.18828e+22 1.30353e+34 
1.21738e+12 5.01107e+22 6.10040e+34 4.25174e+21 5.17599e+33 8.27546e+21 1.00744e+34 1.26896e+22 1.54482e+34 1.46327e+22 1.78136e+34 
1.35099e+12 6.17068e+22 8.33655e+34 5.23603e+21 7.07384e+33 1.01906e+22 1.37675e+34 1.56261e+22 2.11108e+34 1.80187e+22 2.43431e+34 
1.49927e+12 7.59854e+22 1.13923e+35 6.44816e+21 9.66752e+33 1.25489e+22 1.88142e+34 1.92419e+22 2.88487e+34 2.21880e+22 3.32657e+34 
1.66382e+12 9.35667e+22 1.55678e+35 7.94085e+21 1.32121e+34 1.54527e+22 2.57105e+34 2.36939e+22 3.94223e+34 2.73215e+22 4.54580e+34 
1.84642e+12 1.15214e+23 2.12734e+35 9.77905e+21 1.80563e+34 1.90282e+22 3.51341e+34 2.91756e+22 5.38705e+34 3.36423e+22 6.21179e+34 
2.04907e+12 1.41867e+23 2.90697e+35 1.20427e+22 2.46764e+34 2.34306e+22 4.80111e+34 3.59249e+22 7.36127e+34 4.14245e+22 8.48820e+34 
2.27397e+12 1.74683e+23 3.97223e+35 1.48302e+22 3.37234e+34 2.88512e+22 6.56066e+34 4.42346e+22 1.00588e+35 5.10060e+22 1.15986e+35 
2.52354e+12 2.15085e+23 5.42776e+35 1.82629e+22 4.60870e+34 3.55251e+22 8.96489e+34 5.44652e+22 1.37445e+35 6.28023e+22 1.58484e+35 
2.80050e+12 2.64825e+23 7.41644e+35 2.24898e+22 6.29829e+34 4.37419e+22 1.22499e+35 6.70605e+22 1.87803e+35 7.73248e+22 2.16548e+35 
3.10787e+12 3.26060e+23 1.01335e+36 2.76949e+22 8.60721e+34 5.38580e+22 1.67383e+35 8.25662e+22 2.56605e+35 9.52029e+22 2.95878e+35 
3.44896e+12 4.01442e+23 1.38456e+36 3.41044e+22 1.17625e+35 6.63120e+22 2.28707e+35 1.01654e+23 3.50601e+35 1.17211e+23 4.04256e+35 
3.82749e+12 4.94235e+23 1.89168e+36 4.19967e+22 1.60742e+35 8.16435e+22 3.12490e+35 1.25151e+23 4.79014e+35 1.44302e+23 5.52314e+35 
4.24757e+12 6.08457e+23 2.58446e+36 5.17147e+22 2.19662e+35 1.00517e+23 4.26951e+35 1.54073e+23 6.54436e+35 1.77647e+23 7.54569e+35 
4.71375e+12 7.49046e+23 3.53082e+36 6.36808e+22 3.00175e+35 1.23748e+23 5.83319e+35 1.89671e+23 8.94063e+35 2.18689e+23 1.03085e+36 
5.23110e+12 9.22079e+23 4.82348e+36 7.84144e+22 4.10194e+35 1.52343e+23 7.96924e+35 2.33484e+23 1.22138e+36 2.69200e+23 1.40821e+36 
5.80523e+12 1.13503e+24 6.58909e+36 9.65554e+22 5.60526e+35 1.87538e+23 1.08870e+36 2.87403e+23 1.66844e+36 3.31362e+23 1.92363e+36 
6.44236e+12 1.39708e+24 9.00050e+36 1.18891e+23 7.65939e+35 2.30853e+23 1.48724e+36 3.53755e+23 2.27902e+36 4.07853e+23 2.62754e+36 
7.14943e+12 1.71953e+24 1.22937e+37 1.46390e+23 1.04661e+36 2.84158e+23 2.03157e+36 4.35397e+23 3.11284e+36 5.01970e+23 3.58880e+36 
7.93410e+12 2.11627e+24 1.67907e+37 1.80246e+23 1.43009e+36 3.49750e+23 2.77495e+36 5.35846e+23 4.25146e+36 6.17762e+23 4.90138e+36 
8.80488e+12 2.60435e+24 2.29310e+37 2.21927e+23 1.95404e+36 4.30455e+23 3.79011e+36 6.59420e+23 5.80611e+36 7.60205e+23 6.69351e+36 
9.77124e+12 3.20473e+24 3.13142e+37 2.73238e+23 2.66988e+36 5.29746e+23 5.17627e+36 8.11423e+23 7.92861e+36 9.35411e+23 9.14013e+36 
1.08437e+13 3.94316e+24 4.27582e+37 3.36403e+23 3.64784e+36 6.51887e+23 7.06884e+36 9.98372e+23 1.08260e+37 1.15089e+24 1.24798e+37 
1.20338e+13 4.85124e+24 5.83788e+37 4.14155e+23 4.98385e+36 8.02120e+23 9.65254e+36 1.22827e+24 1.47807e+37 1.41585e+24 1.70380e+37 
1.33545e+13 5.96779e+24 7.96969e+37 5.09859e+23 6.80892e+36 9.86880e+23 1.31793e+37 1.51093e+24 2.01777e+37 1.74160e+24 2.32582e+37 
1.48202e+13 7.34041e+24 1.08786e+38 6.27652e+23 9.30193e+36 1.21407e+24 1.79927e+37 1.85840e+24 2.75419e+37 2.14202e+24 3.17452e+37 
1.64468e+13 9.02748e+24 1.48473e+38 7.72623e+23 1.27071e+37 1.49337e+24 2.45611e+37 2.28546e+24 3.75884e+37 2.63412e+24 4.33228e+37 
1.82518e+13 1.11006e+25 2.02607e+38 9.51029e+23 1.73580e+37 1.83669e+24 3.35230e+37 2.81022e+24 5.12917e+37 3.23875e+24 5.91132e+37 
2.02550e+13 1.36475e+25 2.76431e+38 1.17056e+24 2.37098e+37 2.25861e+24 4.57481e+37 3.45488e+24 6.99786e+37 3.98145e+24 8.06443e+37 
2.24781e+13 1.67756e+25 3.77083e+38 1.44069e+24 3.23838e+37 2.77699e+24 6.24213e+37 4.24659e+24 9.54552e+37 4.89348e+24 1.09996e+38 
2.49451e+13 2.06164e+25 5.14277e+38 1.77302e+24 4.42280e+37 3.41372e+24 8.51556e+37 5.21863e+24 1.30179e+38 6.01311e+24 1.49997e+38 
2.76829e+13 2.53306e+25 7.01223e+38 2.18184e+24 6.03995e+37 4.19561e+24 1.16147e+38 6.41164e+24 1.77492e+38 7.38709e+24 2.04496e+38 
3.07211e+13 3.11147e+25 9.55880e+38 2.68469e+24 8.24767e+37 5.15544e+24 1.58381e+38 7.87531e+24 2.41938e+38 9.07254e+24 2.78719e+38 
3.40929e+13 3.82088e+25 1.30265e+39 3.30312e+24 1.12613e+38 6.33327e+24 2.15919e+38 9.67029e+24 3.29688e+38 1.11392e+25 3.79767e+38 
3.78346e+13 4.69054e+25 1.77465e+39 4.06357e+24 1.53744e+38 7.77806e+24 2.94280e+38 1.18706e+25 4.49118e+38 1.36720e+25 5.17275e+38 
4.19871e+13 5.75612e+25 2.41683e+39 4.99850e+24 2.09873e+38 9.54954e+24 4.00957e+38 1.45662e+25 6.11593e+38 1.67745e+25 7.04311e+38 
4.65953e+13 7.06102e+25 3.29010e+39 6.14773e+24 2.86455e+38 1.17205e+25 5.46121e+38 1.78669e+25 8.32513e+38 2.05725e+25 9.58579e+38 
5.17092e+13 8.65799e+25 4.47698e+39 7.56008e+24 3.90926e+38 1.43797e+25 7.43562e+38 2.19059e+25 1.13273e+39 2.52188e+25 1.30404e+39 
5.73844e+13 1.06111e+26 6.08909e+39 9.29539e+24 5.33410e+38 1.76348e+25 1.01196e+39 2.68447e+25 1.54047e+39 3.08988e+25 1.77311e+39 
6.36825e+13 1.29978e+26 8.27730e+39 1.14270e+25 7.27697e+38 2.16169e+25 1.37662e+39 3.28791e+25 2.09383e+39 3.78367e+25 2.40954e+39 
7.06718e+13 1.59119e+26 1.12452e+40 1.40445e+25 9.92550e+38 2.64847e+25 1.87172e+39 4.02458e+25 2.84424e+39 4.63034e+25 3.27234e+39 
7.84282e+13 1.94667e+26 1.52674e+40 1.72578e+25 1.35350e+39 3.24303e+25 2.54345e+39 4.92301e+25 3.86103e+39 5.66253e+25 4.44102e+39 
8.70359e+13 2.37984e+26 2.07132e+40 2.12011e+25 1.84526e+39 3.96858e+25 3.45409e+39 6.01753e+25 5.23741e+39 6.91949e+25 6.02244e+39 
9.65883e+13 2.90706e+26 2.80788e+40 2.60383e+25 2.51499e+39 4.85311e+25 4.68753e+39 7.34936e+25 7.09862e+39 8.44823e+25 8.16001e+39 
1.07189e+14 3.54792e+26 3.80299e+40 3.19693e+25 3.42676e+39 5.93023e+25 6.35657e+39 8.96779e+25 9.61250e+39 1.03050e+26 1.10458e+40 
1.18953e+14 4.32580e+26 5.14569e+40 3.92381e+25 4.66751e+39 7.24030e+25 8.61258e+39 1.09316e+26 1.30035e+40 1.25566e+26 1.49365e+40 
1.32009e+14 5.26848e+26 6.95486e+40 4.81416e+25 6.35512e+39 8.83151e+25 1.16584e+40 1.33106e+26 1.75711e+40 1.52824e+26 2.01741e+40 
1.46497e+14 6.40887e+26 9.38881e+40 5.90407e+25 8.64930e+39 1.07613e+26 1.57650e+40 1.61873e+26 2.37139e+40 1.85761e+26 2.72134e+40 
1.62576e+14 7.78572e+26 1.26577e+41 7.23739e+25 1.17662e+40 1.30979e+26 2.12940e+40 1.96589e+26 3.19606e+40 2.25475e+26 3.66567e+40 
1.80419e+14 9.44450e+26 1.70396e+41 8.86726e+25 1.59982e+40 1.59218e+26 2.87259e+40 2.38391e+26 4.30101e+40 2.73249e+26 4.92992e+40 
2.00220e+14 1.14381e+27 2.29015e+41 1.08580e+26 2.17399e+40 1.93278e+26 3.86982e+40 2.88601e+26 5.77837e+40 3.30572e+26 6.61872e+40 
2.22195e+14 1.38280e+27 3.07251e+41 1.32872e+26 2.95235e+40 2.34270e+26 5.20535e+40 3.48748e+26 7.74899e+40 3.99156e+26 8.86904e+40 
2.46581e+14 1.66845e+27 4.11408e+41 1.62485e+26 4.00656e+40 2.83484e+26 6.99018e+40 4.20582e+26 1.03708e+41 4.80957e+26 1.18595e+41 
2.73644e+14 2.00880e+27 5.49695e+41 1.98541e+26 5.43296e+40 3.42414e+26 9.36994e+40 5.06095e+26 1.38490e+41 5.78184e+26 1.58217e+41 
3.03677e+14 2.41292e+27 7.32748e+41 2.42389e+26 7.36079e+40 4.12775e+26 1.25350e+41 6.07525e+26 1.84492e+41 6.93311e+26 2.10543e+41 
3.37006e+14 2.89096e+27 9.74273e+41 2.95634e+26 9.96306e+40 4.96527e+26 1.67333e+41 7.27368e+26 2.45128e+41 8.29071e+26 2.79402e+41 
3.73994e+14 3.45417e+27 1.29184e+42 3.60189e+26 1.34709e+41 5.95883e+26 2.22857e+41 8.68368e+26 3.24764e+41 9.88445e+26 3.69672e+41 
4.15040e+14 4.11483e+27 1.70782e+42 4.38318e+26 1.81920e+41 7.13335e+26 2.96063e+41 1.03351e+27 4.28948e+41 1.17464e+27 4.87524e+41 
4.60592e+14 4.88627e+27 2.25058e+42 5.32689e+26 2.45352e+41 8.51655e+26 3.92266e+41 1.22599e+27 5.64680e+41 1.39106e+27 6.40709e+41 
5.11143e+14 5.78272e+27 2.95580e+42 6.46426e+26 3.30417e+41 1.01391e+27 5.18255e+41 1.44919e+27 7.40744e+41 1.64123e+27 8.38903e+41 
5.67243e+14 6.81926e+27 3.86818e+42 7.83169e+26 4.44247e+41 1.20348e+27 6.82663e+41 1.70666e+27 9.68089e+41 1.92879e+27 1.09409e+42 
6.29499e+14 8.01179e+27 5.04341e+42 9.47120e+26 5.96211e+41 1.42403e+27 8.96426e+41 2.00205e+27 1.26029e+42 2.25742e+27 1.42104e+42 
6.98588e+14 9.37691e+27 6.55060e+42 1.14309e+27 7.98550e+41 1.67958e+27 1.17333e+42 2.33912e+27 1.63408e+42 2.63081e+27 1.83785e+42 
7.75260e+14 1.09320e+28 8.47517e+42 1.37654e+27 1.06717e+42 1.97447e+27 1.53073e+42 2.72172e+27 2.11004e+42 3.05262e+27 2.36657e+42 
8.60346e+14 1.26955e+28 1.09225e+43 1.65356e+27 1.42263e+42 2.31340e+27 1.99032e+42 3.15380e+27 2.71336e+42 3.52654e+27 3.03404e+42 
9.54772e+14 1.46866e+28 1.40223e+43 1.98089e+27 1.89130e+42 2.70144e+27 2.57925e+42 3.63940e+27 3.47479e+42 4.05624e+27 3.87278e+42 
1.05956e+15 1.69256e+28 1.79337e+43 2.36582e+27 2.50673e+42 3.14401e+27 3.33127e+42 4.18267e+27 4.43179e+42 4.64539e+27 4.92207e+42 
1.17585e+15 1.94337e+28 2.28511e+43 2.81608e+27 3.31129e+42 3.64681e+27 4.28810e+42 4.78776e+27 5.62968e+42 5.29754e+27 6.22911e+42 
1.30490e+15 2.22316e+28 2.90100e+43 3.33960e+27 4.35785e+42 4.21563e+27 5.50099e+42 5.45856e+27 7.12288e+42 6.01582e+27 7.85006e+42 
1.44812e+15 2.53377e+28 3.66919e+43 3.94424e+27 5.71172e+42 4.85604e+27 7.03212e+42 6.19823e+27 8.97576e+42 6.80234e+27 9.85060e+42 
1.60705e+15 2.87651e+28 4.62270e+43 4.63731e+27 7.45241e+42 5.57282e+27 8.95582e+42 7.00839e+27 1.12629e+43 7.65727e+27 1.23056e+43 
1.78343e+15 3.25170e+28 5.79918e+43 5.42507e+27 9.67523e+42 6.36930e+27 1.13592e+43 7.88808e+27 1.40678e+43 8.57749e+27 1.52974e+43 
1.97917e+15 3.65809e+28 7.23998e+43 6.31192e+27 1.24923e+43 7.24640e+27 1.43418e+43 8.83239e+27 1.74808e+43 9.55505e+27 1.89110e+43 
2.19639e+15 4.09233e+28 8.98834e+43 7.29962e+27 1.60328e+43 8.20169e+27 1.80141e+43 9.83116e+27 2.15930e+43 1.05755e+28 2.32278e+43 
2.43744e+15 4.54840e+28 1.10865e+44 8.38627e+27 2.04411e+43 9.22844e+27 2.24938e+43 1.08678e+28 2.64897e+43 1.16165e+28 2.83145e+43 
2.70496e+15 5.01724e+28 1.35714e+44 9.56523e+27 2.58736e+43 1.03149e+28 2.79013e+43 1.19186e+28 3.22393e+43 1.26470e+28 3.42096e+43 
3.00184e+15 5.48671e+28 1.64702e+44 1.08242e+28 3.24925e+43 1.14437e+28 3.43521e+43 1.29528e+28 3.88822e+43 1.36275e+28 4.09074e+43 
3.33129e+15 5.94179e+28 1.97938e+44 1.21445e+28 4.04568e+43 1.25922e+28 4.19484e+43 1.39335e+28 4.64166e+43 1.45108e+28 4.83399e+43 
3.69691e+15 6.36522e+28 2.35317e+44 1.35005e+28 4.99102e+43 1.37331e+28 5.07702e+43 1.48196e+28 5.47868e+43 1.52451e+28 5.63597e+43 
4.10266e+15 6.73862e+28 2.76463e+44 1.48607e+28 6.09683e+43 1.48357e+28 6.08658e+43 1.55689e+28 6.38740e+43 1.57769e+28 6.47272e+43 
4.55294e+15 7.04397e+28 3.20708e+44 1.61887e+28 7.37061e+43 1.58682e+28 7.22470e+43 1.61422e+28 7.34945e+43 1.60567e+28 7.31051e+43 
5.05263e+15 7.26547e+28 3.67097e+44 1.74463e+28 8.81499e+43 1.68009e+28 8.48887e+43 1.65079e+28 8.34081e+43 1.60445e+28 8.10671e+43 
5.60717e+15 7.39156e+28 4.14457e+44 1.85972e+28 1.04278e+44 1.76092e+28 9.87380e+43 1.66468e+28 9.33416e+43 1.57163e+28 8.81237e+43 
6.22257e+15 7.41687e+28 4.61520e+44 1.96113e+28 1.22033e+44 1.82773e+28 1.13732e+44 1.65570e+28 1.03027e+44 1.50693e+28 9.37696e+43 
6.90551e+15 7.34353e+28 5.07108e+44 2.04683e+28 1.41344e+44 1.87999e+28 1.29823e+44 1.62556e+28 1.12253e+44 1.41263e+28 9.75496e+43 
7.66341e+15 7.18154e+28 5.50351e+44 2.11602e+28 1.62159e+44 1.91829e+28 1.47007e+44 1.57784e+28 1.20916e+44 1.29364e+28 9.91367e+43 
8.50449e+15 6.94772e+28 5.90868e+44 2.16894e+28 1.84457e+44 1.94404e+28 1.65331e+44 1.51758e+28 1.29063e+44 1.15710e+28 9.84050e+43 
9.43788e+15 6.66311e+28 6.28856e+44 2.20646e+28 2.08243e+44 1.95890e+28 1.84879e+44 1.45044e+28 1.36891e+44 1.01166e+28 9.54789e+43 
1.04737e+16 6.34911e+28 6.64987e+44 2.22920e+28 2.33480e+44 1.96400e+28 2.05704e+44 1.38162e+28 1.44707e+44 8.66311e+27 9.07349e+43 
1.16232e+16 6.02326e+28 7.00098e+44 2.23669e+28 2.59976e+44 1.95909e+28 2.27709e+44 1.31478e+28 1.52820e+44 7.29103e+27 8.47453e+43 
1.28989e+16 5.69561e+28 7.34672e+44 2.22666e+28 2.87214e+44 1.94204e+28 2.50502e+44 1.25123e+28 1.61395e+44 6.05994e+27 7.81665e+43 
1.43146e+16 5.36703e+28 7.68268e+44 2.19497e+28 3.14201e+44 1.90887e+28 2.73247e+44 1.18969e+28 1.70299e+44 5.00178e+27 7.15984e+43 
1.58857e+16 5.03015e+28 7.99073e+44 2.13632e+28 3.39369e+44 1.85442e+28 2.94587e+44 1.12683e+28 1.79004e+44 4.12049e+27 6.54567e+43 
1.76291e+16 4.67289e+28 8.23790e+44 2.04565e+28 3.60631e+44 1.77373e+28 3.12694e+44 1.05834e+28 1.86577e+44 3.39786e+27 5.99014e+43 
1.95640e+16 4.28344e+28 8.38012e+44 1.91983e+28 3.75595e+44 1.66360e+28 3.25466e+44 9.80390e+27 1.91803e+44 2.80346e+27 5.48468e+43 
2.17112e+16 3.85531e+28 8.37032e+44 1.75918e+28 3.81938e+44 1.52390e+28 3.30856e+44 8.90840e+27 1.93412e+44 2.30507e+27 5.00458e+43 
2.40940e+16 3.39054e+28 8.16919e+44 1.56826e+28 3.77856e+44 1.35830e+28 3.27269e+44 7.90019e+27 1.90347e+44 1.87657e+27 4.52142e+43 
2.67384e+16 2.90050e+28 7.75548e+44 1.35565e+28 3.62478e+44 1.17407e+28 3.13928e+44 6.80752e+27 1.82022e+44 1.50141e+27 4.01454e+43 
2.96730e+16 2.40390e+28 7.13309e+44 1.13282e+28 3.36141e+44 9.81060e+27 2.91110e+44 5.67780e+27 1.68478e+44 1.17214e+27 3.47809e+43 
3.29297e+16 1.92313e+28 6.33282e+44 9.12369e+27 3.00441e+44 7.90138e+27 2.60190e+44 4.56784e+27 1.50418e+44 8.87330e+26 2.92195e+43 
3.65438e+16 1.48001e+28 5.40851e+44 7.06150e+27 2.58054e+44 6.11544e+27 2.23482e+44 3.53316e+27 1.29115e+44 6.47959e+26 2.36789e+43 
4.05546e+16 1.09199e+28 4.42851e+44 5.23602e+27 2.12345e+44 4.53453e+27 1.83896e+44 2.61888e+27 1.06208e+44 4.54416e+26 1.84287e+43 
4.50056e+16 7.69801e+27 3.46453e+44 3.70734e+27 1.66851e+44 3.21065e+27 1.44497e+44 1.85395e+27 8.34383e+43 3.04886e+26 1.37216e+43 
4.99451e+16 5.16639e+27 2.58035e+44 2.49780e+27 1.24753e+44 2.16315e+27 1.08039e+44 1.24898e+27 6.23803e+43 1.95016e+26 9.74007e+42 
5.54266e+16 3.28863e+27 1.82278e+44 1.59540e+27 8.84278e+43 1.38166e+27 7.65807e+43 7.97721e+26 4.42150e+43 1.18517e+26 6.56903e+42 
6.15099e+16 1.97780e+27 1.21654e+44 9.62350e+26 5.91940e+43 8.33420e+26 5.12635e+43 4.81179e+26 2.95973e+43 6.82057e+25 4.19532e+42 
6.82607e+16 1.11943e+27 7.64131e+43 5.46083e+26 3.72760e+43 4.72922e+26 3.22820e+43 2.73042e+26 1.86381e+43 3.70454e+25 2.52874e+42 
7.57525e+16 5.93969e+26 4.49947e+43 2.90377e+26 2.19968e+43 2.51474e+26 1.90498e+43 1.45189e+26 1.09984e+43 1.89267e+25 1.43374e+42 
8.40665e+16 2.94264e+26 2.47378e+43 1.44115e+26 1.21153e+43 1.24807e+26 1.04921e+43 7.20575e+25 6.05763e+42 9.06471e+24 7.62039e+41 
9.32930e+16 1.35508e+26 1.26419e+43 6.64594e+25 6.20020e+42 5.75555e+25 5.36953e+42 3.32297e+25 3.10010e+42 4.05402e+24 3.78212e+41 
1.03532e+17 5.76793e+25 5.97167e+42 2.83197e+25 2.93200e+42 2.45256e+25 2.53919e+42 1.41598e+25 1.46600e+42 1.68455e+24 1.74405e+41 
1.14895e+17 2.25262e+25 2.58815e+42 1.10689e+25 1.27176e+42 9.58593e+24 1.10138e+42 5.53444e+24 6.35880e+41 6.45755e+23 7.41941e+40 
1.27505e+17 7.99292e+24 1.01914e+42 3.92969e+24 5.01055e+41 3.40321e+24 4.33927e+41 1.96484e+24 2.50528e+41 2.26115e+23 2.88308e+40 
1.41499e+17 2.54495e+24 3.60109e+41 1.25164e+24 1.77105e+41 1.08395e+24 1.53378e+41 6.25818e+23 8.85526e+40 7.13881e+22 1.01014e+40 
1.57029e+17 7.16436e+23 1.12501e+41 3.52414e+23 5.53392e+40 3.05199e+23 4.79251e+40 1.76207e+23 2.76696e+40 2.00051e+22 3.14138e+39 
1.74263e+17 1.75355e+23 3.05579e+40 8.62628e+22 1.50324e+40 7.47058e+22 1.30185e+40 4.31314e+22 7.51622e+39 4.88838e+21 8.51866e+38 
1.93389e+17 3.66383e+22 7.08545e+39 1.80235e+22 3.48555e+39 1.56088e+22 3.01858e+39 9.01176e+21 1.74278e+39 1.02176e+21 1.97598e+38 
2.14614e+17 6.40655e+21 1.37494e+39 3.15144e+21 6.76344e+38 2.72923e+21 5.85731e+38 1.57572e+21 3.38172e+38 1.78975e+20 3.84105e+37 
2.38169e+17 9.17649e+20 2.18555e+38 4.51367e+20 1.07501e+38 3.90895e+20 9.30989e+37 2.25683e+20 5.37507e+37 2.57018e+19 6.12135e+36 
2.64308e+17 1.05180e+20 2.77998e+37 5.17306e+19 1.36728e+37 4.48000e+19 1.18410e+37 2.58653e+19 6.83640e+36 2.95496e+18 7.81021e+35 
2.93317e+17 9.40191e+18 2.75774e+36 4.62372e+18 1.35621e+36 4.00426e+18 1.17452e+36 2.31186e+18 6.78107e+35 2.65018e+17 7.77343e+34 
3.25509e+17 6.37069e+17 2.07372e+35 3.13272e+17 1.01973e+35 2.71301e+17 8.83110e+34 1.56636e+17 5.09864e+34 1.80180e+16 5.86503e+33 
3.61234e+17 3.17087e+16 1.14543e+34 1.55910e+16 5.63201e+33 1.35022e+16 4.87746e+33 7.79551e+15 2.81601e+33 8.99745e+14 3.25019e+32 
4.00881e+17 1.11959e+15 4.48822e+32 5.50450e+14 2.20665e+32 4.76704e+14 1.91101e+32 2.75225e+14 1.10332e+32 3.18665e+13 1.27746e+31 
4.44878e+17 2.69807e+13 1.20031e+31 1.32642e+13 5.90094e+30 1.14871e+13 5.11036e+30 6.63208e+12 2.95047e+30 7.70097e+11 3.42599e+29 
4.93705e+17 4.25172e+11 2.09910e+29 2.09007e+11 1.03188e+29 1.81006e+11 8.93633e+28 1.04504e+11 5.15940e+28 1.21656e+10 6.00623e+27 
5.47890e+17 4.17793e+09 2.28905e+27 2.05368e+09 1.12519e+27 1.77854e+09 9.74443e+26 1.02684e+09 5.62595e+26 1.19800e+08 6.56371e+25 
6.08022e+17 2.42866e+07 1.47668e+25 1.19376e+07 7.25832e+24 1.03383e+07 6.28589e+24 5.96879e+06 3.62916e+24 6.97610e+05 4.24163e+23 
6.74754e+17 7.87859e+04 5.31611e+22 3.87242e+04 2.61293e+22 3.35362e+04 2.26287e+22 1.93621e+04 1.30647e+22 2.26577e+03 1.52884e+21 
7.48810e+17 1.33732e+02 1.00140e+20 6.57299e+01 4.92192e+19 5.69237e+01 4.26251e+19 3.28649e+01 2.46096e+19 3.84704e+00 2.88070e+18 
8.30994e+17 1.10685e-01 9.19787e+16 5.44037e-02 4.52092e+16 4.71150e-02 3.91523e+16 2.72018e-02 2.26046e+16 3.17826e-03 2.64112e+15 
9.22198e+17 4.14260e-05 3.82029e+13 2.03645e-05 1.87801e+13 1.76362e-05 1.62641e+13 1.01823e-05 9.39006e+12 1.18040e-06 1.08856e+12 
1.02341e+18 6.51361e-09 6.66610e+09 3.20362e-09 3.27862e+09 2.77442e-09 2.83937e+09 1.60181e-09 1.63931e+09 1.80782e-10 1.85015e+08 
1.13573e+18 4.10865e-13 4.66633e+05 2.02404e-13 2.29877e+05 1.75287e-13 1.99079e+05 1.01202e-13 1.14938e+05 1.04373e-14 1.18540e+04 
1.26038e+18 1.09379e-17 1.37860e+01 5.41096e-18 6.81988e+00 4.68603e-18 5.90619e+00 2.70548e-18 3.40994e+00 2.10979e-19 2.65915e-01 
1.39871e+18 1.43340e-22 2.00492e-04 7.13303e-23 9.97707e-05 6.17739e-23 8.64040e-05 3.56652e-23 4.98853e-05 1.52170e-24 2.12843e-06 
1.55223e+18 8.54769e-28 1.32679e-09 4.26780e-28 6.62459e-10 3.69603e-28 5.73707e-10 2.13390e-28 3.31230e-10 4.86749e-30 7.55544e-12 
1.72259e+18 1.63328e-33 2.81347e-15 8.16215e-34 1.40600e-15 7.06863e-34 1.21763e-15 4.08108e-34 7.03000e-16 7.14328e-36 1.23049e-17 
1.91164e+18 7.54600e-40 1.44253e-21 3.77162e-40 7.21000e-22 3.26632e-40 6.24404e-22 1.88581e-40 3.60500e-22 3.12008e-42 5.96447e-24 
2.12145e+18 6.91481e-47 1.46694e-28 3.45622e-47 7.33221e-29 2.99318e-47 6.34988e-29 1.72811e-47 3.66610e-29 2.83305e-49 6.01018e-31 
2.35429e+18 1.04404e-54 2.45797e-36 5.21843e-55 1.22857e-36 4.51929e-55 1.06397e-36 2.60921e-55 6.14284e-37 4.26830e-57 1.00488e-38 
2.61268e+18 2.12833e-63 5.56062e-45 1.06380e-63 2.77937e-45 9.21280e-64 2.40701e-45 5.31901e-64 1.38969e-45 8.69035e-66 2.27050e-47 
2.89942e+18 4.70064e-73 1.36291e-54 2.34953e-73 6.81227e-55 2.03475e-73 5.89960e-55 1.17476e-73 3.40614e-55 1.91740e-75 5.55934e-57 
3.21764e+18 8.81067e-84 2.83496e-65 4.40385e-84 1.41700e-65 3.81385e-84 1.22716e-65 2.20193e-84 7.08501e-66 3.59074e-86 1.15537e-67 
3.57079e+18 1.06871e-95 3.81615e-77 5.34178e-96 1.90743e-77 4.62612e-96 1.65189e-77 2.67089e-96 9.53717e-78 4.35225e-98 1.55410e-79 
3.96269e+18 6.20930e-109 2.46055e-90 3.10361e-109 1.22986e-90 2.68780e-109 1.06509e-90 1.55180e-109 6.14931e-91 2.52708e-111 1.00141e-92 
4.39760e+18 1.23746e-123 5.44187e-105 6.18524e-124 2.72002e-105 5.35657e-124 2.35561e-105 3.09262e-124 1.36001e-105 5.03353e-126 2.21354e-107 
4.88025e+18 5.83991e-140 2.85002e-121 2.91898e-140 1.42453e-121 2.52791e-140 1.23368e-121 1.45949e-140 7.12267e-122 2.37431e-142 1.15872e-123 
5.41587e+18 4.32620e-158 2.34301e-139 2.16237e-158 1.17111e-139 1.87267e-158 1.01421e-139 1.08119e-158 5.85557e-140 1.75811e-160 9.52172e-142 
6.01028e+18 3.18795e-178 1.91604e-159 1.59344e-178 9.57702e-160 1.37996e-178 8.29394e-160 7.96720e-179 4.78851e-160 1.29501e-180 7.78334e-162 
6.66992e+18 1.40864e-200 9.39548e-182 7.04082e-201 4.69617e-182 6.09753e-201 4.06701e-182 3.52041e-201 2.34809e-182 5.71983e-203 3.81508e-184 
7.40196e+18 2.12844e-225 1.57546e-206 1.06386e-225 7.87468e-207 9.21334e-226 6.81968e-207 5.31932e-226 3.93734e-207 8.63911e-228 6.39464e-209 
8.21434e+18 5.89737e-253 4.84430e-234 2.94770e-253 2.42134e-234 2.55278e-253 2.09694e-234 1.47385e-253 1.21067e-234 2.39268e-255 1.96543e-236 
9.11589e+18 2.61019e-289 2.37942e-270 1.30177e-289 1.18668e-270 1.12736e-289 1.02769e-270 6.50884e-290 5.93339e-271 2.92686e-291 2.66809e-272 
1.01164e+19 -0.00000e+00 -5.44743e-306 -0.00000e+00 -2.72372e-306 -0.00000e+00 -2.72372e-306 0.00000e+00 0.00000e+00 0.00000e+00 0.00000e+00 
1.12267e+19 0.00000e+00 0.00000e+00 0.00000e+00 0.00000e+00 0.00000e+00 0.00000e+00 0.00000e+00 0.00000e+00 0.00000e+00 0.00000e+00 
1.24588e+19 0.00000e+00 0.00000e+00 0.00000e+00 0.00000e+00 0.00000e+00 0.00000e+00 0.00000e+00 0.00000e+00 0.00000e+00 0.00000e+00 
1.38262e+19 0.00000e+00 0.00000e+00 0.00000e+00 0.00000e+00 0.00000e+00 0.00000e+00 0.00000e+00 0.00000e+00 0.00000e+00 0.00000e+00 
1.53437e+19 0.00000e+00 0.00000e+00 0.00000e+00 0.00000e+00 0.00000e+00 0.00000e+00 0.00000e+00 0.00000e+00 0.00000e+00 0.00000e+00 
1.70277e+19 0.00000e+00 0.00000e+00 0.00000e+00 0.00000e+00 0.00000e+00 0.00000e+00 0.00000e+00 0.00000e+00 0.00000e+00 0.00000e+00 
1.88965e+19 0.00000e+00 0.00000e+00 0.00000e+00 0.00000e+00 0.00000e+00 0.00000e+00 0.00000e+00 0.00000e+00 0.00000e+00 0.00000e+00 
2.09705e+19 0.00000e+00 0.00000e+00 0.00000e+00 0.00000e+00 0.00000e+00 0.00000e+00 0.00000e+00 0.00000e+00 0.00000e+00 0.00000e+00 
2.32720e+19 0.00000e+00 0.00000e+00 0.00000e+00 0.00000e+00 0.00000e+00 0.00000e+00 0.00000e+00 0.00000e+00 0.00000e+00 0.00000e+00 
2.58262e+19 0.00000e+00 0.00000e+00 0.00000e+00 0.00000e+00 0.00000e+00 0.00000e+00 0.00000e+00 0.00000e+00 0.00000e+00 0.00000e+00 
2.86607e+19 0.00000e+00 0.00000e+00 0.00000e+00 0.00000e+00 0.00000e+00 0.00000e+00 0.00000e+00 0.00000e+00 0.00000e+00 0.00000e+00 
3.18063e+19 0.00000e+00 0.00000e+00 0.00000e+00 0.00000e+00 0.00000e+00 0.00000e+00 0.00000e+00 0.00000e+00 0.00000e+00 0.00000e+00 
3.52971e+19 0.00000e+00 0.00000e+00 0.00000e+00 0.00000e+00 0.00000e+00 0.00000e+00 0.00000e+00 0.00000e+00 0.00000e+00 0.00000e+00 
3.91710e+19 0.00000e+00 0.00000e+00 0.00000e+00 0.00000e+00 0.00000e+00 0.00000e+00 0.00000e+00 0.00000e+00 0.00000e+00 0.00000e+00 
4.34701e+19 0.00000e+00 0.00000e+00 0.00000e+00 0.00000e+00 0.00000e+00 0.00000e+00 0.00000e+00 0.00000e+00 0.00000e+00 0.00000e+00 
4.82411e+19 0.00000e+00 0.00000e+00 0.00000e+00 0.00000e+00 0.00000e+00 0.00000e+00 0.00000e+00 0.00000e+00 0.00000e+00 0.00000e+00 
5.35357e+19 0.00000e+00 0.00000e+00 0.00000e+00 0.00000e+00 0.00000e+00 0.00000e+00 0.00000e+00 0.00000e+00 0.00000e+00 0.00000e+00 
5.94113e+19 0.00000e+00 0.00000e+00 0.00000e+00 0.00000e+00 0.00000e+00 0.00000e+00 0.00000e+00 0.00000e+00 0.00000e+00 0.00000e+00 
6.59319e+19 0.00000e+00 0.00000e+00 0.00000e+00 0.00000e+00 0.00000e+00 0.00000e+00 0.00000e+00 0.00000e+00 0.00000e+00 0.00000e+00 
7.31681e+19 0.00000e+00 0.00000e+00 0.00000e+00 0.00000e+00 0.00000e+00 0.00000e+00 0.00000e+00 0.00000e+00 0.00000e+00 0.00000e+00 
8.11984e+19 0.00000e+00 0.00000e+00 0.00000e+00 0.00000e+00 0.00000e+00 0.00000e+00 0.00000e+00 0.00000e+00 0.00000e+00 0.00000e+00 
9.01102e+19 0.00000e+00 0.00000e+00 0.00000e+00 0.00000e+00 0.00000e+00 0.00000e+00 0.00000e+00 0.00000e+00 0.00000e+00 0.00000e+00 
1.00000e+20 0.00000e+00 0.00000e+00 0.00000e+00 0.00000e+00 0.00000e+00 0.00000e+00 0.00000e+00 0.00000e+00 0.00000e+00 0.00000e+00 
