1.00000e+11 3.43534e+20 3.43534e+31 2.16739e+19 2.16739e+30 5.65795e+19 5.65795e+30 9.02264e+19 9.02264e+30 1.01846e+20 1.01846e+31 
1.10975e+11 4.23075e+20 4.69508e+31 2.66924e+19 2.96219e+30 6.96797e+19 7.73273e+30 1.11117e+20 1.23312e+31 1.25426e+20 1.39192e+31 
1.23155e+11 5.21031e+20 6.41676e+31 3.28729e+19 4.04846e+30 8.58131e+19 1.05683e+31 1.36844e+20 1.68531e+31 1.54467e+20 1.90234e+31 
1.36672e+11 6.41666e+20 8.76975e+31 4.04844e+19 5.53307e+30 1.05682e+20 1.44437e+31 1.68528e+20 2.30330e+31 1.90231e+20 2.59991e+31 
1.51672e+11 7.90231e+20 1.19856e+32 4.98584e+19 7.56210e+30 1.30150e+20 1.97401e+31 2.07547e+20 3.14791e+31 2.34274e+20 3.55328e+31 
1.68318e+11 9.73191e+20 1.63806e+32 6.14028e+19 1.03352e+31 1.60284e+20 2.69787e+31 2.55600e+20 4.30221e+31 2.88515e+20 4.85623e+31 
1.86791e+11 1.19851e+21 2.23871e+32 7.56202e+19 1.41252e+31 1.97395e+20 3.68716e+31 3.14778e+20 5.87978e+31 3.55313e+20 6.63694e+31 
2.07292e+11 1.47599e+21 3.05961e+32 9.31295e+19 1.93050e+31 2.43096e+20 5.03920e+31 3.87656e+20 8.03581e+31 4.37575e+20 9.07059e+31 
2.30043e+11 1.81771e+21 4.18151e+32 1.14693e+20 2.63843e+31 2.99379e+20 6.88700e+31 4.77406e+20 1.09824e+32 5.38882e+20 1.23966e+32 
2.55291e+11 2.23854e+21 5.71478e+32 1.41249e+20 3.60595e+31 3.68691e+20 9.41234e+31 5.87933e+20 1.50094e+32 6.63640e+20 1.69421e+32 
2.83310e+11 2.75678e+21 7.81023e+32 1.73954e+20 4.92827e+31 4.54049e+20 1.28636e+32 7.24046e+20 2.05129e+32 8.17279e+20 2.31543e+32 
3.14404e+11 3.39500e+21 1.06740e+33 2.14231e+20 6.73548e+31 5.59167e+20 1.75804e+32 8.91668e+20 2.80343e+32 1.00648e+21 3.16442e+32 
3.48910e+11 4.18095e+21 1.45877e+33 2.63833e+20 9.20539e+31 6.88619e+20 2.40266e+32 1.09809e+21 3.83135e+32 1.23948e+21 4.32468e+32 
3.87204e+11 5.14882e+21 1.99364e+33 3.24919e+20 1.25810e+32 8.48036e+20 3.28363e+32 1.35230e+21 5.23614e+32 1.52642e+21 5.91035e+32 
4.29700e+11 6.34073e+21 2.72462e+33 4.00149e+20 1.71944e+32 1.04436e+21 4.48760e+32 1.66534e+21 7.15598e+32 1.87977e+21 8.07736e+32 
4.76861e+11 7.80851e+21 3.72358e+33 4.92797e+20 2.34996e+32 1.28612e+21 6.13299e+32 2.05084e+21 9.77967e+32 2.31490e+21 1.10388e+33 
5.29198e+11 9.61601e+21 5.08877e+33 6.06894e+20 3.21167e+32 1.58384e+21 8.38162e+32 2.52557e+21 1.33652e+33 2.85073e+21 1.50860e+33 
5.87279e+11 1.18418e+22 6.95445e+33 7.47407e+20 4.38936e+32 1.95046e+21 1.14546e+33 3.11016e+21 1.82653e+33 3.51058e+21 2.06169e+33 
6.51734e+11 1.45827e+22 9.50406e+33 9.20450e+20 5.99889e+32 2.40194e+21 1.56542e+33 3.83004e+21 2.49617e+33 4.32313e+21 2.81753e+33 
7.23263e+11 1.79579e+22 1.29883e+34 1.13356e+21 8.19859e+32 2.95790e+21 2.13934e+33 4.71650e+21 3.41127e+33 5.32370e+21 3.85043e+33 
8.02643e+11 2.21141e+22 1.77497e+34 1.39600e+21 1.12049e+33 3.64251e+21 2.92364e+33 5.80809e+21 4.66182e+33 6.55578e+21 5.26195e+33 
8.90735e+11 2.72319e+22 2.42564e+34 1.71919e+21 1.53134e+33 4.48555e+21 3.99544e+33 7.15224e+21 6.37076e+33 8.07293e+21 7.19084e+33 
9.88496e+11 3.35337e+22 3.31480e+34 2.11720e+21 2.09285e+33 5.52364e+21 5.46010e+33 8.80737e+21 8.70605e+33 9.94106e+21 9.82670e+33 
1.09699e+12 4.12934e+22 4.52983e+34 2.60735e+21 2.86023e+33 6.80191e+21 7.46160e+33 1.08454e+22 1.18972e+34 1.22413e+22 1.34286e+34 
1.21738e+12 5.08480e+22 6.19015e+34 3.21096e+21 3.90897e+33 8.37590e+21 1.01967e+34 1.33548e+22 1.62579e+34 1.50737e+22 1.83504e+34 
1.35099e+12 6.26124e+22 8.45889e+34 3.95429e+21 5.34223e+33 1.03140e+22 1.39341e+34 1.64447e+22 2.22166e+34 1.85610e+22 2.50758e+34 
1.49927e+12 7.70973e+22 1.15590e+35 4.86968e+21 7.30096e+33 1.27003e+22 1.90412e+34 2.02490e+22 3.03587e+34 2.28548e+22 3.42655e+34 
1.66382e+12 9.49315e+22 1.57949e+35 5.99694e+21 9.97782e+33 1.56385e+22 2.60196e+34 2.49331e+22 4.14841e+34 2.81414e+22 4.68221e+34 
1.84642e+12 1.16889e+23 2.15826e+35 7.38511e+21 1.36360e+34 1.92561e+22 3.55550e+34 3.07000e+22 5.66852e+34 3.46500e+22 6.39786e+34 
2.04907e+12 1.43921e+23 2.94905e+35 9.09455e+21 1.86354e+34 2.37101e+22 4.85838e+34 3.77999e+22 7.74548e+34 4.26629e+22 8.74194e+34 
2.27397e+12 1.77201e+23 4.02949e+35 1.11996e+22 2.54675e+34 2.91937e+22 6.63855e+34 4.65406e+22 1.05832e+35 5.25274e+22 1.19446e+35 
2.52354e+12 2.18170e+23 5.50561e+35 1.37918e+22 3.48040e+34 3.59446e+22 9.07077e+34 5.73010e+22 1.44601e+35 6.46710e+22 1.63200e+35 
2.80050e+12 2.68603e+23 7.52225e+35 1.69837e+22 4.75630e+34 4.42555e+22 1.23938e+35 7.05469e+22 1.97567e+35 7.96193e+22 2.22974e+35 
3.10787e+12 3.30683e+23 1.02772e+36 2.09143e+22 6.49988e+34 5.44862e+22 1.69336e+35 8.68518e+22 2.69924e+35 9.80193e+22 3.04631e+35 
3.44896e+12 4.07095e+23 1.40406e+36 2.57542e+22 8.88252e+34 6.70798e+22 2.31356e+35 1.06921e+23 3.68767e+35 1.20667e+23 4.16175e+35 
3.82749e+12 5.01143e+23 1.91812e+36 3.17137e+22 1.21384e+35 8.25811e+22 3.16079e+35 1.31622e+23 5.03784e+35 1.48540e+23 5.68537e+35 
4.24757e+12 6.16889e+23 2.62028e+36 3.90518e+22 1.65875e+35 1.01660e+23 4.31810e+35 1.62022e+23 6.88202e+35 1.82843e+23 7.76640e+35 
4.71375e+12 7.59327e+23 3.57928e+36 4.80871e+22 2.26671e+35 1.25142e+23 5.89888e+35 1.99433e+23 9.40080e+35 2.25056e+23 1.06086e+36 
5.23110e+12 9.34601e+23 4.88899e+36 5.92119e+22 3.09743e+35 1.54039e+23 8.05796e+35 2.45469e+23 1.28407e+36 2.76997e+23 1.44900e+36 
5.80523e+12 1.15026e+24 6.67750e+36 7.29091e+22 4.23254e+35 1.89599e+23 1.10067e+36 3.02110e+23 1.75382e+36 3.40902e+23 1.97901e+36 
6.44236e+12 1.41558e+24 9.11965e+36 8.97729e+22 5.78350e+35 2.33353e+23 1.50335e+36 3.71796e+23 2.39524e+36 4.19519e+23 2.70270e+36 
7.14943e+12 1.74195e+24 1.24540e+37 1.10535e+23 7.90261e+35 2.87185e+23 2.05321e+36 4.57518e+23 3.27099e+36 5.16224e+23 3.69071e+36 
7.93410e+12 2.14339e+24 1.70059e+37 1.36095e+23 1.07979e+36 3.53407e+23 2.80397e+36 5.62956e+23 4.46655e+36 6.35161e+23 5.03943e+36 
8.80488e+12 2.63708e+24 2.32192e+37 1.67561e+23 1.47536e+36 4.34862e+23 3.82891e+36 6.92625e+23 6.09848e+36 7.81422e+23 6.88033e+36 
9.77124e+12 3.24414e+24 3.16992e+37 2.06296e+23 2.01577e+36 5.35041e+23 5.22801e+36 8.52068e+23 8.32577e+36 9.61252e+23 9.39262e+36 
1.08437e+13 3.99045e+24 4.32711e+37 2.53977e+23 2.75404e+36 6.58228e+23 7.13760e+36 1.04809e+24 1.13651e+37 1.18232e+24 1.28206e+37 
1.20338e+13 4.90780e+24 5.90593e+37 3.12667e+23 3.76256e+36 8.09683e+23 9.74355e+36 1.28903e+24 1.55120e+37 1.45402e+24 1.74973e+37 
1.33545e+13 6.03513e+24 8.05962e+37 3.84902e+23 5.14018e+36 9.95858e+23 1.32992e+37 1.58513e+24 2.11687e+37 1.78787e+24 2.38762e+37 
1.48202e+13 7.42018e+24 1.09969e+38 4.73804e+23 7.02187e+36 1.22466e+24 1.81498e+37 1.94893e+24 2.88835e+37 2.19801e+24 3.25749e+37 
1.64468e+13 9.12143e+24 1.50018e+38 5.83210e+23 9.59191e+36 1.50580e+24 2.47655e+37 2.39578e+24 3.94028e+37 2.70170e+24 4.44343e+37 
1.82518e+13 1.12105e+25 2.04611e+38 7.17837e+23 1.31018e+37 1.85115e+24 3.37868e+37 2.94448e+24 5.37422e+37 3.32012e+24 6.05982e+37 
2.02550e+13 1.37748e+25 2.79009e+38 8.83486e+23 1.78950e+37 2.27524e+24 4.60851e+37 3.61804e+24 7.32835e+37 4.07912e+24 8.26226e+37 
2.24781e+13 1.69215e+25 3.80361e+38 1.08728e+24 2.44400e+37 2.79589e+24 6.28462e+37 4.44456e+24 9.99051e+37 5.01030e+24 1.12622e+38 
2.49451e+13 2.07811e+25 5.18387e+38 1.33799e+24 3.33762e+37 3.43485e+24 8.56825e+37 5.45838e+24 1.36160e+38 6.15226e+24 1.53469e+38 
2.76829e+13 2.55133e+25 7.06281e+38 1.64636e+24 4.55758e+37 4.21869e+24 1.16785e+38 6.70137e+24 1.85513e+38 7.55203e+24 2.09062e+38 
3.07211e+13 3.13123e+25 9.61948e+38 2.02560e+24 6.22287e+37 5.17985e+24 1.59131e+38 8.22461e+24 2.52669e+38 9.26692e+24 2.84690e+38 
3.40929e+13 3.84146e+25 1.30966e+39 2.49193e+24 8.49571e+37 6.35789e+24 2.16758e+38 1.00902e+25 3.44005e+38 1.13667e+25 3.87522e+38 
3.78346e+13 4.71079e+25 1.78231e+39 3.06527e+24 1.15973e+38 7.80096e+24 2.95146e+38 1.23738e+25 4.68158e+38 1.39359e+25 5.27261e+38 
4.19871e+13 5.77413e+25 2.42439e+39 3.77001e+24 1.58292e+38 9.56766e+24 4.01718e+38 1.51670e+25 6.36820e+38 1.70775e+25 7.17035e+38 
4.65953e+13 7.07379e+25 3.29605e+39 4.63611e+24 2.16021e+38 1.17291e+25 5.46522e+38 1.85811e+25 8.65792e+38 2.09157e+25 9.74574e+38 
5.17092e+13 8.66094e+25 4.47850e+39 5.70026e+24 2.94756e+38 1.43717e+25 7.43148e+38 2.27505e+25 1.17641e+39 2.56009e+25 1.32380e+39 
5.73844e+13 1.05973e+26 6.08122e+39 7.00741e+24 4.02116e+38 1.75997e+25 1.00995e+39 2.78374e+25 1.59743e+39 3.13142e+25 1.79695e+39 
6.36825e+13 1.29574e+26 8.25158e+39 8.61258e+24 5.48470e+38 2.15394e+25 1.37169e+39 3.40374e+25 2.16759e+39 3.82736e+25 2.43736e+39 
7.06718e+13 1.58304e+26 1.11876e+40 1.05831e+25 7.47926e+38 2.63429e+25 1.86170e+39 4.15851e+25 2.93889e+39 4.67401e+25 3.30321e+39 
7.84282e+13 1.93232e+26 1.51548e+40 1.30012e+25 1.01966e+39 3.21929e+25 2.52483e+39 5.07615e+25 3.98113e+39 5.70262e+25 4.47246e+39 
8.70359e+13 2.35635e+26 2.05087e+40 1.59676e+25 1.38975e+39 3.93087e+25 3.42127e+39 6.19019e+25 5.38769e+39 6.95035e+25 6.04930e+39 
9.65883e+13 2.87028e+26 2.77236e+40 1.96047e+25 1.89359e+39 4.79522e+25 4.63162e+39 7.54048e+25 7.28322e+39 8.46126e+25 8.17259e+39 
1.07189e+14 3.49205e+26 3.74310e+40 2.40623e+25 2.57921e+39 5.84352e+25 6.26361e+39 9.17416e+25 9.83370e+39 1.02874e+26 1.10269e+40 
1.18953e+14 4.24278e+26 5.04693e+40 2.95223e+25 3.51177e+39 7.11275e+25 8.46086e+39 1.11467e+26 1.32594e+40 1.24896e+26 1.48569e+40 
1.32009e+14 5.14716e+26 6.79471e+40 3.62062e+25 4.77954e+39 8.64657e+25 1.14142e+40 1.35231e+26 1.78517e+40 1.51392e+26 1.99851e+40 
1.46497e+14 6.23392e+26 9.13251e+40 4.43829e+25 6.50197e+39 1.04962e+26 1.53767e+40 1.63788e+26 2.39945e+40 1.83184e+26 2.68359e+40 
1.62576e+14 7.53617e+26 1.22520e+41 5.43784e+25 8.84060e+39 1.27216e+26 2.06821e+40 1.98009e+26 3.21915e+40 2.21214e+26 3.59640e+40 
1.80419e+14 9.09178e+26 1.64033e+41 6.65872e+25 1.20136e+40 1.53919e+26 2.77699e+40 2.38890e+26 4.31002e+40 2.66556e+26 4.80916e+40 
2.00220e+14 1.09436e+27 2.19112e+41 8.14857e+25 1.63151e+40 1.85871e+26 3.72150e+40 2.87555e+26 5.75743e+40 3.20409e+26 6.41523e+40 
2.22195e+14 1.31394e+27 2.91950e+41 9.96480e+25 2.21413e+40 2.23980e+26 4.97673e+40 3.45263e+26 7.67156e+40 3.84103e+26 8.53457e+40 
2.46581e+14 1.57319e+27 3.87918e+41 1.21764e+26 3.00247e+40 2.69276e+26 6.63984e+40 4.13398e+26 1.01936e+41 4.59081e+26 1.13201e+41 
2.73644e+14 1.87781e+27 5.13850e+41 1.48660e+26 4.06799e+40 3.22905e+26 8.83611e+40 4.93456e+26 1.35031e+41 5.46876e+26 1.49649e+41 
3.03677e+14 2.23383e+27 6.78365e+41 1.81324e+26 5.50639e+40 3.86133e+26 1.17260e+41 5.87024e+26 1.78266e+41 6.49075e+26 1.97109e+41 
3.37006e+14 2.64751e+27 8.92229e+41 2.20930e+26 7.44549e+40 4.60334e+26 1.55135e+41 6.95736e+26 2.34467e+41 7.67264e+26 2.58573e+41 
3.73994e+14 3.12509e+27 1.16876e+42 2.68872e+26 1.00556e+41 5.46977e+26 2.04566e+41 8.21224e+26 3.07133e+41 9.02951e+26 3.37698e+41 
4.15040e+14 3.67256e+27 1.52426e+42 3.26790e+26 1.35631e+41 6.47610e+26 2.68784e+41 9.65051e+26 4.00535e+41 1.05748e+27 4.38897e+41 
4.60592e+14 4.29540e+27 1.97843e+42 3.96612e+26 1.82676e+41 7.63826e+26 3.51812e+41 1.12863e+27 5.19839e+41 1.23192e+27 5.67412e+41 
5.11143e+14 4.99828e+27 2.55484e+42 4.80583e+26 2.45647e+41 8.97245e+26 4.58621e+41 1.31315e+27 6.71206e+41 1.42696e+27 7.29379e+41 
5.67243e+14 5.78478e+27 3.28138e+42 5.81302e+26 3.29739e+41 1.04949e+27 5.95313e+41 1.51947e+27 8.61909e+41 1.64279e+27 9.31859e+41 
6.29499e+14 6.65728e+27 4.19075e+42 7.01755e+26 4.41754e+41 1.22216e+27 7.69348e+41 1.74813e+27 1.10045e+42 1.87906e+27 1.18287e+42 
6.98588e+14 7.61698e+27 5.32113e+42 8.45340e+26 5.90544e+41 1.41688e+27 9.89815e+41 1.99929e+27 1.39668e+42 2.13486e+27 1.49139e+42 
7.75260e+14 8.66425e+27 6.71705e+42 1.01588e+27 7.87570e+41 1.63532e+27 1.26779e+42 2.27283e+27 1.76203e+42 2.40877e+27 1.86742e+42 
8.60346e+14 9.79936e+27 8.43085e+42 1.21762e+27 1.04758e+42 1.87928e+27 1.61683e+42 2.56850e+27 2.20980e+42 2.69910e+27 2.32216e+42 
9.54772e+14 1.10234e+28 1.05249e+43 1.45523e+27 1.38941e+42 2.15088e+27 2.05360e+42 2.88618e+27 2.75564e+42 3.00412e+27 2.86825e+42 
1.05956e+15 1.23397e+28 1.30747e+43 1.73370e+27 1.83696e+42 2.45263e+27 2.59871e+42 3.22617e+27 3.41832e+42 3.32248e+27 3.52037e+42 
1.17585e+15 1.37548e+28 1.61735e+43 2.05834e+27 2.42030e+42 2.78766e+27 3.27787e+42 3.58945e+27 4.22065e+42 3.65353e+27 4.29600e+42 
1.30490e+15 1.52789e+28 1.99375e+43 2.43457e+27 3.17687e+42 3.15972e+27 4.12312e+42 3.97789e+27 5.19075e+42 3.99747e+27 5.21631e+42 
1.44812e+15 1.69261e+28 2.45110e+43 2.86780e+27 4.15291e+42 3.57316e+27 5.17436e+42 4.39410e+27 6.36317e+42 4.35530e+27 6.30699e+42 
1.60705e+15 1.87117e+28 3.00707e+43 3.36318e+27 5.40481e+42 4.03265e+27 6.48068e+42 4.84100e+27 7.77974e+42 4.72816e+27 7.59841e+42 
1.78343e+15 2.06493e+28 3.68266e+43 3.92535e+27 7.00059e+42 4.54270e+27 8.10158e+42 5.32099e+27 9.48962e+42 5.11643e+27 9.12480e+42 
1.97917e+15 2.27459e+28 4.50180e+43 4.55808e+27 9.02121e+42 5.10700e+27 1.01076e+43 5.83483e+27 1.15481e+43 5.51829e+27 1.09216e+43 
2.19639e+15 2.49974e+28 5.49039e+43 5.26394e+27 1.15616e+43 5.72776e+27 1.25804e+43 6.38048e+27 1.40140e+43 5.92838e+27 1.30210e+43 
2.43744e+15 2.73838e+28 6.67465e+43 6.04383e+27 1.47315e+43 6.40500e+27 1.56118e+43 6.95218e+27 1.69456e+43 6.33674e+27 1.54455e+43 
2.70496e+15 2.98674e+28 8.07900e+43 6.89659e+27 1.86550e+43 7.13616e+27 1.93030e+43 7.54000e+27 2.03954e+43 6.72834e+27 1.81999e+43 
3.00184e+15 3.23925e+28 9.72371e+43 7.81846e+27 2.34697e+43 7.91587e+27 2.37621e+43 8.13003e+27 2.44050e+43 7.08353e+27 2.12636e+43 
3.33129e+15 3.48883e+28 1.16223e+44 8.80255e+27 2.93239e+43 8.73590e+27 2.91018e+43 8.70519e+27 2.89996e+43 7.37925e+27 2.45825e+43 
3.69691e+15 3.72727e+28 1.37794e+44 9.83827e+27 3.63712e+43 9.58525e+27 3.54358e+43 9.24639e+27 3.41831e+43 7.59105e+27 2.80634e+43 
4.10266e+15 3.94577e+28 1.61882e+44 1.09107e+28 4.47628e+43 1.04501e+28 4.28733e+43 9.73394e+27 3.99350e+43 7.69536e+27 3.15714e+43 
4.55294e+15 4.13561e+28 1.88292e+44 1.19999e+28 5.46346e+43 1.13137e+28 5.15105e+43 1.01489e+28 4.62074e+43 7.67221e+27 3.49311e+43 
5.05263e+15 4.28871e+28 2.16693e+44 1.30803e+28 6.60901e+43 1.21558e+28 6.14189e+43 1.04746e+28 5.29241e+43 7.50793e+27 3.79348e+43 
5.60717e+15 4.39832e+28 2.46621e+44 1.41208e+28 7.91775e+43 1.29526e+28 7.26276e+43 1.06972e+28 5.99813e+43 7.19775e+27 4.03590e+43 
6.22257e+15 4.45950e+28 2.77495e+44 1.50838e+28 9.38598e+43 1.36762e+28 8.51008e+43 1.08075e+28 6.72507e+43 6.74807e+27 4.19903e+43 
6.90551e+15 4.46953e+28 3.08644e+44 1.59265e+28 1.09981e+44 1.42944e+28 9.87100e+43 1.08006e+28 7.45836e+43 6.17763e+27 4.26597e+43 
7.66341e+15 4.42785e+28 3.39325e+44 1.66015e+28 1.27224e+44 1.47716e+28 1.13200e+44 1.06759e+28 8.18134e+43 5.51707e+27 4.22796e+43 
8.50449e+15 4.33551e+28 3.68713e+44 1.70584e+28 1.45073e+44 1.50692e+28 1.28156e+44 1.04358e+28 8.87513e+43 4.80607e+27 4.08732e+43 
9.43788e+15 4.19418e+28 3.95842e+44 1.72470e+28 1.62775e+44 1.51476e+28 1.42962e+44 1.00839e+28 9.51706e+43 4.08813e+27 3.85833e+43 
1.04737e+16 4.00517e+28 4.19489e+44 1.71208e+28 1.79318e+44 1.49693e+28 1.56784e+44 9.62224e+27 1.00781e+44 3.40388e+27 3.56513e+43 
1.16232e+16 3.76875e+28 4.38050e+44 1.66431e+28 1.93446e+44 1.45031e+28 1.68573e+44 9.05057e+27 1.05197e+44 2.78448e+27 3.23646e+43 
1.28989e+16 3.48465e+28 4.49482e+44 1.57945e+28 2.03732e+44 1.37311e+28 1.77116e+44 8.36739e+27 1.07930e+44 2.24731e+27 2.89878e+43 
1.43146e+16 3.15370e+28 4.51439e+44 1.45811e+28 2.08723e+44 1.26561e+28 1.81167e+44 7.57397e+27 1.08418e+44 1.79549e+27 2.57017e+43 
1.58857e+16 2.78025e+28 4.41660e+44 1.30419e+28 2.07180e+44 1.13087e+28 1.79646e+44 6.68001e+27 1.06116e+44 1.42109e+27 2.25750e+43 
1.76291e+16 2.37440e+28 4.18587e+44 1.12522e+28 1.98366e+44 9.75097e+27 1.71901e+44 5.70897e+27 1.00644e+44 1.11080e+27 1.95824e+43 
1.95640e+16 1.95284e+28 3.82053e+44 9.31973e+27 1.82331e+44 8.07364e+27 1.57953e+44 4.69995e+27 9.19497e+43 8.51580e+26 1.66603e+43 
2.17112e+16 1.53735e+28 3.33778e+44 7.37289e+27 1.60074e+44 6.38600e+27 1.38648e+44 3.70449e+27 8.04289e+43 6.34250e+26 1.37703e+43 
2.40940e+16 1.15134e+28 2.77404e+44 5.54131e+27 1.33513e+44 4.79919e+27 1.15632e+44 2.77828e+27 6.69400e+43 4.54137e+26 1.09420e+43 
2.67384e+16 8.15185e+27 2.17967e+44 3.93434e+27 1.05198e+44 3.40731e+27 9.11062e+43 1.97022e+27 5.26806e+43 3.09435e+26 8.27381e+42 
2.96730e+16 5.42208e+27 1.60890e+44 2.62304e+27 7.78335e+43 2.27163e+27 6.74062e+43 1.31269e+27 3.89514e+43 1.98762e+26 5.89786e+42 
3.29297e+16 3.36549e+27 1.10824e+44 1.63158e+27 5.37273e+43 1.41299e+27 4.65293e+43 8.16216e+26 2.68778e+43 1.19327e+26 3.92939e+42 
3.65438e+16 1.93562e+27 7.07351e+43 9.40243e+26 3.43601e+43 8.14275e+26 2.97567e+43 4.70270e+26 1.71855e+43 6.64093e+25 2.42685e+42 
4.05546e+16 1.02364e+27 4.15134e+43 4.98173e+26 2.02032e+43 4.31431e+26 1.74965e+43 2.49135e+26 1.01036e+43 3.39817e+25 1.37811e+42 
4.50056e+16 4.93602e+26 2.22148e+43 2.40645e+26 1.08304e+43 2.08405e+26 9.37937e+42 1.20336e+26 5.41581e+42 1.58500e+25 7.13336e+41 
4.99451e+16 2.15028e+26 1.07396e+43 1.05007e+26 5.24457e+42 9.09385e+25 4.54193e+42 5.25069e+25 2.62246e+42 6.67549e+24 3.33408e+41 
5.54266e+16 8.37745e+25 4.64334e+42 4.09745e+25 2.27108e+42 3.54849e+25 1.96681e+42 2.04880e+25 1.13558e+42 2.51222e+24 1.39244e+41 
6.15099e+16 2.88719e+25 1.77591e+42 1.41422e+25 8.69885e+41 1.22475e+25 7.53342e+41 7.07123e+24 4.34950e+41 8.34925e+23 5.13561e+40 
6.82607e+16 8.70019e+24 5.93881e+41 4.26759e+24 2.91309e+41 3.69584e+24 2.52281e+41 2.13381e+24 1.45655e+41 2.41839e+23 1.65081e+40 
7.57525e+16 2.26492e+24 1.71574e+41 1.11253e+24 8.42770e+40 9.63480e+23 7.29860e+40 5.56266e+23 4.21385e+40 6.01551e+22 4.55690e+39 
8.40665e+16 5.03437e+23 4.23222e+40 2.47645e+23 2.08187e+40 2.14467e+23 1.80295e+40 1.23822e+23 1.04093e+40 1.26394e+22 1.06255e+39 
9.32930e+16 9.45517e+22 8.82102e+39 4.65846e+22 4.34602e+39 4.03434e+22 3.76376e+39 2.32921e+22 2.17299e+39 2.20275e+21 2.05501e+38 
1.03532e+17 1.48905e+22 1.54165e+39 7.34992e+21 7.60953e+38 6.36521e+21 6.59004e+38 3.67491e+21 3.80472e+38 3.12133e+20 3.23158e+37 
1.14895e+17 1.95970e+21 2.25160e+38 9.69414e+20 1.11381e+38 8.39537e+20 9.64587e+37 4.84698e+20 5.56894e+37 3.52115e+19 4.04563e+36 
1.27505e+17 2.15630e+20 2.74939e+37 1.06933e+20 1.36345e+37 9.26067e+19 1.18078e+37 5.34651e+19 6.81707e+36 3.09627e+18 3.94790e+35 
1.41499e+17 1.98268e+19 2.80547e+36 9.85764e+18 1.39485e+36 8.53696e+18 1.20797e+36 4.92865e+18 6.97399e+35 2.08383e+17 2.94861e+34 
1.57029e+17 1.50683e+18 2.36615e+35 7.50872e+17 1.17909e+35 6.50274e+17 1.02112e+35 3.75419e+17 5.89517e+34 1.06305e+16 1.66930e+33 
1.74263e+17 9.19442e+16 1.60225e+34 4.58925e+16 7.99737e+33 3.97440e+16 6.92593e+33 2.29451e+16 3.99848e+33 4.14379e+14 7.22111e+31 
1.93389e+17 4.30487e+15 8.32516e+32 2.15085e+15 4.15951e+32 1.86269e+15 3.60224e+32 1.07536e+15 2.07964e+32 1.27197e+13 2.45985e+30 
2.14614e+17 1.46708e+14 3.14855e+31 7.33370e+13 1.57392e+31 6.35117e+13 1.36305e+31 3.66664e+13 7.86913e+30 3.16239e+11 6.78694e+28 
2.38169e+17 3.45045e+12 8.21789e+29 1.72522e+12 4.10894e+29 1.49409e+12 3.55844e+29 8.62561e+11 2.05435e+29 6.21021e+09 1.47908e+27 
2.64308e+17 5.31680e+10 1.40527e+28 2.65862e+10 7.02695e+27 2.30243e+10 6.08551e+27 1.32923e+10 3.51327e+27 8.83421e+07 2.33495e+25 
2.93317e+17 5.09399e+08 1.49415e+26 2.54727e+08 7.47157e+25 2.20600e+08 6.47057e+25 1.27356e+08 3.73557e+25 8.22912e+05 2.41374e+23 
3.25509e+17 2.87234e+06 9.34972e+23 1.43633e+06 4.67537e+23 1.24390e+06 4.04899e+23 7.18126e+05 2.33756e+23 4.60626e+03 1.49938e+21 
3.61234e+17 8.98078e+03 3.24417e+21 4.49085e+03 1.62225e+21 3.88919e+03 1.40491e+21 2.24531e+03 8.11084e+20 1.43983e+01 5.20117e+18 
4.00881e+17 1.45809e+01 5.84521e+18 7.29113e+00 2.92287e+18 6.31430e+00 2.53128e+18 3.64540e+00 1.46137e+18 2.34205e-02 9.38883e+15 
4.44878e+17 1.14294e-02 5.08468e+15 5.71512e-03 2.54253e+15 4.94944e-03 2.20190e+15 2.85744e-03 1.27121e+15 1.84041e-05 8.18757e+12 
4.93705e+17 3.98902e-06 1.96940e+12 1.99463e-06 9.84759e+11 1.72740e-06 8.52827e+11 9.97279e-07 4.92361e+11 6.44035e-09 3.17963e+09 
5.47890e+17 5.66538e-10 3.10401e+08 2.83282e-10 1.55207e+08 2.45330e-10 1.34414e+08 1.41637e-10 7.76012e+07 9.17116e-13 5.02479e+05 
6.08022e+17 2.96265e-14 1.80136e+04 1.48137e-14 9.00707e+03 1.28291e-14 7.80035e+03 7.40666e-15 4.50341e+03 4.80823e-17 2.92351e+01 
6.74754e+17 5.10506e-19 3.44466e-01 2.55257e-19 1.72236e-01 2.21059e-19 1.49160e-01 1.27626e-19 8.61159e-02 8.30504e-22 5.60386e-04 
7.48810e+17 2.56266e-24 1.91894e-06 1.28133e-24 9.59474e-07 1.10967e-24 8.30929e-07 6.40654e-25 4.79728e-07 4.17802e-27 3.12854e-09 
8.30994e+17 3.26910e-30 2.71661e-12 1.63453e-30 1.35829e-12 1.41555e-30 1.17631e-12 8.17256e-31 6.79135e-13 5.33990e-33 4.43742e-15 
9.22198e+17 9.10943e-37 8.40070e-19 4.55462e-37 4.20026e-19 3.94442e-37 3.63753e-19 2.27729e-37 2.10011e-19 1.49043e-39 1.37447e-21 
1.02341e+18 9.31542e-44 9.53350e-26 4.65740e-44 4.76644e-26 4.03343e-44 4.12786e-26 2.32869e-44 2.38321e-26 1.80242e-46 1.84462e-28 
1.13573e+18 1.29348e-47 1.46905e-29 6.46675e-48 7.34451e-30 5.60037e-48 6.36053e-30 3.23338e-48 3.67225e-30 2.89099e-50 3.28340e-32 
1.26038e+18 1.42400e-51 1.79478e-33 7.11926e-52 8.97300e-34 6.16546e-52 7.77085e-34 3.55963e-52 4.48650e-34 3.18262e-54 4.01132e-36 
1.39871e+18 5.57358e-56 7.79583e-38 2.78651e-56 3.89752e-38 2.41318e-56 3.37535e-38 1.39325e-56 1.94876e-38 1.24567e-58 1.74234e-40 
1.55223e+18 6.92198e-61 1.07445e-42 3.46064e-61 5.37169e-43 2.99700e-61 4.65202e-43 1.73032e-61 2.68585e-43 1.54703e-63 2.40133e-45 
1.72259e+18 2.40456e-66 4.14206e-48 1.20216e-66 2.07082e-48 1.04110e-66 1.79338e-48 6.01079e-67 1.03541e-48 5.37405e-69 9.25727e-51 
1.91164e+18 2.03143e-72 3.88337e-54 1.01561e-72 1.94149e-54 8.79546e-73 1.68138e-54 5.07806e-73 9.70744e-55 4.54013e-75 8.67911e-57 
2.12145e+18 3.57379e-79 7.58162e-61 1.78671e-79 3.79043e-61 1.54734e-79 3.28261e-61 8.93357e-80 1.89521e-61 7.98721e-82 1.69445e-63 
2.35429e+18 1.10211e-86 2.59468e-68 5.50998e-87 1.29721e-68 4.77179e-87 1.12341e-68 2.75499e-87 6.48604e-69 2.46315e-89 5.79896e-71 
2.61268e+18 4.92140e-95 1.28580e-76 2.46045e-95 6.42835e-77 2.13081e-95 5.56712e-77 1.23022e-95 3.21418e-77 1.09990e-97 2.87369e-79 
2.89942e+18 2.57403e-104 7.46319e-86 1.28688e-104 3.73122e-86 1.11447e-104 3.23133e-86 6.43442e-105 1.86561e-86 5.75280e-107 1.66798e-88 
3.21764e+18 1.24618e-114 4.00977e-96 6.23028e-115 2.00468e-96 5.39558e-115 1.73611e-96 3.11514e-115 1.00234e-96 2.78515e-117 8.96160e-99 
3.57079e+18 4.30090e-126 1.53576e-107 2.15023e-126 7.67801e-108 1.86215e-126 6.64935e-108 1.07512e-126 3.83901e-108 9.61226e-129 3.43233e-110 
3.96269e+18 7.91880e-139 3.13797e-120 3.95900e-139 1.56883e-120 3.42860e-139 1.35865e-120 1.97950e-139 7.84414e-121 1.76981e-141 7.01319e-123 
4.39760e+18 5.63874e-153 2.47969e-134 2.81908e-153 1.23972e-134 2.44140e-153 1.07363e-134 1.40954e-153 6.19861e-135 1.26023e-155 5.54197e-137 
4.88025e+18 1.08666e-168 5.30316e-150 5.43274e-169 2.65131e-150 4.70489e-169 2.29610e-150 2.71637e-169 1.32566e-150 2.42862e-171 1.18523e-152 
5.41587e+18 3.81366e-186 2.06543e-167 1.90664e-186 1.03261e-167 1.65119e-186 8.94266e-168 9.53318e-187 5.16305e-168 8.52330e-189 4.61611e-170 
6.01028e+18 1.57035e-205 9.43826e-187 7.85097e-206 4.71865e-187 6.79914e-206 4.08647e-187 3.92549e-206 2.35933e-187 3.50965e-208 2.10940e-189 
6.66992e+18 4.65770e-227 3.10665e-208 2.32862e-227 1.55317e-208 2.01664e-227 1.34508e-208 1.16431e-227 7.76584e-209 1.04097e-229 6.94319e-211 
7.40196e+18 5.79059e-251 4.28617e-232 2.89500e-251 2.14287e-232 2.50715e-251 1.85578e-232 1.44750e-251 1.07143e-232 1.29416e-253 9.57935e-235 
8.21434e+18 1.65463e-277 1.35917e-258 8.27230e-278 6.79515e-259 7.16402e-278 5.88477e-259 4.13615e-278 3.39758e-259 3.69800e-280 3.03766e-261 
9.11589e+18 5.57845e-307 5.08525e-288 2.78894e-307 2.54237e-288 2.41530e-307 2.20176e-288 1.39447e-307 1.27119e-288 1.24675e-309 1.13653e-290 
1.01164e+19 0.00000e+00 0.00000e+00 0.00000e+00 0.00000e+00 0.00000e+00 0.00000e+00 0.00000e+00 0.00000e+00 0.00000e+00 0.00000e+00 
1.12267e+19 0.00000e+00 0.00000e+00 0.00000e+00 0.00000e+00 0.00000e+00 0.00000e+00 0.00000e+00 0.00000e+00 0.00000e+00 0.00000e+00 
1.24588e+19 0.00000e+00 0.00000e+00 0.00000e+00 0.00000e+00 0.00000e+00 0.00000e+00 0.00000e+00 0.00000e+00 0.00000e+00 0.00000e+00 
1.38262e+19 0.00000e+00 0.00000e+00 0.00000e+00 0.00000e+00 0.00000e+00 0.00000e+00 0.00000e+00 0.00000e+00 0.00000e+00 0.00000e+00 
1.53437e+19 0.00000e+00 0.00000e+00 0.00000e+00 0.00000e+00 0.00000e+00 0.00000e+00 0.00000e+00 0.00000e+00 0.00000e+00 0.00000e+00 
1.70277e+19 0.00000e+00 0.00000e+00 0.00000e+00 0.00000e+00 0.00000e+00 0.00000e+00 0.00000e+00 0.00000e+00 0.00000e+00 0.00000e+00 
1.88965e+19 0.00000e+00 0.00000e+00 0.00000e+00 0.00000e+00 0.00000e+00 0.00000e+00 0.00000e+00 0.00000e+00 0.00000e+00 0.00000e+00 
2.09705e+19 0.00000e+00 0.00000e+00 0.00000e+00 0.00000e+00 0.00000e+00 0.00000e+00 0.00000e+00 0.00000e+00 0.00000e+00 0.00000e+00 
2.32720e+19 0.00000e+00 0.00000e+00 0.00000e+00 0.00000e+00 0.00000e+00 0.00000e+00 0.00000e+00 0.00000e+00 0.00000e+00 0.00000e+00 
2.58262e+19 0.00000e+00 0.00000e+00 0.00000e+00 0.00000e+00 0.00000e+00 0.00000e+00 0.00000e+00 0.00000e+00 0.00000e+00 0.00000e+00 
2.86607e+19 0.00000e+00 0.00000e+00 0.00000e+00 0.00000e+00 0.00000e+00 0.00000e+00 0.00000e+00 0.00000e+00 0.00000e+00 0.00000e+00 
3.18063e+19 0.00000e+00 0.00000e+00 0.00000e+00 0.00000e+00 0.00000e+00 0.00000e+00 0.00000e+00 0.00000e+00 0.00000e+00 0.00000e+00 
3.52971e+19 0.00000e+00 0.00000e+00 0.00000e+00 0.00000e+00 0.00000e+00 0.00000e+00 0.00000e+00 0.00000e+00 0.00000e+00 0.00000e+00 
3.91710e+19 0.00000e+00 0.00000e+00 0.00000e+00 0.00000e+00 0.00000e+00 0.00000e+00 0.00000e+00 0.00000e+00 0.00000e+00 0.00000e+00 
4.34701e+19 0.00000e+00 0.00000e+00 0.00000e+00 0.00000e+00 0.00000e+00 0.00000e+00 0.00000e+00 0.00000e+00 0.00000e+00 0.00000e+00 
4.82411e+19 0.00000e+00 0.00000e+00 0.00000e+00 0.00000e+00 0.00000e+00 0.00000e+00 0.00000e+00 0.00000e+00 0.00000e+00 0.00000e+00 
5.35357e+19 0.00000e+00 0.00000e+00 0.00000e+00 0.00000e+00 0.00000e+00 0.00000e+00 0.00000e+00 0.00000e+00 0.00000e+00 0.00000e+00 
5.94113e+19 0.00000e+00 0.00000e+00 0.00000e+00 0.00000e+00 0.00000e+00 0.00000e+00 0.00000e+00 0.00000e+00 0.00000e+00 0.00000e+00 
6.59319e+19 0.00000e+00 0.00000e+00 0.00000e+00 0.00000e+00 0.00000e+00 0.00000e+00 0.00000e+00 0.00000e+00 0.00000e+00 0.00000e+00 
7.31681e+19 0.00000e+00 0.00000e+00 0.00000e+00 0.00000e+00 0.00000e+00 0.00000e+00 0.00000e+00 0.00000e+00 0.00000e+00 0.00000e+00 
8.11984e+19 0.00000e+00 0.00000e+00 0.00000e+00 0.00000e+00 0.00000e+00 0.00000e+00 0.00000e+00 0.00000e+00 0.00000e+00 0.00000e+00 
9.01102e+19 0.00000e+00 0.00000e+00 0.00000e+00 0.00000e+00 0.00000e+00 0.00000e+00 0.00000e+00 0.00000e+00 0.00000e+00 0.00000e+00 
1.00000e+20 0.00000e+00 0.00000e+00 0.00000e+00 0.00000e+00 0.00000e+00 0.00000e+00 0.00000e+00 0.00000e+00 0.00000e+00 0.00000e+00 
