1.00000e+11 3.48769e+20 3.48769e+31 2.06222e+19 2.06222e+30 5.71585e+19 5.71585e+30 9.21843e+19 9.21843e+30 1.04387e+20 1.04387e+31 
1.10975e+11 4.29521e+20 4.76662e+31 2.53972e+19 2.81846e+30 7.03928e+19 7.81186e+30 1.13528e+20 1.25988e+31 1.28556e+20 1.42666e+31 
1.23155e+11 5.28969e+20 6.51452e+31 3.12778e+19 3.85202e+30 8.66912e+19 1.06765e+31 1.39814e+20 1.72188e+31 1.58321e+20 1.94981e+31 
1.36672e+11 6.51442e+20 8.90337e+31 3.85200e+19 5.26460e+30 1.06763e+20 1.45915e+31 1.72185e+20 2.35328e+31 1.94977e+20 2.66479e+31 
1.51672e+11 8.02270e+20 1.21682e+32 4.74391e+19 7.19517e+30 1.31482e+20 1.99421e+31 2.12051e+20 3.21622e+31 2.40120e+20 3.64194e+31 
1.68318e+11 9.88018e+20 1.66301e+32 5.84234e+19 9.83370e+30 1.61924e+20 2.72548e+31 2.61147e+20 4.39557e+31 2.95714e+20 4.97741e+31 
1.86791e+11 1.21677e+21 2.27282e+32 7.19509e+19 1.34398e+31 1.99414e+20 3.72489e+31 3.21609e+20 6.00737e+31 3.64179e+20 6.80255e+31 
2.07292e+11 1.49848e+21 3.10622e+32 8.86105e+19 1.83683e+31 2.45584e+20 5.09076e+31 3.96068e+20 8.21018e+31 4.48494e+20 9.29693e+31 
2.30043e+11 1.84540e+21 4.24522e+32 1.09128e+20 2.51040e+31 3.02442e+20 6.95746e+31 4.87765e+20 1.12207e+32 5.52328e+20 1.27059e+32 
2.55291e+11 2.27264e+21 5.80184e+32 1.34395e+20 3.43098e+31 3.72463e+20 9.50864e+31 6.00691e+20 1.53351e+32 6.80200e+20 1.73649e+32 
2.83310e+11 2.79878e+21 7.92921e+32 1.65513e+20 4.68913e+31 4.58694e+20 1.29952e+32 7.39757e+20 2.09580e+32 8.37672e+20 2.37321e+32 
3.14404e+11 3.44672e+21 1.08366e+33 2.03835e+20 6.40864e+31 5.64887e+20 1.77603e+32 9.11016e+20 2.86427e+32 1.03160e+21 3.24338e+32 
3.48910e+11 4.24464e+21 1.48100e+33 2.51030e+20 8.75870e+31 6.95663e+20 2.42724e+32 1.12192e+21 3.91449e+32 1.27041e+21 4.43260e+32 
3.87204e+11 5.22726e+21 2.02401e+33 3.09152e+20 1.19705e+32 8.56711e+20 3.31722e+32 1.38164e+21 5.34976e+32 1.56451e+21 6.05783e+32 
4.29700e+11 6.43732e+21 2.76612e+33 3.80731e+20 1.63600e+32 1.05504e+21 4.53350e+32 1.70148e+21 7.31125e+32 1.92667e+21 8.27891e+32 
4.76861e+11 7.92746e+21 3.78030e+33 4.68882e+20 2.23592e+32 1.29927e+21 6.19572e+32 2.09534e+21 9.99187e+32 2.37266e+21 1.13143e+33 
5.29198e+11 9.76248e+21 5.16628e+33 5.77442e+20 3.05581e+32 1.60003e+21 8.46734e+32 2.58037e+21 1.36552e+33 2.92187e+21 1.54625e+33 
5.87279e+11 1.20222e+22 7.06037e+33 7.11136e+20 4.17635e+32 1.97041e+21 1.15718e+33 3.17764e+21 1.86616e+33 3.59818e+21 2.11313e+33 
6.51734e+11 1.48048e+22 9.64882e+33 8.75780e+20 5.70776e+32 2.42650e+21 1.58143e+33 3.91314e+21 2.55033e+33 4.43100e+21 2.88783e+33 
7.23263e+11 1.82314e+22 1.31861e+34 1.07854e+21 7.80070e+32 2.98814e+21 2.16121e+33 4.81884e+21 3.48529e+33 5.45653e+21 3.94651e+33 
8.02643e+11 2.24509e+22 1.80200e+34 1.32824e+21 1.06611e+33 3.67975e+21 2.95353e+33 5.93411e+21 4.76297e+33 6.71936e+21 5.39325e+33 
8.90735e+11 2.76466e+22 2.46258e+34 1.63575e+21 1.45702e+33 4.53140e+21 4.03628e+33 7.30742e+21 6.50898e+33 8.27437e+21 7.37027e+33 
9.88496e+11 3.40444e+22 3.36527e+34 2.01444e+21 1.99127e+33 5.58009e+21 5.51590e+33 8.99846e+21 8.89494e+33 1.01891e+22 1.00719e+34 
1.09699e+12 4.19222e+22 4.59880e+34 2.48080e+21 2.72140e+33 6.87142e+21 7.53785e+33 1.10807e+22 1.21554e+34 1.25468e+22 1.37636e+34 
1.21738e+12 5.16221e+22 6.28439e+34 3.05510e+21 3.71923e+33 8.46147e+21 1.03008e+34 1.36446e+22 1.66107e+34 1.54498e+22 1.88083e+34 
1.35099e+12 6.35655e+22 8.58766e+34 3.76235e+21 5.08291e+33 1.04193e+22 1.40764e+34 1.68014e+22 2.26986e+34 1.90242e+22 2.57015e+34 
1.49927e+12 7.82709e+22 1.17349e+35 4.63329e+21 6.94654e+33 1.28300e+22 1.92356e+34 2.06883e+22 3.10173e+34 2.34251e+22 3.51205e+34 
1.66382e+12 9.63764e+22 1.60353e+35 5.70581e+21 9.49343e+33 1.57982e+22 2.62853e+34 2.54739e+22 4.23839e+34 2.88435e+22 4.79903e+34 
1.84642e+12 1.18668e+23 2.19111e+35 7.02656e+21 1.29740e+34 1.94527e+22 3.59179e+34 3.13659e+22 5.79148e+34 3.55145e+22 6.55749e+34 
2.04907e+12 1.46111e+23 2.99393e+35 8.65298e+21 1.77306e+34 2.39521e+22 4.90796e+34 3.86198e+22 7.91349e+34 4.37274e+22 8.96007e+34 
2.27397e+12 1.79897e+23 4.09080e+35 1.06558e+22 2.42309e+34 2.94915e+22 6.70626e+34 4.75501e+22 1.08127e+35 5.38380e+22 1.22426e+35 
2.52354e+12 2.21489e+23 5.58936e+35 1.31220e+22 3.31139e+34 3.63111e+22 9.16326e+34 5.85437e+22 1.47737e+35 6.62846e+22 1.67272e+35 
2.80050e+12 2.72688e+23 7.63665e+35 1.61589e+22 4.52531e+34 4.47065e+22 1.25201e+35 7.20768e+22 2.01851e+35 8.16058e+22 2.28537e+35 
3.10787e+12 3.35711e+23 1.04335e+36 1.98985e+22 6.18418e+34 5.50413e+22 1.71061e+35 8.87352e+22 2.75777e+35 1.00465e+23 3.12231e+35 
3.44896e+12 4.13284e+23 1.42540e+36 2.45032e+22 8.45105e+34 6.77628e+22 2.33711e+35 1.09240e+23 3.76763e+35 1.23677e+23 4.26558e+35 
3.82749e+12 5.08760e+23 1.94727e+36 3.01730e+22 1.15487e+35 8.34215e+22 3.19295e+35 1.34476e+23 5.14707e+35 1.52246e+23 5.82721e+35 
4.24757e+12 6.26262e+23 2.66009e+36 3.71544e+22 1.57816e+35 1.02694e+23 4.36201e+35 1.65535e+23 7.03122e+35 1.87405e+23 7.96016e+35 
4.71375e+12 7.70861e+23 3.63365e+36 4.57503e+22 2.15656e+35 1.26414e+23 5.95883e+35 2.03757e+23 9.60458e+35 2.30670e+23 1.08732e+36 
5.23110e+12 9.48792e+23 4.96322e+36 5.63340e+22 2.94689e+35 1.55604e+23 8.13978e+35 2.50789e+23 1.31190e+36 2.83907e+23 1.48515e+36 
5.80523e+12 1.16772e+24 6.77886e+36 6.93647e+22 4.02678e+35 1.91523e+23 1.11183e+36 3.08657e+23 1.79183e+36 3.49407e+23 2.02838e+36 
6.44236e+12 1.43705e+24 9.25801e+36 8.54078e+22 5.50228e+35 2.35719e+23 1.51858e+36 3.79852e+23 2.44714e+36 4.29985e+23 2.77012e+36 
7.14943e+12 1.76837e+24 1.26428e+37 1.05159e+23 7.51827e+35 2.90092e+23 2.07400e+36 4.67430e+23 3.34186e+36 5.29102e+23 3.78278e+36 
7.93410e+12 2.17588e+24 1.72636e+37 1.29474e+23 1.02726e+36 3.56981e+23 2.83232e+36 5.75150e+23 4.56329e+36 6.51006e+23 5.16514e+36 
8.80488e+12 2.67703e+24 2.35709e+37 1.59408e+23 1.40356e+36 4.39254e+23 3.86758e+36 7.07624e+23 6.23055e+36 8.00914e+23 7.05195e+36 
9.77124e+12 3.29325e+24 3.21791e+37 1.96255e+23 1.91765e+36 5.40436e+23 5.28073e+36 8.70516e+23 8.50603e+36 9.85229e+23 9.62691e+36 
1.08437e+13 4.05081e+24 4.39256e+37 2.41610e+23 2.61994e+36 6.64855e+23 7.20946e+36 1.07078e+24 1.16111e+37 1.21181e+24 1.31404e+37 
1.20338e+13 4.98198e+24 5.99520e+37 2.97436e+23 3.57928e+36 8.17820e+23 9.84146e+36 1.31693e+24 1.58476e+37 1.49028e+24 1.79337e+37 
1.33545e+13 6.12626e+24 8.18133e+37 3.66144e+23 4.88968e+36 1.00585e+24 1.34326e+37 1.61942e+24 2.16266e+37 1.83246e+24 2.44717e+37 
1.48202e+13 7.53212e+24 1.11628e+38 4.50702e+23 6.67950e+36 1.23692e+24 1.83314e+37 1.99107e+24 2.95081e+37 2.25282e+24 3.33873e+37 
1.64468e+13 9.25888e+24 1.52279e+38 5.54759e+23 9.12398e+36 1.52083e+24 2.50127e+37 2.44757e+24 4.02545e+37 2.76908e+24 4.55423e+37 
1.82518e+13 1.13792e+25 2.07691e+38 6.82798e+23 1.24623e+37 1.86957e+24 3.41230e+37 3.00810e+24 5.49034e+37 3.40290e+24 6.21092e+37 
2.02550e+13 1.39818e+25 2.83202e+38 8.40333e+23 1.70210e+37 2.29781e+24 4.65423e+37 3.69617e+24 7.48660e+37 4.18082e+24 8.46825e+37 
2.24781e+13 1.71754e+25 3.86069e+38 1.03414e+24 2.32454e+37 2.82353e+24 6.34674e+37 4.54049e+24 1.02061e+38 5.13521e+24 1.15429e+38 
2.49451e+13 2.10924e+25 5.26153e+38 1.27253e+24 3.17435e+37 3.46866e+24 8.65261e+37 5.57611e+24 1.39097e+38 6.30561e+24 1.57294e+38 
2.76829e+13 2.58947e+25 7.16841e+38 1.56574e+24 4.33443e+37 4.26004e+24 1.17930e+38 6.84582e+24 1.89512e+38 7.74025e+24 2.14272e+38 
3.07211e+13 3.17794e+25 9.76299e+38 1.92632e+24 5.91787e+37 5.23037e+24 1.60683e+38 8.40175e+24 2.58111e+38 9.49785e+24 2.91785e+38 
3.40929e+13 3.89863e+25 1.32915e+39 2.36966e+24 8.07886e+37 6.41955e+24 2.18861e+38 1.03074e+25 3.51408e+38 1.16499e+25 3.97177e+38 
3.78346e+13 4.78071e+25 1.80876e+39 2.91468e+24 1.10276e+38 7.87615e+24 2.97991e+38 1.26398e+25 4.78223e+38 1.42831e+25 5.40396e+38 
4.19871e+13 5.85957e+25 2.46026e+39 3.58455e+24 1.50505e+38 9.65923e+24 4.05563e+38 1.54927e+25 6.50495e+38 1.75028e+25 7.34892e+38 
4.65953e+13 7.17810e+25 3.34465e+39 4.40771e+24 2.05378e+38 1.18405e+25 5.51712e+38 1.89796e+25 8.84361e+38 2.14365e+25 9.98838e+38 
5.17092e+13 8.78816e+25 4.54429e+39 5.41896e+24 2.80210e+38 1.45069e+25 7.50142e+38 2.32377e+25 1.20161e+39 2.62381e+25 1.35675e+39 
5.73844e+13 1.07523e+26 6.17016e+39 6.66096e+24 3.82235e+38 1.77637e+25 1.01936e+39 2.84327e+25 1.63159e+39 3.20933e+25 1.84166e+39 
6.36825e+13 1.31460e+26 8.37168e+39 8.18589e+24 5.21298e+38 2.17378e+25 1.38432e+39 3.47639e+25 2.21386e+39 3.92254e+25 2.49797e+39 
7.06718e+13 1.60595e+26 1.13495e+40 1.00576e+25 7.10788e+38 2.65824e+25 1.87863e+39 4.24710e+25 3.00150e+39 4.79020e+25 3.38532e+39 
7.84282e+13 1.96011e+26 1.53728e+40 1.23541e+25 9.68906e+38 3.24814e+25 2.54746e+39 5.18404e+25 4.06575e+39 5.84430e+25 4.58358e+39 
8.70359e+13 2.39000e+26 2.08016e+40 1.51705e+25 1.32038e+39 3.96551e+25 3.45141e+39 6.32141e+25 5.50190e+39 7.12290e+25 6.19948e+39 
9.65883e+13 2.91094e+26 2.81163e+40 1.86231e+25 1.79877e+39 4.83666e+25 4.67165e+39 7.69984e+25 7.43715e+39 8.67116e+25 8.37533e+39 
1.07189e+14 3.54106e+26 3.79563e+40 2.28533e+25 2.44963e+39 5.89292e+25 6.31657e+39 9.36738e+25 1.00408e+40 1.05423e+26 1.13002e+40 
1.18953e+14 4.30169e+26 5.11701e+40 2.80334e+25 3.33467e+39 7.17137e+25 8.53059e+39 1.13806e+26 1.35376e+40 1.27988e+26 1.52246e+40 
1.32009e+14 5.21777e+26 6.88791e+40 3.43726e+25 4.53748e+39 8.71576e+25 1.15056e+40 1.38055e+26 1.82245e+40 1.55135e+26 2.04792e+40 
1.46497e+14 6.31823e+26 9.25603e+40 4.21248e+25 6.17117e+39 1.05774e+26 1.54955e+40 1.67191e+26 2.44930e+40 1.87705e+26 2.74982e+40 
1.62576e+14 7.63644e+26 1.24150e+41 5.15977e+25 8.38852e+39 1.28160e+26 2.08356e+40 2.02098e+26 3.28561e+40 2.26663e+26 3.68499e+40 
1.80419e+14 9.21046e+26 1.66174e+41 6.31629e+25 1.13958e+40 1.55007e+26 2.79662e+40 2.43787e+26 4.39837e+40 2.73106e+26 4.92734e+40 
2.00220e+14 1.10832e+27 2.21909e+41 7.72691e+25 1.54708e+40 1.87111e+26 3.74634e+40 2.93400e+26 5.87446e+40 3.28259e+26 6.57241e+40 
2.22195e+14 1.33027e+27 2.95579e+41 9.44561e+25 2.09876e+40 2.25373e+26 5.00768e+40 3.52212e+26 7.82595e+40 3.93480e+26 8.74291e+40 
2.46581e+14 1.59213e+27 3.92590e+41 1.15371e+26 2.84484e+40 2.70811e+26 6.67768e+40 4.21619e+26 1.03963e+41 4.70237e+26 1.15952e+41 
2.73644e+14 1.89958e+27 5.19808e+41 1.40790e+26 3.85264e+40 3.24553e+26 8.88120e+40 5.03132e+26 1.37679e+41 5.60091e+26 1.53266e+41 
3.03677e+14 2.25856e+27 6.85874e+41 1.71637e+26 5.21221e+40 3.87839e+26 1.17778e+41 5.98339e+26 1.81702e+41 6.64651e+26 2.01839e+41 
3.37006e+14 2.67520e+27 9.01559e+41 2.09007e+26 7.04368e+40 4.62004e+26 1.55698e+41 7.08870e+26 2.38894e+41 7.85513e+26 2.64723e+41 
3.73994e+14 3.15551e+27 1.18014e+42 2.54200e+26 9.50692e+40 5.48463e+26 2.05122e+41 8.36337e+26 3.12785e+41 9.24189e+26 3.45641e+41 
4.15040e+14 3.70519e+27 1.53780e+42 3.08740e+26 1.28140e+41 6.48685e+26 2.69231e+41 9.82259e+26 4.07677e+41 1.08200e+27 4.49074e+41 
4.60592e+14 4.32924e+27 1.99402e+42 3.74412e+26 1.72451e+41 7.64158e+26 3.51965e+41 1.14798e+27 5.28748e+41 1.25997e+27 5.80332e+41 
5.11143e+14 5.03169e+27 2.57191e+42 4.53288e+26 2.31695e+41 8.96358e+26 4.58168e+41 1.33455e+27 6.82147e+41 1.45869e+27 7.45600e+41 
5.67243e+14 5.81522e+27 3.29864e+42 5.47759e+26 3.10712e+41 1.04671e+27 5.93739e+41 1.54269e+27 8.75082e+41 1.67822e+27 9.51958e+41 
6.29499e+14 6.68104e+27 4.20571e+42 6.60556e+26 4.15819e+41 1.21658e+27 7.65834e+41 1.77268e+27 1.11590e+42 1.91800e+27 1.20738e+42 
6.98588e+14 7.62882e+27 5.32940e+42 7.94772e+26 5.55218e+41 1.40725e+27 9.83085e+41 2.02435e+27 1.41419e+42 2.17681e+27 1.52069e+42 
7.75260e+14 8.65703e+27 6.71144e+42 9.53863e+26 7.39492e+41 1.61998e+27 1.25590e+42 2.29716e+27 1.78090e+42 2.45287e+27 1.90161e+42 
8.60346e+14 9.76354e+27 8.40003e+42 1.14165e+27 9.82213e+41 1.85608e+27 1.59687e+42 2.59033e+27 2.22858e+42 2.74397e+27 2.36076e+42 
9.54772e+14 1.09467e+28 1.04516e+43 1.36227e+27 1.30066e+42 2.11704e+27 2.02129e+42 2.90307e+27 2.77177e+42 3.04783e+27 2.90998e+42 
1.05956e+15 1.22066e+28 1.29336e+43 1.62015e+27 1.71665e+42 2.40467e+27 2.54789e+42 3.23493e+27 3.42761e+42 3.36241e+27 3.56267e+42 
1.17585e+15 1.35463e+28 1.59284e+43 1.91989e+27 2.25751e+42 2.72126e+27 3.19979e+42 3.58606e+27 4.21667e+42 3.68633e+27 4.33457e+42 
1.30490e+15 1.49726e+28 1.95378e+43 2.26616e+27 2.95712e+42 3.06967e+27 4.00562e+42 3.95743e+27 5.16406e+42 4.01908e+27 5.24451e+42 
1.44812e+15 1.64959e+28 2.38880e+43 2.66354e+27 3.85711e+42 3.45330e+27 5.00078e+42 4.35076e+27 6.30042e+42 4.36098e+27 6.31522e+42 
1.60705e+15 1.81285e+28 2.91335e+43 3.11628e+27 5.00802e+42 3.87583e+27 6.22866e+42 4.76816e+27 7.66268e+42 4.71266e+27 7.57350e+42 
1.78343e+15 1.98816e+28 3.54575e+43 3.62813e+27 6.47052e+42 4.34084e+27 7.74159e+42 5.21133e+27 9.29404e+42 5.07415e+27 9.04940e+42 
1.97917e+15 2.17609e+28 4.30684e+43 4.20204e+27 8.31655e+42 4.85121e+27 9.60136e+42 5.68054e+27 1.12427e+43 5.44360e+27 1.07738e+43 
2.19639e+15 2.37619e+28 5.21903e+43 4.83991e+27 1.06303e+43 5.40852e+27 1.18792e+43 6.17359e+27 1.35596e+43 5.81594e+27 1.27740e+43 
2.43744e+15 2.58666e+28 6.30483e+43 5.54226e+27 1.35089e+43 6.01250e+27 1.46551e+43 6.68492e+27 1.62941e+43 6.18192e+27 1.50681e+43 
2.70496e+15 2.80411e+28 7.58501e+43 6.30798e+27 1.70628e+43 6.66076e+27 1.80171e+43 7.20538e+27 1.94903e+43 6.52779e+27 1.76574e+43 
3.00184e+15 3.02369e+28 9.07662e+43 7.13400e+27 2.14151e+43 7.34878e+27 2.20598e+43 7.72252e+27 2.31817e+43 6.83574e+27 2.05198e+43 
3.33129e+15 3.23932e+28 1.07911e+44 8.01496e+27 2.67002e+43 8.07003e+27 2.68836e+43 8.22150e+27 2.73882e+43 7.08529e+27 2.36032e+43 
3.69691e+15 3.44418e+28 1.27328e+44 8.94277e+27 3.30606e+43 8.81620e+27 3.25927e+43 8.68639e+27 3.21128e+43 7.25508e+27 2.68214e+43 
4.10266e+15 3.63120e+28 1.48976e+44 9.90620e+27 4.06417e+43 9.57729e+27 3.92924e+43 9.10141e+27 3.73400e+43 7.32514e+27 3.00525e+43 
4.55294e+15 3.79358e+28 1.72719e+44 1.08903e+28 4.95828e+43 1.03415e+28 4.70840e+43 9.45221e+27 4.30353e+43 7.27902e+27 3.31409e+43 
5.05263e+15 3.92530e+28 1.98331e+44 1.18758e+28 6.00041e+43 1.10946e+28 5.60567e+43 9.72674e+27 4.91456e+43 7.10611e+27 3.59045e+43 
5.60717e+15 4.02154e+28 2.25495e+44 1.28388e+28 7.19892e+43 1.18196e+28 6.62743e+43 9.91606e+27 5.56011e+43 6.80363e+27 3.81491e+43 
6.22257e+15 4.07907e+28 2.53823e+44 1.37500e+28 8.55607e+43 1.24959e+28 7.77568e+43 1.00147e+28 6.23173e+43 6.37840e+27 3.96901e+43 
6.90551e+15 4.09636e+28 2.82874e+44 1.45752e+28 1.00649e+44 1.30990e+28 9.04553e+43 1.00208e+28 6.91987e+43 5.84767e+27 4.03811e+43 
7.66341e+15 4.07344e+28 3.12164e+44 1.52747e+28 1.17056e+44 1.35997e+28 1.04220e+44 9.93516e+27 7.61372e+43 5.23861e+27 4.01456e+43 
8.50449e+15 4.01128e+28 3.41139e+44 1.58047e+28 1.34411e+44 1.39645e+28 1.18761e+44 9.76010e+27 8.30047e+43 4.58599e+27 3.90015e+43 
9.43788e+15 3.91079e+28 3.69096e+44 1.61188e+28 1.52127e+44 1.41565e+28 1.33607e+44 9.49718e+27 8.96332e+43 3.92775e+27 3.70696e+43 
1.04737e+16 3.77185e+28 3.95052e+44 1.61701e+28 1.69360e+44 1.41367e+28 1.48064e+44 9.14518e+27 9.57839e+43 3.29949e+27 3.45579e+43 
1.16232e+16 3.59268e+28 4.17585e+44 1.59163e+28 1.84999e+44 1.38685e+28 1.61197e+44 8.69909e+27 1.01112e+44 2.72890e+27 3.17186e+43 
1.28989e+16 3.37026e+28 4.34726e+44 1.53260e+28 1.97688e+44 1.33232e+28 1.71854e+44 8.15127e+27 1.05142e+44 2.23192e+27 2.87893e+43 
1.43146e+16 3.10184e+28 4.44015e+44 1.43866e+28 2.05938e+44 1.24872e+28 1.78749e+44 7.49508e+27 1.07289e+44 1.81189e+27 2.59364e+43 
1.58857e+16 2.78742e+28 4.42800e+44 1.31132e+28 2.08312e+44 1.13708e+28 1.80633e+44 6.73064e+27 1.06921e+44 1.46186e+27 2.32225e+43 
1.76291e+16 2.43235e+28 4.28802e+44 1.15552e+28 2.03708e+44 1.00139e+28 1.76536e+44 5.87076e+27 1.03496e+44 1.16931e+27 2.06139e+43 
1.95640e+16 2.04890e+28 4.00846e+44 9.79691e+27 1.91667e+44 8.48730e+27 1.66045e+44 4.94458e+27 9.67357e+43 9.21338e+26 1.80250e+43 
2.17112e+16 1.65589e+28 3.59513e+44 7.95143e+27 1.72635e+44 6.88727e+27 1.49531e+44 3.99676e+27 8.67743e+43 7.08500e+26 1.53824e+43 
2.40940e+16 1.27607e+28 3.07457e+44 6.14495e+27 1.48057e+44 5.32207e+27 1.28230e+44 3.08130e+27 7.42409e+43 5.26161e+26 1.26774e+43 
2.67384e+16 9.31852e+27 2.49162e+44 4.49636e+27 1.20225e+44 3.89408e+27 1.04121e+44 2.25157e+27 6.02033e+43 3.73453e+26 9.98554e+42 
2.96730e+16 6.40754e+27 1.90131e+44 3.09658e+27 9.18849e+43 2.68175e+27 7.95756e+43 1.54947e+27 4.59774e+43 2.50908e+26 7.44519e+42 
3.29297e+16 4.12140e+27 1.35716e+44 1.99442e+27 6.56757e+43 1.72723e+27 5.68770e+43 9.97568e+26 3.28496e+43 1.58176e+26 5.20868e+42 
3.65438e+16 2.46244e+27 8.99872e+43 1.19309e+27 4.35999e+43 1.03324e+27 3.77587e+43 5.96626e+26 2.18030e+43 9.27947e+25 3.39108e+42 
4.05546e+16 1.35631e+27 5.50048e+43 6.57916e+26 2.66815e+43 5.69772e+26 2.31069e+43 3.28963e+26 1.33410e+43 5.02465e+25 2.03773e+42 
4.50056e+16 6.82961e+26 3.07371e+43 3.31658e+26 1.49264e+43 2.87224e+26 1.29267e+43 1.65818e+26 7.46275e+42 2.48981e+25 1.12055e+42 
4.99451e+16 3.11483e+26 1.55570e+43 1.51422e+26 7.56279e+42 1.31135e+26 6.54957e+42 7.57017e+25 3.78093e+42 1.11856e+25 5.58664e+41 
5.54266e+16 1.27335e+26 7.05778e+42 6.19648e+25 3.43450e+42 5.36631e+25 2.97437e+42 3.09768e+25 1.71694e+42 4.50901e+24 2.49919e+41 
6.15099e+16 4.61175e+25 2.83668e+42 2.24638e+25 1.38175e+42 1.94542e+25 1.19663e+42 1.12291e+25 6.90700e+41 1.61200e+24 9.91536e+40 
6.82607e+16 1.46044e+25 9.96908e+41 7.12060e+24 4.86057e+41 6.16662e+24 4.20938e+41 3.55908e+24 2.42945e+41 5.04391e+23 3.44301e+40 
7.57525e+16 3.98495e+24 3.01870e+41 1.94483e+24 1.47325e+41 1.68427e+24 1.27588e+41 9.71952e+23 7.36278e+40 1.36081e+23 1.03084e+40 
8.40665e+16 9.21609e+23 7.74765e+40 4.50273e+23 3.78529e+40 3.89948e+23 3.27816e+40 2.24986e+23 1.89138e+40 3.11237e+22 2.61646e+39 
9.32930e+16 1.77378e+23 1.65481e+40 8.67769e+22 8.09568e+39 7.51510e+22 7.01107e+39 4.33462e+22 4.04390e+39 5.91970e+21 5.52267e+38 
1.03532e+17 2.78362e+22 2.88195e+39 1.36426e+22 1.41245e+39 1.18148e+22 1.22322e+39 6.81138e+21 7.05197e+38 9.15910e+20 9.48262e+37 
1.14895e+17 3.48168e+21 4.00028e+38 1.71098e+21 1.96583e+38 1.48175e+21 1.70246e+38 8.53567e+20 9.80706e+37 1.12350e+20 1.29085e+37 
1.27505e+17 3.38335e+20 4.31395e+37 1.66995e+20 2.12927e+37 1.44622e+20 1.84400e+37 8.31969e+19 1.06080e+37 1.05893e+19 1.35019e+36 
1.41499e+17 2.48160e+19 3.51144e+36 1.23423e+19 1.74643e+36 1.06888e+19 1.51245e+36 6.13411e+18 8.67971e+35 7.35801e+17 1.04115e+35 
1.57029e+17 1.32859e+18 2.08627e+35 6.70180e+17 1.05238e+35 5.80393e+17 9.11385e+34 3.31584e+17 5.20684e+34 3.53406e+16 5.54951e+33 
1.74263e+17 4.98439e+16 8.68597e+33 2.58559e+16 4.50573e+33 2.23918e+16 3.90207e+33 1.26805e+16 2.20974e+33 1.01982e+15 1.77717e+32 
1.93389e+17 1.24012e+15 2.39826e+32 6.82974e+14 1.32080e+32 5.91473e+14 1.14385e+32 3.28868e+14 6.35996e+31 8.35441e+12 1.61565e+30 
2.14614e+17 1.86396e+13 4.00032e+30 1.18543e+13 2.54410e+30 1.02661e+13 2.20326e+30 5.47862e+12 1.17579e+30 -5.56067e+11 -1.19340e+29 
2.38169e+17 1.30272e+11 3.10267e+28 1.29165e+11 3.07631e+28 1.11860e+11 2.66416e+28 5.39015e+10 1.28376e+28 -2.37615e+10 -5.65925e+27 
2.64308e+17 -3.29977e+08 -8.72157e+25 8.39784e+08 2.21962e+26 7.27274e+08 1.92224e+26 2.56811e+08 6.78772e+25 -4.40638e+08 -1.16464e+26 
2.93317e+17 -1.28051e+07 -3.75594e+24 3.07906e+06 9.03141e+23 2.66655e+06 7.82143e+23 1.91192e+04 5.60797e+21 -4.43495e+06 -1.30084e+24 
3.25509e+17 -9.08191e+04 -2.95624e+22 5.97894e+03 1.94620e+21 5.17792e+03 1.68546e+21 -5.20995e+03 -1.69588e+21 -2.46488e+04 -8.02340e+21 
3.61234e+17 -2.91017e+02 -1.05125e+20 5.73413e+00 2.07136e+18 4.96590e+00 1.79385e+18 -2.12195e+01 -7.66522e+18 -7.32229e+01 -2.64506e+19 
4.00881e+17 -4.48070e-01 -1.79623e+17 2.51354e-03 1.00763e+15 2.17679e-03 8.72632e+14 -3.47996e-02 -1.39505e+16 -1.10029e-01 -4.41084e+16 
4.44878e+17 -3.20120e-04 -1.42414e+14 4.62135e-07 2.05594e+11 4.00221e-07 1.78049e+11 -2.53118e-05 -1.12607e+13 -7.80367e-05 -3.47168e+13 
4.93705e+17 -9.90858e-08 -4.89191e+10 3.24222e-11 1.60070e+07 2.80785e-11 1.38625e+07 -7.87200e-09 -3.88644e+09 -2.41070e-08 -1.19017e+10 
5.47890e+17 -1.21842e-11 -6.67562e+06 7.89064e-16 4.32320e+02 6.83349e-16 3.74400e+02 -9.69070e-13 -5.30944e+05 -2.96298e-12 -1.62339e+06 
6.08022e+17 -5.38673e-16 -3.27525e+02 7.24958e-21 4.40791e-03 6.27832e-21 3.81736e-03 -4.28526e-17 -2.60553e+01 -1.30983e-16 -7.96409e+01 
6.74754e+17 -7.65591e-21 -5.16586e-03 1.03698e-25 6.99706e-08 8.98050e-26 6.05963e-08 -6.09043e-22 -4.10954e-04 -1.86161e-21 -1.25613e-03 
7.48810e+17 -3.08837e-26 -2.31260e-08 1.90061e-30 1.42320e-12 1.64598e-30 1.23252e-12 -2.45635e-27 -1.83934e-09 -7.51039e-27 -5.62386e-09 
8.30994e+17 -3.07718e-32 -2.55712e-14 1.71022e-35 1.42118e-17 1.48109e-35 1.23078e-17 -2.44227e-33 -2.02951e-15 -7.49053e-33 -6.22459e-15 
9.22198e+17 8.78632e-39 8.10272e-21 7.65020e-39 7.05499e-21 6.62526e-39 6.10980e-21 3.30674e-39 3.04947e-21 -1.55013e-39 -1.42953e-21 
1.02341e+18 9.86844e-42 1.00995e-23 4.93385e-42 5.04935e-24 4.27284e-42 4.37287e-24 2.46690e-42 2.52466e-24 2.19989e-44 2.25139e-26 
1.13573e+18 2.75786e-45 3.13220e-27 1.37879e-45 1.56594e-27 1.19407e-45 1.35614e-27 6.89396e-46 7.82970e-28 6.16400e-48 7.00066e-30 
1.26038e+18 3.03622e-49 3.82680e-31 1.51796e-49 1.91321e-31 1.31459e-49 1.65689e-31 7.58979e-50 9.56604e-32 6.78593e-52 8.55286e-34 
1.39871e+18 1.18839e-53 1.66221e-35 5.94134e-54 8.31023e-36 5.14535e-54 7.19687e-36 2.97067e-54 4.15512e-36 2.65600e-56 3.71498e-38 
1.55223e+18 1.47589e-58 2.29092e-40 7.37872e-59 1.14534e-40 6.39016e-59 9.91896e-41 3.68936e-59 5.72672e-41 3.29854e-61 5.12008e-43 
1.72259e+18 5.12696e-64 8.83162e-46 2.56322e-64 4.41537e-46 2.21981e-64 3.82382e-46 1.28161e-64 2.20768e-46 1.14585e-66 1.97382e-48 
1.91164e+18 4.33138e-70 8.28005e-52 2.16547e-70 4.13961e-52 1.87535e-70 3.58501e-52 1.08274e-70 2.06980e-52 9.68038e-73 1.85054e-54 
2.12145e+18 7.61997e-77 1.61654e-58 3.80960e-77 8.08188e-59 3.29921e-77 6.99912e-59 1.90480e-77 4.04094e-59 1.70302e-79 3.61288e-61 
2.35429e+18 2.34990e-84 5.53233e-66 1.17483e-84 2.76588e-66 1.01743e-84 2.39533e-66 5.87415e-85 1.38294e-66 5.25188e-87 1.23644e-68 
2.61268e+18 1.04933e-92 2.74156e-74 5.24613e-93 1.37064e-74 4.54328e-93 1.18701e-74 2.62306e-93 6.85321e-75 2.34520e-95 6.12724e-77 
2.89942e+18 5.48830e-102 1.59129e-83 2.74387e-102 7.95564e-84 2.37626e-102 6.88979e-84 1.37194e-102 3.97782e-84 1.22660e-104 3.55644e-86 
3.21764e+18 2.65709e-112 8.54956e-94 1.32841e-112 4.27435e-94 1.15044e-112 3.70169e-94 6.64205e-113 2.13717e-94 5.93844e-115 1.91078e-96 
3.57079e+18 9.17030e-124 3.27452e-105 4.58469e-124 1.63709e-105 3.97045e-124 1.41776e-105 2.29234e-124 8.18546e-106 2.04951e-126 7.31836e-108 
3.96269e+18 1.68843e-136 6.69074e-118 8.44131e-137 3.34503e-118 7.31039e-137 2.89688e-118 4.22066e-137 1.67251e-118 3.77355e-139 1.49534e-120 
4.39760e+18 1.20228e-150 5.28716e-132 6.01080e-151 2.64331e-132 5.20551e-151 2.28918e-132 3.00540e-151 1.32166e-132 2.68703e-153 1.18165e-134 
4.88025e+18 2.31695e-166 1.13073e-147 1.15836e-166 5.65308e-148 1.00317e-166 4.89571e-148 5.79179e-167 2.82654e-148 5.17825e-169 2.52712e-150 
5.41587e+18 8.13142e-184 4.40387e-165 4.06530e-184 2.20171e-165 3.52065e-184 1.90674e-165 2.03265e-184 1.10086e-165 1.81732e-186 9.84240e-168 
6.01028e+18 3.34828e-203 2.01241e-184 1.67397e-203 1.00610e-184 1.44970e-203 8.71310e-185 8.36985e-204 5.03051e-185 7.48321e-206 4.49762e-187 
6.66992e+18 9.93108e-225 6.62395e-206 4.96504e-225 3.31164e-206 4.29985e-225 2.86796e-206 2.48252e-225 1.65582e-206 2.21954e-227 1.48041e-208 
7.40196e+18 1.23466e-248 9.13891e-230 6.17268e-249 4.56899e-230 5.34569e-249 3.95686e-230 3.08634e-249 2.28450e-230 2.75939e-251 2.04249e-232 
8.21434e+18 3.52797e-275 2.89799e-256 1.76381e-275 1.44885e-256 1.52750e-275 1.25474e-256 8.81903e-276 7.24425e-257 7.88481e-278 6.47685e-259 
9.11589e+18 1.18943e-304 1.08427e-285 5.94654e-305 5.42080e-286 5.14985e-305 4.69455e-286 2.97327e-305 2.71040e-286 2.65830e-307 2.42328e-288 
1.01164e+19 0.00000e+00 0.00000e+00 0.00000e+00 0.00000e+00 0.00000e+00 0.00000e+00 0.00000e+00 0.00000e+00 0.00000e+00 0.00000e+00 
1.12267e+19 0.00000e+00 0.00000e+00 0.00000e+00 0.00000e+00 0.00000e+00 0.00000e+00 0.00000e+00 0.00000e+00 0.00000e+00 0.00000e+00 
1.24588e+19 0.00000e+00 0.00000e+00 0.00000e+00 0.00000e+00 0.00000e+00 0.00000e+00 0.00000e+00 0.00000e+00 0.00000e+00 0.00000e+00 
1.38262e+19 0.00000e+00 0.00000e+00 0.00000e+00 0.00000e+00 0.00000e+00 0.00000e+00 0.00000e+00 0.00000e+00 0.00000e+00 0.00000e+00 
1.53437e+19 0.00000e+00 0.00000e+00 0.00000e+00 0.00000e+00 0.00000e+00 0.00000e+00 0.00000e+00 0.00000e+00 0.00000e+00 0.00000e+00 
1.70277e+19 0.00000e+00 0.00000e+00 0.00000e+00 0.00000e+00 0.00000e+00 0.00000e+00 0.00000e+00 0.00000e+00 0.00000e+00 0.00000e+00 
1.88965e+19 0.00000e+00 0.00000e+00 0.00000e+00 0.00000e+00 0.00000e+00 0.00000e+00 0.00000e+00 0.00000e+00 0.00000e+00 0.00000e+00 
2.09705e+19 0.00000e+00 0.00000e+00 0.00000e+00 0.00000e+00 0.00000e+00 0.00000e+00 0.00000e+00 0.00000e+00 0.00000e+00 0.00000e+00 
2.32720e+19 0.00000e+00 0.00000e+00 0.00000e+00 0.00000e+00 0.00000e+00 0.00000e+00 0.00000e+00 0.00000e+00 0.00000e+00 0.00000e+00 
2.58262e+19 0.00000e+00 0.00000e+00 0.00000e+00 0.00000e+00 0.00000e+00 0.00000e+00 0.00000e+00 0.00000e+00 0.00000e+00 0.00000e+00 
2.86607e+19 0.00000e+00 0.00000e+00 0.00000e+00 0.00000e+00 0.00000e+00 0.00000e+00 0.00000e+00 0.00000e+00 0.00000e+00 0.00000e+00 
3.18063e+19 0.00000e+00 0.00000e+00 0.00000e+00 0.00000e+00 0.00000e+00 0.00000e+00 0.00000e+00 0.00000e+00 0.00000e+00 0.00000e+00 
3.52971e+19 0.00000e+00 0.00000e+00 0.00000e+00 0.00000e+00 0.00000e+00 0.00000e+00 0.00000e+00 0.00000e+00 0.00000e+00 0.00000e+00 
3.91710e+19 0.00000e+00 0.00000e+00 0.00000e+00 0.00000e+00 0.00000e+00 0.00000e+00 0.00000e+00 0.00000e+00 0.00000e+00 0.00000e+00 
4.34701e+19 0.00000e+00 0.00000e+00 0.00000e+00 0.00000e+00 0.00000e+00 0.00000e+00 0.00000e+00 0.00000e+00 0.00000e+00 0.00000e+00 
4.82411e+19 0.00000e+00 0.00000e+00 0.00000e+00 0.00000e+00 0.00000e+00 0.00000e+00 0.00000e+00 0.00000e+00 0.00000e+00 0.00000e+00 
5.35357e+19 0.00000e+00 0.00000e+00 0.00000e+00 0.00000e+00 0.00000e+00 0.00000e+00 0.00000e+00 0.00000e+00 0.00000e+00 0.00000e+00 
5.94113e+19 0.00000e+00 0.00000e+00 0.00000e+00 0.00000e+00 0.00000e+00 0.00000e+00 0.00000e+00 0.00000e+00 0.00000e+00 0.00000e+00 
6.59319e+19 0.00000e+00 0.00000e+00 0.00000e+00 0.00000e+00 0.00000e+00 0.00000e+00 0.00000e+00 0.00000e+00 0.00000e+00 0.00000e+00 
7.31681e+19 0.00000e+00 0.00000e+00 0.00000e+00 0.00000e+00 0.00000e+00 0.00000e+00 0.00000e+00 0.00000e+00 0.00000e+00 0.00000e+00 
8.11984e+19 0.00000e+00 0.00000e+00 0.00000e+00 0.00000e+00 0.00000e+00 0.00000e+00 0.00000e+00 0.00000e+00 0.00000e+00 0.00000e+00 
9.01102e+19 0.00000e+00 0.00000e+00 0.00000e+00 0.00000e+00 0.00000e+00 0.00000e+00 0.00000e+00 0.00000e+00 0.00000e+00 0.00000e+00 
1.00000e+20 0.00000e+00 0.00000e+00 0.00000e+00 0.00000e+00 0.00000e+00 0.00000e+00 0.00000e+00 0.00000e+00 0.00000e+00 0.00000e+00 
