1.00000e+11 3.11106e+20 3.11106e+31 2.56233e+19 2.56233e+30 5.23398e+19 5.23398e+30 8.00614e+19 8.00614e+30 9.04753e+19 9.04753e+30 
1.10975e+11 3.83139e+20 4.25190e+31 3.15563e+19 3.50197e+30 6.44586e+19 7.15330e+30 9.85986e+19 1.09420e+31 1.11424e+20 1.23653e+31 
1.23155e+11 4.71850e+20 5.81107e+31 3.88631e+19 4.78619e+30 7.93832e+19 9.77644e+30 1.21428e+20 1.49544e+31 1.37222e+20 1.68996e+31 
1.36672e+11 5.81100e+20 7.94199e+31 4.78617e+19 6.54133e+30 9.77634e+19 1.33615e+31 1.49543e+20 2.04382e+31 1.68994e+20 2.30967e+31 
1.51672e+11 7.15644e+20 1.08543e+32 5.89438e+19 8.94011e+30 1.20399e+20 1.82611e+31 1.84167e+20 2.79329e+31 2.08121e+20 3.15661e+31 
1.68318e+11 8.81338e+20 1.48345e+32 7.25919e+19 1.22185e+31 1.48276e+20 2.49575e+31 2.26807e+20 3.81757e+31 2.56308e+20 4.31412e+31 
1.86791e+11 1.08539e+21 2.02742e+32 8.94002e+19 1.66992e+31 1.82606e+20 3.41093e+31 2.79319e+20 5.21744e+31 3.15650e+20 5.89607e+31 
2.07292e+11 1.33669e+21 2.77086e+32 1.10100e+20 2.28229e+31 2.24885e+20 4.66169e+31 3.43989e+20 7.13062e+31 3.88731e+20 8.05809e+31 
2.30043e+11 1.64617e+21 3.78689e+32 1.35593e+20 3.11922e+31 2.76952e+20 6.37109e+31 4.23631e+20 9.74533e+31 4.78731e+20 1.10129e+32 
2.55291e+11 2.02729e+21 5.17548e+32 1.66988e+20 4.26306e+31 3.41074e+20 8.70730e+31 5.21710e+20 1.33188e+32 5.89567e+20 1.50511e+32 
2.83310e+11 2.49664e+21 7.07323e+32 2.05653e+20 5.82635e+31 4.20040e+20 1.19001e+32 6.42495e+20 1.82025e+32 7.26061e+20 2.05700e+32 
3.14404e+11 3.07465e+21 9.66682e+32 2.53270e+20 7.96290e+31 5.17288e+20 1.62637e+32 7.91242e+20 2.48769e+32 8.94153e+20 2.81125e+32 
3.48910e+11 3.78647e+21 1.32114e+33 3.11912e+20 1.08829e+32 6.37048e+20 2.22273e+32 9.74423e+20 3.39986e+32 1.10116e+21 3.84205e+32 
3.87204e+11 4.66306e+21 1.80555e+33 3.84131e+20 1.48737e+32 7.84533e+20 3.03774e+32 1.20001e+21 4.64648e+32 1.35608e+21 5.25079e+32 
4.29700e+11 5.74256e+21 2.46758e+33 4.73071e+20 2.03279e+32 9.66159e+20 4.15159e+32 1.47781e+21 6.35016e+32 1.67001e+21 7.17603e+32 
4.76861e+11 7.07194e+21 3.37234e+33 5.82602e+20 2.77820e+32 1.18983e+21 5.67383e+32 1.81992e+21 8.67848e+32 2.05660e+21 9.80714e+32 
5.29198e+11 8.70903e+21 4.60880e+33 7.17493e+20 3.79696e+32 1.46527e+21 7.75419e+32 2.24121e+21 1.18604e+33 2.53268e+21 1.34029e+33 
5.87279e+11 1.07250e+22 6.29858e+33 8.83615e+20 5.18928e+32 1.80447e+21 1.05973e+33 2.76001e+21 1.62089e+33 3.11894e+21 1.83169e+33 
6.51734e+11 1.32076e+22 8.60785e+33 1.08820e+21 7.09214e+32 2.22218e+21 1.44827e+33 3.39888e+21 2.21517e+33 3.84088e+21 2.50323e+33 
7.23263e+11 1.62647e+22 1.17637e+34 1.34014e+21 9.69275e+32 2.73658e+21 1.97926e+33 4.18561e+21 3.02730e+33 4.72990e+21 3.42097e+33 
8.02643e+11 2.00294e+22 1.60764e+34 1.65041e+21 1.32469e+33 3.37002e+21 2.70492e+33 5.15441e+21 4.13715e+33 5.82465e+21 4.67512e+33 
8.90735e+11 2.46651e+22 2.19701e+34 2.03252e+21 1.81043e+33 4.15005e+21 3.69660e+33 6.34738e+21 5.65384e+33 7.17272e+21 6.38900e+33 
9.88496e+11 3.03736e+22 3.00241e+34 2.50307e+21 2.47428e+33 5.11060e+21 5.05180e+33 7.81640e+21 7.72648e+33 8.83271e+21 8.73110e+33 
1.09699e+12 3.74028e+22 4.10303e+34 3.08257e+21 3.38153e+33 6.29341e+21 6.90378e+33 9.62530e+21 1.05588e+34 1.08767e+22 1.19316e+34 
1.21738e+12 4.60582e+22 5.60704e+34 3.79620e+21 4.62143e+33 7.74990e+21 9.43460e+33 1.18527e+22 1.44293e+34 1.33937e+22 1.63052e+34 
1.35099e+12 5.67158e+22 7.66227e+34 4.67504e+21 6.31595e+33 9.54337e+21 1.28930e+34 1.45953e+22 1.97182e+34 1.64928e+22 2.22816e+34 
1.49927e+12 6.98387e+22 1.04707e+35 5.75730e+21 8.63174e+33 1.17517e+22 1.76190e+34 1.79724e+22 2.69454e+34 2.03087e+22 3.04481e+34 
1.66382e+12 8.59966e+22 1.43083e+35 7.09007e+21 1.17966e+34 1.44710e+22 2.40770e+34 2.21304e+22 3.68210e+34 2.50070e+22 4.16071e+34 
1.84642e+12 1.05891e+23 1.95520e+35 8.73131e+21 1.61217e+34 1.78191e+22 3.29016e+34 2.72500e+22 5.03151e+34 3.07918e+22 5.68547e+34 
2.04907e+12 1.30385e+23 2.67169e+35 1.07524e+22 2.20325e+34 2.19415e+22 4.49598e+34 3.35533e+22 6.87532e+34 3.79140e+22 7.76885e+34 
2.27397e+12 1.60542e+23 3.65067e+35 1.32413e+22 3.01103e+34 2.70172e+22 6.14362e+34 4.13138e+22 9.39461e+34 4.66824e+22 1.06154e+35 
2.52354e+12 1.97669e+23 4.98826e+35 1.63061e+22 4.11492e+34 3.32664e+22 8.39491e+34 5.08679e+22 1.28367e+35 5.74774e+22 1.45047e+35 
2.80050e+12 2.43376e+23 6.81576e+35 2.00802e+22 5.62348e+34 4.09601e+22 1.14709e+35 6.26300e+22 1.75396e+35 7.07668e+22 1.98183e+35 
3.10787e+12 2.99643e+23 9.31251e+35 2.47276e+22 7.68502e+34 5.04320e+22 1.56736e+35 7.71095e+22 2.39646e+35 8.71261e+22 2.70776e+35 
3.44896e+12 3.68907e+23 1.27235e+36 3.04503e+22 1.05022e+35 6.20925e+22 2.14155e+35 9.49335e+22 3.27422e+35 1.07264e+23 3.69948e+35 
3.82749e+12 4.54166e+23 1.73832e+36 3.74970e+22 1.43520e+35 7.64468e+22 2.92600e+35 1.16873e+23 4.47332e+35 1.32050e+23 5.05422e+35 
4.24757e+12 5.59108e+23 2.37485e+36 4.61739e+22 1.96127e+35 9.41164e+22 3.99766e+35 1.43878e+23 6.11133e+35 1.62558e+23 6.90479e+35 
4.71375e+12 6.88268e+23 3.24432e+36 5.68578e+22 2.68013e+35 1.15866e+23 5.46162e+35 1.77115e+23 8.34876e+35 2.00106e+23 9.43248e+35 
5.23110e+12 8.47224e+23 4.43191e+36 7.00127e+22 3.66244e+35 1.42635e+23 7.46138e+35 2.18019e+23 1.14048e+36 2.46313e+23 1.28849e+36 
5.80523e+12 1.04284e+24 6.05390e+36 8.62099e+22 5.00468e+35 1.75581e+23 1.01929e+36 2.68355e+23 1.55786e+36 3.03172e+23 1.75998e+36 
6.44236e+12 1.28353e+24 8.26900e+36 1.06152e+23 6.83872e+35 2.16126e+23 1.39236e+36 3.30293e+23 2.12787e+36 3.73134e+23 2.40386e+36 
7.14943e+12 1.57969e+24 1.12939e+37 1.30705e+23 9.34468e+35 2.66019e+23 1.90189e+36 4.06499e+23 2.90624e+36 4.59208e+23 3.28308e+36 
7.93410e+12 1.94403e+24 1.54241e+37 1.60934e+23 1.27686e+36 3.27410e+23 2.59770e+36 5.00252e+23 3.96904e+36 5.65094e+23 4.48351e+36 
8.80488e+12 2.39221e+24 2.10631e+37 1.98148e+23 1.74467e+36 4.02939e+23 3.54783e+36 6.15576e+23 5.42007e+36 6.95336e+23 6.12235e+36 
9.77124e+12 2.94345e+24 2.87611e+37 2.43961e+23 2.38380e+36 4.95855e+23 4.84512e+36 7.57418e+23 7.40091e+36 8.55513e+23 8.35942e+36 
1.08437e+13 3.62134e+24 3.92686e+37 3.00357e+23 3.25697e+36 6.10144e+23 6.61619e+36 9.31849e+23 1.01046e+37 1.05248e+24 1.14127e+37 
1.20338e+13 4.45488e+24 5.36090e+37 3.69778e+23 4.44982e+36 7.50704e+23 9.03381e+36 1.14632e+24 1.37946e+37 1.29463e+24 1.55793e+37 
1.33545e+13 5.47959e+24 7.31772e+37 4.55226e+23 6.07932e+36 9.23549e+23 1.23336e+37 1.40998e+24 1.88297e+37 1.59230e+24 2.12644e+37 
1.48202e+13 6.73908e+24 9.98746e+37 5.60396e+23 8.30519e+36 1.13606e+24 1.68366e+37 1.73405e+24 2.56990e+37 1.95812e+24 2.90198e+37 
1.64468e+13 8.28682e+24 1.36291e+38 6.89832e+23 1.13455e+37 1.39729e+24 2.29808e+37 2.13227e+24 3.50690e+37 2.40760e+24 3.95972e+37 
1.82518e+13 1.01883e+25 1.85955e+38 8.49119e+23 1.54980e+37 1.71833e+24 3.13627e+37 2.62150e+24 4.78472e+37 2.95972e+24 5.40203e+37 
2.02550e+13 1.25238e+25 2.53669e+38 1.04513e+24 2.11691e+37 2.11281e+24 4.27950e+37 3.22237e+24 6.52693e+37 3.63773e+24 7.36824e+37 
2.24781e+13 1.53914e+25 3.45969e+38 1.28630e+24 2.89135e+37 2.59739e+24 5.83842e+37 3.96014e+24 8.90163e+37 4.47008e+24 1.00479e+38 
2.49451e+13 1.89113e+25 4.71743e+38 1.58301e+24 3.94884e+37 3.19248e+24 7.96367e+37 4.86569e+24 1.21375e+38 5.49153e+24 1.36987e+38 
2.76829e+13 2.32302e+25 6.43079e+38 1.94802e+24 5.39268e+37 3.92306e+24 1.08602e+38 5.97677e+24 1.65454e+38 6.74455e+24 1.86709e+38 
3.07211e+13 2.85274e+25 8.76393e+38 2.39698e+24 7.36379e+37 4.81967e+24 1.48066e+38 7.33947e+24 2.25477e+38 8.28098e+24 2.54401e+38 
3.40929e+13 3.50215e+25 1.19398e+39 2.94912e+24 1.00544e+38 5.91962e+24 2.01817e+38 9.00999e+24 3.07176e+38 1.01640e+25 3.46520e+38 
3.78346e+13 4.29789e+25 1.62609e+39 3.62807e+24 1.37267e+38 7.26843e+24 2.74998e+38 1.10568e+25 4.18331e+38 1.24705e+25 4.71818e+38 
4.19871e+13 5.27239e+25 2.21372e+39 4.46279e+24 1.87379e+38 8.92165e+24 3.74594e+38 1.35634e+25 5.69486e+38 1.52942e+25 6.42158e+38 
4.65953e+13 6.46506e+25 3.01241e+39 5.48883e+24 2.55753e+38 1.09469e+25 5.10073e+38 1.66309e+25 7.74921e+38 1.87486e+25 8.73595e+38 
5.17092e+13 7.92375e+25 4.09731e+39 6.74978e+24 3.49026e+38 1.34264e+25 6.94270e+38 2.03823e+25 1.05395e+39 2.29715e+25 1.18784e+39 
5.73844e+13 9.70641e+25 5.56997e+39 8.29907e+24 4.76237e+38 1.64602e+25 9.44560e+38 2.49666e+25 1.43270e+39 2.81295e+25 1.61420e+39 
6.36825e+13 1.18831e+26 7.56747e+39 1.02021e+25 6.49697e+38 2.01695e+25 1.28444e+39 3.05639e+25 1.94638e+39 3.44242e+25 2.19222e+39 
7.06718e+13 1.45385e+26 1.02746e+40 1.25391e+25 8.86159e+38 2.47010e+25 1.74566e+39 3.73912e+25 2.64251e+39 4.20979e+25 2.97514e+39 
7.84282e+13 1.77744e+26 1.39401e+40 1.54079e+25 1.20842e+39 3.02320e+25 2.37105e+39 4.57102e+25 3.58497e+39 5.14424e+25 4.03454e+39 
8.70359e+13 2.17130e+26 1.88981e+40 1.89285e+25 1.64746e+39 3.69766e+25 3.21829e+39 5.58347e+25 4.85962e+39 6.28069e+25 5.46646e+39 
9.65883e+13 2.65007e+26 2.55965e+40 2.32471e+25 2.24540e+39 4.51919e+25 4.36501e+39 6.81402e+25 6.58155e+39 7.66088e+25 7.39951e+39 
1.07189e+14 3.23121e+26 3.46351e+40 2.85424e+25 3.05944e+39 5.51866e+25 5.91541e+39 8.30747e+25 8.90471e+39 9.33444e+25 1.00055e+40 
1.18953e+14 3.93548e+26 4.68138e+40 3.50321e+25 4.16719e+39 6.73299e+25 8.00912e+39 1.01170e+26 1.20345e+40 1.13602e+26 1.35133e+40 
1.32009e+14 4.78743e+26 6.31983e+40 4.29814e+25 5.67393e+39 8.20617e+25 1.08329e+40 1.23056e+26 1.62445e+40 1.38075e+26 1.82271e+40 
1.46497e+14 5.81597e+26 8.52023e+40 5.27127e+25 7.72227e+39 9.99045e+25 1.46357e+40 1.49472e+26 2.18973e+40 1.67577e+26 2.45496e+40 
1.62576e+14 7.05497e+26 1.14697e+41 6.46177e+25 1.05053e+40 1.21476e+26 1.97491e+40 1.81286e+26 2.94727e+40 2.03056e+26 3.30120e+40 
1.80419e+14 8.54384e+26 1.54147e+41 7.91711e+25 1.42839e+40 1.47504e+26 2.66125e+40 2.19504e+26 3.96027e+40 2.45608e+26 4.43123e+40 
2.00220e+14 1.03281e+27 2.06789e+41 9.69476e+25 1.94109e+40 1.78839e+26 3.58071e+40 2.65290e+26 5.31163e+40 2.96491e+26 5.93635e+40 
2.22195e+14 1.24599e+27 2.76853e+41 1.18641e+26 2.63615e+40 2.16472e+26 4.80989e+40 3.19973e+26 7.10963e+40 3.57136e+26 7.93537e+40 
2.46581e+14 1.49985e+27 3.69836e+41 1.45089e+26 3.57763e+40 2.61548e+26 6.44928e+40 3.85063e+26 9.49492e+40 4.29149e+26 1.05820e+41 
2.73644e+14 1.80105e+27 4.92848e+41 1.77297e+26 4.85162e+40 3.15383e+26 8.63026e+40 4.62250e+26 1.26492e+41 5.14313e+26 1.40739e+41 
3.03677e+14 2.15699e+27 6.55027e+41 2.16470e+26 6.57370e+40 3.79475e+26 1.15238e+41 5.53408e+26 1.68057e+41 6.14579e+26 1.86634e+41 
3.37006e+14 2.57574e+27 8.68042e+41 2.64050e+26 8.89865e+40 4.55516e+26 1.53512e+41 6.60581e+26 2.22620e+41 7.32041e+26 2.46702e+41 
3.73994e+14 3.06607e+27 1.14669e+42 3.21753e+26 1.20334e+41 5.45401e+26 2.03977e+41 7.85969e+26 2.93947e+41 8.68901e+26 3.24964e+41 
4.15040e+14 3.63725e+27 1.50960e+42 3.91614e+26 1.62536e+41 6.51234e+26 2.70288e+41 9.31890e+26 3.86772e+41 1.02742e+27 4.26423e+41 
4.60592e+14 4.29894e+27 1.98006e+42 4.76038e+26 2.19260e+41 7.75326e+26 3.57109e+41 1.10074e+27 5.06994e+41 1.20987e+27 5.57255e+41 
5.11143e+14 5.06106e+27 2.58693e+42 5.77849e+26 2.95364e+41 9.20200e+26 4.70354e+41 1.29496e+27 6.61912e+41 1.41841e+27 7.25010e+41 
5.67243e+14 5.93358e+27 3.36578e+42 7.00348e+26 3.97267e+41 1.08859e+27 6.17494e+41 1.51696e+27 8.60486e+41 1.65507e+27 9.38826e+41 
6.29499e+14 6.92641e+27 4.36017e+42 8.47364e+26 5.33415e+41 1.28345e+27 8.07929e+41 1.76910e+27 1.11364e+42 1.92164e+27 1.20967e+42 
6.98588e+14 8.04936e+27 5.62319e+42 1.02331e+27 7.14874e+41 1.50797e+27 1.05345e+42 2.05364e+27 1.43465e+42 2.21965e+27 1.55062e+42 
7.75260e+14 9.31223e+27 7.21940e+42 1.23324e+27 9.56081e+41 1.76562e+27 1.36881e+42 2.37280e+27 1.83953e+42 2.55035e+27 1.97719e+42 
8.60346e+14 1.07251e+28 9.22731e+42 1.48286e+27 1.27577e+42 2.06021e+27 1.77249e+42 2.72878e+27 2.34770e+42 2.91477e+27 2.50771e+42 
9.54772e+14 1.22988e+28 1.17426e+43 1.77856e+27 1.69812e+42 2.39596e+27 2.28759e+42 3.12391e+27 2.98262e+42 3.31381e+27 3.16394e+42 
1.05956e+15 1.40455e+28 1.48821e+43 2.12742e+27 2.25412e+42 2.77761e+27 2.94305e+42 3.56074e+27 3.77281e+42 3.74844e+27 3.97170e+42 
1.17585e+15 1.59790e+28 1.87889e+43 2.53713e+27 2.98328e+42 3.21050e+27 3.77506e+42 4.04217e+27 4.75299e+42 4.21974e+27 4.96178e+42 
1.30490e+15 1.81147e+28 2.36379e+43 3.01593e+27 3.93549e+42 3.70054e+27 4.82884e+42 4.57151e+27 5.96537e+42 4.72891e+27 6.17076e+42 
1.44812e+15 2.04693e+28 2.96419e+43 3.57241e+27 5.17327e+42 4.25417e+27 6.16054e+42 5.15222e+27 7.46102e+42 5.27702e+27 7.64174e+42 
1.60705e+15 2.30579e+28 3.70553e+43 4.21530e+27 6.77421e+42 4.87808e+27 7.83934e+42 5.78754e+27 9.30089e+42 5.86443e+27 9.42445e+42 
1.78343e+15 2.58920e+28 4.61766e+43 4.95309e+27 8.83349e+42 5.57877e+27 9.94934e+42 6.47970e+27 1.15561e+43 6.48986e+27 1.15742e+43 
1.97917e+15 2.89743e+28 5.73450e+43 5.79353e+27 1.14664e+43 6.36190e+27 1.25913e+43 7.22894e+27 1.43073e+43 7.14914e+27 1.41493e+43 
2.19639e+15 3.22946e+28 7.09314e+43 6.74306e+27 1.48104e+43 7.23161e+27 1.58834e+43 8.03242e+27 1.76423e+43 7.83397e+27 1.72064e+43 
2.43744e+15 3.58257e+28 8.73230e+43 7.80595e+27 1.90266e+43 8.18969e+27 1.99619e+43 8.88326e+27 2.16524e+43 8.53078e+27 2.07933e+43 
2.70496e+15 3.95199e+28 1.06900e+44 8.98338e+27 2.42997e+43 9.23483e+27 2.49798e+43 9.76976e+27 2.64268e+43 9.22008e+27 2.49399e+43 
3.00184e+15 4.33082e+28 1.30004e+44 1.02724e+28 3.08361e+43 1.03619e+28 3.11046e+43 1.06751e+28 3.20449e+43 9.87637e+27 2.96472e+43 
3.33129e+15 4.71005e+28 1.56906e+44 1.16649e+28 3.88593e+43 1.15611e+28 3.85135e+43 1.15774e+28 3.85677e+43 1.04687e+28 3.48744e+43 
3.69691e+15 5.07880e+28 1.87759e+44 1.31468e+28 4.86024e+43 1.28180e+28 4.73869e+43 1.24502e+28 4.60272e+43 1.09622e+28 4.05261e+43 
4.10266e+15 5.42490e+28 2.22565e+44 1.46972e+28 6.02974e+43 1.41125e+28 5.78986e+43 1.32636e+28 5.44160e+43 1.13198e+28 4.64412e+43 
4.55294e+15 5.73576e+28 2.61146e+44 1.62887e+28 7.41614e+43 1.54196e+28 7.02046e+43 1.39865e+28 6.36795e+43 1.15063e+28 5.23874e+43 
5.05263e+15 5.99960e+28 3.03137e+44 1.78880e+28 9.03813e+43 1.67103e+28 8.44310e+43 1.45892e+28 7.37140e+43 1.14924e+28 5.80671e+43 
5.60717e+15 6.20697e+28 3.48035e+44 1.94566e+28 1.09096e+44 1.79526e+28 1.00663e+44 1.50477e+28 8.43751e+43 1.12606e+28 6.31404e+43 
6.22257e+15 6.35225e+28 3.95273e+44 2.09528e+28 1.30381e+44 1.91136e+28 1.18935e+44 1.53470e+28 9.54976e+43 1.08101e+28 6.72669e+43 
6.90551e+15 6.43452e+28 4.44336e+44 2.23329e+28 1.54220e+44 2.01609e+28 1.39221e+44 1.54840e+28 1.06925e+44 1.01607e+28 7.01646e+43 
7.66341e+15 6.45734e+28 4.94853e+44 2.35517e+28 1.80487e+44 2.10633e+28 1.61416e+44 1.54678e+28 1.18536e+44 9.35241e+27 7.16714e+43 
8.50449e+15 6.42727e+28 5.46606e+44 2.45634e+28 2.08899e+44 2.17899e+28 1.85312e+44 1.53164e+28 1.30258e+44 8.44153e+27 7.17909e+43 
9.43788e+15 6.35105e+28 5.99404e+44 2.53201e+28 2.38968e+44 2.23085e+28 2.10545e+44 1.50505e+28 1.42045e+44 7.49119e+27 7.07010e+43 
1.04737e+16 6.23254e+28 6.52778e+44 2.57723e+28 2.69931e+44 2.25832e+28 2.36530e+44 1.46859e+28 1.53816e+44 6.56043e+27 6.87120e+43 
1.16232e+16 6.07035e+28 7.05571e+44 2.58687e+28 3.00678e+44 2.25739e+28 2.62382e+44 1.42274e+28 1.65368e+44 5.69384e+27 6.61808e+43 
1.28989e+16 5.85744e+28 7.55546e+44 2.55603e+28 3.29700e+44 2.22388e+28 2.86856e+44 1.36661e+28 1.76278e+44 4.91548e+27 6.34043e+43 
1.43146e+16 5.58306e+28 7.99192e+44 2.48066e+28 3.55096e+44 2.15403e+28 3.08341e+44 1.29828e+28 1.85843e+44 4.22871e+27 6.05323e+43 
1.58857e+16 5.23681e+28 8.31901e+44 2.35856e+28 3.74672e+44 2.04548e+28 3.24937e+44 1.21555e+28 1.93098e+44 3.62170e+27 5.75331e+43 
1.76291e+16 4.81348e+28 8.48575e+44 2.19046e+28 3.86160e+44 1.89834e+28 3.34661e+44 1.11704e+28 1.96924e+44 3.07605e+27 5.42281e+43 
1.95640e+16 4.31703e+28 8.44583e+44 1.98098e+28 3.87559e+44 1.71614e+28 3.35745e+44 1.00315e+28 1.96256e+44 2.57523e+27 5.03818e+43 
2.17112e+16 3.76234e+28 8.16848e+44 1.73892e+28 3.77541e+44 1.50616e+28 3.27005e+44 8.76584e+27 1.90317e+44 2.11010e+27 4.58127e+43 
2.40940e+16 3.17404e+28 7.64755e+44 1.47681e+28 3.55823e+44 1.27902e+28 3.08168e+44 7.42297e+27 1.78849e+44 1.68024e+27 4.04837e+43 
2.67384e+16 2.58288e+28 6.90622e+44 1.20948e+28 3.23396e+44 1.04746e+28 2.80075e+44 6.06803e+27 1.62250e+44 1.29181e+27 3.45410e+43 
2.96730e+16 2.02050e+28 5.99545e+44 9.52099e+27 2.82517e+44 8.24547e+27 2.44668e+44 4.77103e+27 1.41571e+44 9.53462e+26 2.82921e+43 
3.29297e+16 1.51431e+28 4.98656e+44 7.17972e+27 2.36426e+44 6.21783e+27 2.04751e+44 3.59498e+27 1.18382e+44 6.72192e+26 2.21351e+43 
3.65438e+16 1.08351e+28 3.95957e+44 5.16792e+27 1.88856e+44 4.47555e+27 1.63554e+44 2.58631e+27 9.45136e+43 4.50569e+26 1.64655e+43 
4.05546e+16 7.37301e+27 2.99010e+44 3.53671e+27 1.43430e+44 3.06288e+27 1.24214e+44 1.76935e+27 7.17554e+43 2.85861e+26 1.15930e+43 
4.50056e+16 4.75079e+27 2.13812e+44 2.29110e+27 1.03112e+44 1.98415e+27 8.92979e+43 1.14594e+27 5.15736e+43 1.70864e+26 7.68983e+42 
4.99451e+16 2.88439e+27 1.44061e+44 1.39793e+27 6.98197e+43 1.21064e+27 6.04657e+43 6.99101e+26 3.49166e+43 9.57314e+25 4.78131e+42 
5.54266e+16 1.64089e+27 9.09490e+43 7.98878e+26 4.42791e+43 6.91849e+26 3.83469e+43 3.99481e+26 2.21419e+43 4.99955e+25 2.77108e+42 
6.15099e+16 8.69173e+26 5.34627e+43 4.24902e+26 2.61357e+43 3.67976e+26 2.26342e+43 2.12463e+26 1.30686e+43 2.41869e+25 1.48773e+42 
6.82607e+16 4.25678e+26 2.90571e+43 2.08862e+26 1.42571e+43 1.80880e+26 1.23470e+43 1.04434e+26 7.12873e+42 1.07662e+25 7.34909e+41 
7.57525e+16 1.91255e+26 1.44881e+43 9.41469e+25 7.13186e+42 8.15336e+25 6.17637e+42 4.70740e+25 3.56597e+42 4.37778e+24 3.31627e+41 
8.40665e+16 7.81500e+25 6.56980e+42 3.85795e+25 3.24325e+42 3.34109e+25 2.80874e+42 1.92899e+25 1.62163e+42 1.61402e+24 1.35685e+41 
9.32930e+16 2.87600e+25 2.68310e+42 1.42324e+25 1.32778e+42 1.23256e+25 1.14989e+42 7.11621e+24 6.63893e+41 5.35411e+23 4.99502e+40 
1.03532e+17 9.42719e+24 9.76018e+41 4.67479e+24 4.83991e+41 4.04849e+24 4.19149e+41 2.33740e+24 2.41996e+41 1.58522e+23 1.64121e+40 
1.14895e+17 2.71773e+24 3.12253e+41 1.34992e+24 1.55099e+41 1.16907e+24 1.34320e+41 6.74960e+23 7.75496e+40 4.15164e+22 4.77003e+39 
1.27505e+17 6.79114e+23 8.65905e+40 3.37762e+23 4.30664e+40 2.92511e+23 3.72966e+40 1.68881e+23 2.15332e+40 9.51520e+21 1.21324e+39 
1.41499e+17 1.44673e+23 2.04711e+40 7.20243e+22 1.01914e+40 6.23749e+22 8.82599e+39 3.60122e+22 5.09569e+39 1.88277e+21 2.66411e+38 
1.57029e+17 2.57867e+22 4.04926e+39 1.28467e+22 2.01731e+39 1.11256e+22 1.74704e+39 6.42337e+21 1.00866e+39 3.16143e+20 4.96436e+37 
1.74263e+17 3.76598e+21 6.56273e+38 1.87709e+21 3.27108e+38 1.62561e+21 2.83284e+38 9.38546e+20 1.63554e+38 4.41045e+19 7.68580e+36 
1.93389e+17 4.40336e+20 8.51562e+37 2.19548e+20 4.24582e+37 1.90134e+20 3.67699e+37 1.09774e+20 2.12291e+37 4.98673e+18 9.64379e+35 
2.14614e+17 4.01851e+19 8.62430e+36 2.00401e+19 4.30089e+36 1.73552e+19 3.72468e+36 1.00200e+19 2.15044e+36 4.44391e+17 9.53726e+34 
2.38169e+17 2.78369e+18 6.62987e+35 1.38839e+18 3.30671e+35 1.20238e+18 2.86369e+35 6.94194e+17 1.65335e+35 3.02762e+16 7.21084e+33 
2.64308e+17 1.41973e+17 3.75247e+34 7.08161e+16 1.87173e+34 6.13286e+16 1.62096e+34 3.54081e+16 9.35864e+33 1.52604e+15 4.03346e+32 
2.93317e+17 5.15643e+15 1.51247e+33 2.57217e+15 7.54459e+32 2.22756e+15 6.53380e+32 1.28608e+15 3.77229e+32 5.49357e+13 1.61136e+31 
3.25509e+17 1.28609e+14 4.18635e+31 6.41565e+13 2.08835e+31 5.55611e+13 1.80856e+31 3.20782e+13 1.04418e+31 1.35994e+12 4.42673e+29 
3.61234e+17 2.11765e+12 7.64969e+29 1.05643e+12 3.81617e+29 9.14891e+11 3.30490e+29 5.28213e+11 1.90809e+29 2.22283e+10 8.02964e+27 
4.00881e+17 2.20619e+10 8.84418e+27 1.10063e+10 4.41222e+27 9.53176e+09 3.82110e+27 5.50317e+09 2.20611e+27 2.29678e+08 9.20734e+25 
4.44878e+17 1.39070e+08 6.18693e+25 6.93831e+07 3.08670e+25 6.00875e+07 2.67316e+25 3.46916e+07 1.54335e+25 1.43309e+06 6.37552e+23 
4.93705e+17 5.10627e+05 2.52099e+23 2.54772e+05 1.25782e+23 2.20639e+05 1.08931e+23 1.27386e+05 6.28911e+22 5.17839e+03 2.55660e+21 
5.47890e+17 1.15599e+03 6.33355e+20 5.76879e+02 3.16066e+20 4.99592e+02 2.73722e+20 2.88440e+02 1.58033e+20 1.11218e+01 6.09355e+18 
6.08022e+17 3.17410e+00 1.92992e+18 1.58500e+00 9.63718e+17 1.37265e+00 8.34604e+17 7.92501e-01 4.81858e+17 2.47610e-02 1.50553e+16 
6.74754e+17 2.00819e-02 1.35504e+16 1.00319e-02 6.76905e+15 8.68785e-03 5.86217e+15 5.01593e-03 3.38452e+15 1.33854e-04 9.03187e+13 
7.48810e+17 1.18244e-04 8.85426e+13 5.90734e-05 4.42347e+13 5.11590e-05 3.83084e+13 2.95366e-05 2.21173e+13 7.57586e-07 5.67288e+11 
8.30994e+17 4.35743e-07 3.62100e+11 2.17699e-07 1.80906e+11 1.88533e-07 1.56670e+11 1.08849e-07 9.04530e+10 2.74475e-09 2.28087e+09 
9.22198e+17 8.88448e-10 8.19325e+08 4.43879e-10 4.09344e+08 3.84410e-10 3.54502e+08 2.21939e-10 2.04672e+08 5.55029e-12 5.11846e+06 
1.02341e+18 9.11697e-13 9.33041e+05 4.55498e-13 4.66162e+05 3.94473e-13 4.03708e+05 2.27748e-13 2.33080e+05 5.67224e-15 5.80504e+03 
1.13573e+18 4.30857e-16 4.89339e+02 2.15264e-16 2.44483e+02 1.86424e-16 2.11728e+02 1.07632e-16 1.22241e+02 2.67448e-18 3.03749e+00 
1.26038e+18 8.56533e-20 1.07956e-01 4.27942e-20 5.39371e-02 3.70608e-20 4.67109e-02 2.13970e-20 2.69684e-02 5.30870e-22 6.69100e-04 
1.39871e+18 6.49831e-24 9.08927e-06 3.24670e-24 4.54121e-06 2.81173e-24 3.93280e-06 1.62335e-24 2.27060e-06 4.02300e-26 5.62703e-08 
1.55223e+18 1.69056e-28 2.62413e-10 8.44646e-29 1.31108e-10 7.31485e-29 1.13543e-10 4.22321e-29 6.55538e-11 1.04565e-30 1.62309e-12 
1.72259e+18 1.33967e-33 2.30770e-15 6.69338e-34 1.15299e-15 5.79663e-34 9.98520e-16 3.34667e-34 5.76493e-16 8.27998e-36 1.42630e-17 
1.91164e+18 2.83585e-39 5.42113e-21 1.41688e-39 2.70856e-21 1.22705e-39 2.34568e-21 7.08434e-40 1.35427e-21 1.75157e-41 3.34839e-23 
2.12145e+18 1.38630e-45 2.94096e-27 6.92642e-46 1.46941e-27 5.99845e-46 1.27254e-27 3.46318e-46 7.34698e-28 8.55725e-48 1.81538e-29 
2.35429e+18 1.33174e-52 3.13529e-34 6.65389e-53 1.56652e-34 5.76244e-53 1.35664e-34 3.32692e-53 7.83252e-35 8.21526e-55 1.93411e-36 
2.61268e+18 2.10210e-60 5.49211e-42 1.05031e-60 2.74412e-42 9.09594e-61 2.37647e-42 5.25149e-61 1.37204e-42 1.29582e-62 3.38556e-44 
2.89942e+18 4.47086e-69 1.29629e-50 2.23389e-69 6.47700e-51 1.93461e-69 5.60924e-51 1.11693e-69 3.23846e-51 2.75360e-71 7.98384e-53 
3.21764e+18 1.02819e-78 3.30835e-60 5.13754e-79 1.65308e-60 4.44924e-79 1.43161e-60 2.56873e-79 8.26525e-61 6.32539e-81 2.03528e-62 
3.57079e+18 2.00317e-89 7.15290e-71 1.00096e-89 3.57422e-71 8.66857e-90 3.09536e-71 5.00469e-90 1.78707e-71 1.23043e-91 4.39361e-73 
3.96269e+18 2.52211e-101 9.99432e-83 1.26034e-101 4.99432e-83 1.09148e-101 4.32521e-83 6.30149e-102 2.49709e-83 1.54576e-103 6.12538e-85 
4.39760e+18 1.51980e-114 6.68348e-96 7.59536e-115 3.34014e-96 6.57777e-115 2.89264e-96 3.79751e-115 1.67000e-96 9.28411e-117 4.08278e-98 
4.88025e+18 3.14114e-129 1.53295e-110 1.57004e-129 7.66219e-111 1.35969e-129 6.63565e-111 7.84969e-130 3.83085e-111 1.90906e-131 9.31669e-113 
5.41587e+18 1.53855e-145 8.33261e-127 7.69200e-146 4.16589e-127 6.66147e-146 3.60776e-127 3.84562e-146 2.08274e-127 9.27277e-148 5.02201e-129 
6.01028e+18 1.18497e-163 7.12201e-145 5.92672e-164 3.56212e-145 5.13269e-164 3.08489e-145 2.96288e-164 1.78077e-145 7.03914e-166 4.23072e-147 
6.66992e+18 9.10258e-184 6.07135e-165 4.55615e-184 3.03891e-165 3.94574e-184 2.63178e-165 2.27745e-184 1.51904e-165 5.26518e-186 3.51183e-167 
7.40196e+18 4.20749e-206 3.11437e-187 2.10904e-206 1.56110e-187 1.82648e-206 1.35196e-187 1.05401e-206 7.80171e-188 2.30850e-208 1.70874e-189 
8.21434e+18 6.67695e-231 5.48467e-212 3.35674e-231 2.75734e-212 2.90702e-231 2.38792e-212 1.67682e-231 1.37740e-212 3.26049e-233 2.67828e-214 
9.11589e+18 1.94947e-258 1.77711e-239 9.86329e-259 8.99127e-240 8.54186e-259 7.78667e-240 4.92245e-259 4.48725e-240 6.96599e-261 6.35012e-242 
1.01164e+19 -1.45390e-290 -1.47082e-271 0.00000e+00 0.00000e+00 0.00000e+00 0.00000e+00 -5.40980e-292 -5.47276e-273 -3.04404e-291 -3.07947e-272 
1.12267e+19 0.00000e+00 0.00000e+00 0.00000e+00 0.00000e+00 0.00000e+00 0.00000e+00 0.00000e+00 0.00000e+00 0.00000e+00 0.00000e+00 
1.24588e+19 0.00000e+00 0.00000e+00 0.00000e+00 0.00000e+00 0.00000e+00 0.00000e+00 0.00000e+00 0.00000e+00 0.00000e+00 0.00000e+00 
1.38262e+19 0.00000e+00 0.00000e+00 0.00000e+00 0.00000e+00 0.00000e+00 0.00000e+00 0.00000e+00 0.00000e+00 0.00000e+00 0.00000e+00 
1.53437e+19 0.00000e+00 0.00000e+00 0.00000e+00 0.00000e+00 0.00000e+00 0.00000e+00 0.00000e+00 0.00000e+00 0.00000e+00 0.00000e+00 
1.70277e+19 0.00000e+00 0.00000e+00 0.00000e+00 0.00000e+00 0.00000e+00 0.00000e+00 0.00000e+00 0.00000e+00 0.00000e+00 0.00000e+00 
1.88965e+19 0.00000e+00 0.00000e+00 0.00000e+00 0.00000e+00 0.00000e+00 0.00000e+00 0.00000e+00 0.00000e+00 0.00000e+00 0.00000e+00 
2.09705e+19 0.00000e+00 0.00000e+00 0.00000e+00 0.00000e+00 0.00000e+00 0.00000e+00 0.00000e+00 0.00000e+00 0.00000e+00 0.00000e+00 
2.32720e+19 0.00000e+00 0.00000e+00 0.00000e+00 0.00000e+00 0.00000e+00 0.00000e+00 0.00000e+00 0.00000e+00 0.00000e+00 0.00000e+00 
2.58262e+19 0.00000e+00 0.00000e+00 0.00000e+00 0.00000e+00 0.00000e+00 0.00000e+00 0.00000e+00 0.00000e+00 0.00000e+00 0.00000e+00 
2.86607e+19 0.00000e+00 0.00000e+00 0.00000e+00 0.00000e+00 0.00000e+00 0.00000e+00 0.00000e+00 0.00000e+00 0.00000e+00 0.00000e+00 
3.18063e+19 0.00000e+00 0.00000e+00 0.00000e+00 0.00000e+00 0.00000e+00 0.00000e+00 0.00000e+00 0.00000e+00 0.00000e+00 0.00000e+00 
3.52971e+19 0.00000e+00 0.00000e+00 0.00000e+00 0.00000e+00 0.00000e+00 0.00000e+00 0.00000e+00 0.00000e+00 0.00000e+00 0.00000e+00 
3.91710e+19 0.00000e+00 0.00000e+00 0.00000e+00 0.00000e+00 0.00000e+00 0.00000e+00 0.00000e+00 0.00000e+00 0.00000e+00 0.00000e+00 
4.34701e+19 0.00000e+00 0.00000e+00 0.00000e+00 0.00000e+00 0.00000e+00 0.00000e+00 0.00000e+00 0.00000e+00 0.00000e+00 0.00000e+00 
4.82411e+19 0.00000e+00 0.00000e+00 0.00000e+00 0.00000e+00 0.00000e+00 0.00000e+00 0.00000e+00 0.00000e+00 0.00000e+00 0.00000e+00 
5.35357e+19 0.00000e+00 0.00000e+00 0.00000e+00 0.00000e+00 0.00000e+00 0.00000e+00 0.00000e+00 0.00000e+00 0.00000e+00 0.00000e+00 
5.94113e+19 0.00000e+00 0.00000e+00 0.00000e+00 0.00000e+00 0.00000e+00 0.00000e+00 0.00000e+00 0.00000e+00 0.00000e+00 0.00000e+00 
6.59319e+19 0.00000e+00 0.00000e+00 0.00000e+00 0.00000e+00 0.00000e+00 0.00000e+00 0.00000e+00 0.00000e+00 0.00000e+00 0.00000e+00 
7.31681e+19 0.00000e+00 0.00000e+00 0.00000e+00 0.00000e+00 0.00000e+00 0.00000e+00 0.00000e+00 0.00000e+00 0.00000e+00 0.00000e+00 
8.11984e+19 0.00000e+00 0.00000e+00 0.00000e+00 0.00000e+00 0.00000e+00 0.00000e+00 0.00000e+00 0.00000e+00 0.00000e+00 0.00000e+00 
9.01102e+19 0.00000e+00 0.00000e+00 0.00000e+00 0.00000e+00 0.00000e+00 0.00000e+00 0.00000e+00 0.00000e+00 0.00000e+00 0.00000e+00 
1.00000e+20 0.00000e+00 0.00000e+00 0.00000e+00 0.00000e+00 0.00000e+00 0.00000e+00 0.00000e+00 0.00000e+00 0.00000e+00 0.00000e+00 
