1.00000e+11 7.40412e+20 7.40412e+31 7.29234e+19 7.29234e+30 1.25116e+20 1.25116e+31 1.85197e+20 1.85197e+31 2.14464e+20 2.14464e+31 
1.10975e+11 9.11848e+20 1.01193e+32 8.98085e+19 9.96652e+30 1.54086e+20 1.70997e+31 2.28077e+20 2.53109e+31 2.64121e+20 2.93109e+31 
1.23155e+11 1.12298e+21 1.38300e+32 1.10603e+20 1.36213e+31 1.89763e+20 2.33703e+31 2.80886e+20 3.45925e+31 3.25276e+20 4.00594e+31 
1.36672e+11 1.38299e+21 1.89015e+32 1.36213e+20 1.86164e+31 2.33701e+20 3.19403e+31 3.45922e+20 4.72777e+31 4.00589e+20 5.47492e+31 
1.51672e+11 1.70320e+21 2.58327e+32 1.67752e+20 2.54432e+31 2.87811e+20 4.36528e+31 4.26015e+20 6.46144e+31 4.93340e+20 7.48258e+31 
1.68318e+11 2.09755e+21 3.53056e+32 2.06594e+20 3.47734e+31 3.54450e+20 5.96604e+31 5.24652e+20 8.83085e+31 6.07566e+20 1.02264e+32 
1.86791e+11 2.58321e+21 4.82520e+32 2.54429e+20 4.75251e+31 4.36518e+20 8.15378e+31 6.46127e+20 1.20691e+32 7.48237e+20 1.39764e+32 
2.07292e+11 3.18130e+21 6.59459e+32 3.13339e+20 6.49528e+31 5.37587e+20 1.11438e+32 7.95725e+20 1.64948e+32 9.21477e+20 1.91015e+32 
2.30043e+11 3.91786e+21 9.01277e+32 3.85890e+20 8.87713e+31 6.62055e+20 1.52301e+32 9.79959e+20 2.25433e+32 1.13482e+21 2.61059e+32 
2.55291e+11 4.82496e+21 1.23177e+33 4.75239e+20 1.21324e+32 8.15341e+20 2.08149e+32 1.20685e+21 3.08097e+32 1.39757e+21 3.56786e+32 
2.83310e+11 5.94205e+21 1.68344e+33 5.85274e+20 1.65814e+32 1.00411e+21 2.84475e+32 1.48626e+21 4.21072e+32 1.72114e+21 4.87614e+32 
3.14404e+11 7.31777e+21 2.30073e+33 7.20786e+20 2.26618e+32 1.23659e+21 3.88789e+32 1.83036e+21 5.75472e+32 2.11961e+21 6.66414e+32 
3.48910e+11 9.01197e+21 3.14437e+33 8.87673e+20 3.09718e+32 1.52289e+21 5.31352e+32 2.25412e+21 7.86486e+32 2.61034e+21 9.10775e+32 
3.87204e+11 1.10984e+22 4.29734e+33 1.09320e+21 4.23290e+32 1.87547e+21 7.26189e+32 2.77598e+21 1.07487e+33 3.21467e+21 1.24473e+33 
4.29700e+11 1.36678e+22 5.87305e+33 1.34631e+21 5.78509e+32 2.30967e+21 9.92466e+32 3.41865e+21 1.46900e+33 3.95890e+21 1.70114e+33 
4.76861e+11 1.68320e+22 8.02651e+33 1.65801e+21 7.90643e+32 2.84439e+21 1.35638e+33 4.21009e+21 2.00763e+33 4.87540e+21 2.32489e+33 
5.29198e+11 2.07286e+22 1.09695e+34 2.04189e+21 1.08056e+33 3.50288e+21 1.85372e+33 5.18474e+21 2.74375e+33 6.00406e+21 3.17733e+33 
5.87279e+11 2.55272e+22 1.49916e+34 2.51463e+21 1.47679e+33 4.31381e+21 2.53341e+33 6.38498e+21 3.74976e+33 7.39396e+21 4.34232e+33 
6.51734e+11 3.14365e+22 2.04883e+34 3.09682e+21 2.01830e+33 5.31245e+21 3.46230e+33 7.86304e+21 5.12461e+33 9.10558e+21 5.93442e+33 
7.23263e+11 3.87136e+22 2.80001e+34 3.81379e+21 2.75837e+33 6.54224e+21 4.73176e+33 9.68320e+21 7.00350e+33 1.12134e+22 8.11021e+33 
8.02643e+11 4.76749e+22 3.82660e+34 4.69673e+21 3.76980e+33 8.05667e+21 6.46663e+33 1.19246e+22 9.57122e+33 1.38089e+22 1.10837e+34 
8.90735e+11 5.87102e+22 5.22953e+34 5.78407e+21 5.15207e+33 9.92161e+21 8.83753e+33 1.46848e+22 1.30803e+34 1.70052e+22 1.51472e+34 
9.88496e+11 7.22993e+22 7.14676e+34 7.12310e+21 7.04116e+33 1.22182e+22 1.20776e+34 1.80837e+22 1.78757e+34 2.09412e+22 2.07003e+34 
1.09699e+12 8.90330e+22 9.76680e+34 8.77210e+21 9.62287e+33 1.50462e+22 1.65055e+34 2.22691e+22 2.44289e+34 2.57880e+22 2.82890e+34 
1.21738e+12 1.09639e+23 1.33472e+35 1.08028e+22 1.31511e+34 1.85287e+22 2.25565e+34 2.74231e+22 3.33844e+34 3.17562e+22 3.86594e+34 
1.35099e+12 1.35012e+23 1.82401e+35 1.33035e+22 1.79729e+34 2.28170e+22 3.08256e+34 3.37694e+22 4.56223e+34 3.91052e+22 5.28309e+34 
1.49927e+12 1.66256e+23 2.49262e+35 1.63830e+22 2.45625e+34 2.80975e+22 4.21256e+34 4.15840e+22 6.23456e+34 4.81544e+22 7.21964e+34 
1.66382e+12 2.04727e+23 3.40629e+35 2.01752e+22 3.35679e+34 3.45996e+22 5.75675e+34 5.12064e+22 8.51981e+34 5.92970e+22 9.86593e+34 
1.84642e+12 2.52097e+23 4.65479e+35 2.48451e+22 4.58746e+34 4.26060e+22 7.86688e+34 6.30545e+22 1.16425e+35 7.30167e+22 1.34820e+35 
2.04907e+12 3.10424e+23 6.36081e+35 3.05956e+22 6.26927e+34 5.24643e+22 1.07503e+35 7.76427e+22 1.59096e+35 8.99095e+22 1.84231e+35 
2.27397e+12 3.82238e+23 8.69196e+35 3.76768e+22 8.56757e+34 6.46028e+22 1.46905e+35 9.56044e+22 2.17401e+35 1.10709e+23 2.51747e+35 
2.52354e+12 4.70657e+23 1.18772e+36 4.63964e+22 1.17083e+35 7.95483e+22 2.00743e+35 1.17719e+23 2.97069e+35 1.36316e+23 3.44000e+35 
2.80050e+12 5.79518e+23 1.62294e+36 5.71335e+22 1.60003e+35 9.79497e+22 2.74309e+35 1.44946e+23 4.05923e+35 1.67844e+23 4.70048e+35 
3.10787e+12 7.13541e+23 2.21759e+36 7.03545e+22 2.18652e+35 1.20605e+23 3.74825e+35 1.78467e+23 5.54651e+35 2.06658e+23 6.42267e+35 
3.44896e+12 8.78537e+23 3.03004e+36 8.66339e+22 2.98797e+35 1.48498e+23 5.12163e+35 2.19734e+23 7.57853e+35 2.54442e+23 8.77561e+35 
3.82749e+12 1.08166e+24 4.14003e+36 1.06679e+23 4.08312e+35 1.82836e+23 6.99804e+35 2.70535e+23 1.03547e+36 3.13265e+23 1.19902e+36 
4.24757e+12 1.33169e+24 5.65647e+36 1.31359e+23 5.57956e+35 2.25109e+23 9.56166e+35 3.33070e+23 1.41474e+36 3.85674e+23 1.63818e+36 
4.71375e+12 1.63948e+24 7.72808e+36 1.61746e+23 7.62432e+35 2.77147e+23 1.30640e+36 4.10046e+23 1.93286e+36 4.74803e+23 2.23811e+36 
5.23110e+12 2.01831e+24 1.05580e+37 1.99159e+23 1.04182e+36 3.41202e+23 1.78486e+36 5.04792e+23 2.64062e+36 5.84507e+23 3.05761e+36 
5.80523e+12 2.48459e+24 1.44236e+37 2.45221e+23 1.42356e+36 4.20046e+23 2.43846e+36 6.21404e+23 3.60739e+36 7.19525e+23 4.17700e+36 
6.44236e+12 3.05843e+24 1.97035e+37 3.01928e+23 1.94513e+36 5.17088e+23 3.33127e+36 7.64917e+23 4.92787e+36 8.85687e+23 5.70592e+36 
7.14943e+12 3.76461e+24 2.69148e+37 3.71739e+23 2.65772e+36 6.36520e+23 4.55075e+36 9.41524e+23 6.73136e+36 1.09016e+24 7.79404e+36 
7.93410e+12 4.63359e+24 3.67633e+37 4.57678e+23 3.63127e+36 7.83495e+23 6.21633e+36 1.15884e+24 9.19433e+36 1.34176e+24 1.06457e+37 
8.80488e+12 5.70277e+24 5.02122e+37 5.63466e+23 4.96126e+36 9.64353e+23 8.49102e+36 1.42622e+24 1.25577e+37 1.65132e+24 1.45396e+37 
9.77124e+12 7.01816e+24 6.85761e+37 6.93681e+23 6.77812e+36 1.18688e+24 1.15973e+37 1.75516e+24 1.71501e+37 2.03213e+24 1.98565e+37 
1.08437e+13 8.63626e+24 9.36487e+37 8.53952e+23 9.25997e+36 1.46066e+24 1.58389e+37 2.15979e+24 2.34200e+37 2.50056e+24 2.71153e+37 
1.20338e+13 1.06265e+25 1.27877e+38 1.05121e+24 1.26500e+37 1.79745e+24 2.16301e+37 2.65746e+24 3.19793e+37 3.07669e+24 3.70242e+37 
1.33545e+13 1.30741e+25 1.74598e+38 1.29396e+24 1.72802e+37 2.21169e+24 2.95361e+37 3.26949e+24 4.36624e+37 3.78516e+24 5.05490e+37 
1.48202e+13 1.60837e+25 2.38364e+38 1.59268e+24 2.36039e+37 2.72115e+24 4.03279e+37 4.02202e+24 5.96071e+37 4.65624e+24 6.90065e+37 
1.64468e+13 1.97837e+25 3.25378e+38 1.96025e+24 3.22397e+37 3.34759e+24 5.50570e+37 4.94715e+24 8.13645e+37 5.72706e+24 9.41916e+37 
1.82518e+13 2.43317e+25 4.44098e+38 2.41248e+24 4.40321e+37 4.11775e+24 7.51565e+37 6.08423e+24 1.11048e+38 7.04315e+24 1.28550e+38 
2.02550e+13 2.99206e+25 6.06043e+38 2.96881e+24 6.01333e+37 5.06443e+24 1.02580e+38 7.48153e+24 1.51539e+38 8.66032e+24 1.75415e+38 
2.24781e+13 3.67873e+25 8.26907e+38 3.65313e+24 8.21152e+37 6.22784e+24 1.39990e+38 9.19819e+24 2.06757e+38 1.06470e+25 2.39323e+38 
2.49451e+13 4.52215e+25 1.12805e+39 4.49476e+24 1.12122e+38 7.65726e+24 1.91011e+38 1.13066e+25 2.82044e+38 1.30868e+25 3.26451e+38 
2.76829e+13 5.55781e+25 1.53856e+39 5.52972e+24 1.53078e+38 9.41306e+24 2.60580e+38 1.38954e+25 3.84665e+38 1.60823e+25 4.45205e+38 
3.07211e+13 6.82911e+25 2.09798e+39 6.80220e+24 2.08971e+38 1.15691e+25 3.55416e+38 1.70730e+25 5.24503e+38 1.97588e+25 6.07013e+38 
3.40929e+13 8.38910e+25 2.86008e+39 8.36644e+24 2.85236e+38 1.42159e+25 4.84659e+38 2.09719e+25 7.14993e+38 2.42693e+25 8.27411e+38 
3.78346e+13 1.03026e+26 3.89794e+39 1.02889e+25 3.89277e+38 1.74638e+25 6.60735e+38 2.57539e+25 9.74388e+38 2.98008e+25 1.12750e+39 
4.19871e+13 1.26486e+26 5.31076e+39 1.26512e+25 5.31185e+38 2.14478e+25 9.00532e+38 3.16161e+25 1.32747e+39 3.65811e+25 1.53593e+39 
4.65953e+13 1.55234e+26 7.23317e+39 1.55530e+25 7.24697e+38 2.63328e+25 1.22698e+39 3.87991e+25 1.80785e+39 4.48878e+25 2.09156e+39 
5.17092e+13 1.90444e+26 9.84770e+39 1.91168e+25 9.88512e+38 3.23193e+25 1.67120e+39 4.75954e+25 2.46112e+39 5.50586e+25 2.84704e+39 
5.73844e+13 2.33541e+26 1.34016e+40 2.34920e+25 1.34808e+39 3.96519e+25 2.27540e+39 5.83607e+25 3.34900e+39 6.75039e+25 3.87367e+39 
6.36825e+13 2.86255e+26 1.82294e+40 2.88617e+25 1.83798e+39 4.86277e+25 3.09674e+39 7.15264e+25 4.55498e+39 8.27213e+25 5.26790e+39 
7.06718e+13 3.50684e+26 2.47835e+40 3.54493e+25 2.50526e+39 5.96078e+25 4.21259e+39 8.76153e+25 6.19193e+39 1.01313e+26 7.16000e+39 
7.84282e+13 4.29366e+26 3.36744e+40 4.35275e+25 3.41379e+39 7.30294e+25 5.72757e+39 1.07259e+26 8.41215e+39 1.24008e+26 9.72574e+39 
8.70359e+13 5.25360e+26 4.57252e+40 5.34291e+25 4.65025e+39 8.94220e+25 7.78292e+39 1.31221e+26 1.14209e+40 1.51684e+26 1.32019e+40 
9.65883e+13 6.42356e+26 6.20441e+40 6.55591e+25 6.33224e+39 1.09425e+26 1.05691e+40 1.60418e+26 1.54945e+40 1.85395e+26 1.79070e+40 
1.07189e+14 7.84780e+26 8.41199e+40 8.04102e+25 8.61910e+39 1.33807e+26 1.43427e+40 1.95951e+26 2.10038e+40 2.26409e+26 2.42686e+40 
1.18953e+14 9.57934e+26 1.13950e+41 9.85811e+25 1.17266e+40 1.63495e+26 1.94483e+40 2.39138e+26 2.84462e+40 2.76239e+26 3.28596e+40 
1.32009e+14 1.16814e+27 1.54205e+41 1.20797e+26 1.59463e+40 1.99596e+26 2.63484e+40 2.91549e+26 3.84870e+40 3.36686e+26 4.44455e+40 
1.46497e+14 1.42292e+27 2.08454e+41 1.47938e+26 2.16725e+40 2.43434e+26 3.56623e+40 3.55050e+26 5.20138e+40 4.09888e+26 6.00474e+40 
1.62576e+14 1.73117e+27 2.81446e+41 1.81064e+26 2.94366e+40 2.96582e+26 4.82171e+40 4.31844e+26 7.02073e+40 4.98366e+26 8.10221e+40 
1.80419e+14 2.10336e+27 3.79486e+41 2.21454e+26 3.99545e+40 3.60907e+26 6.51143e+40 5.24524e+26 9.46339e+40 6.05081e+26 1.09168e+41 
2.00220e+14 2.55175e+27 5.10911e+41 2.70647e+26 5.41890e+40 4.38605e+26 8.78176e+40 6.36118e+26 1.27364e+41 7.33485e+26 1.46858e+41 
2.22195e+14 3.09058e+27 6.86711e+41 3.30485e+26 7.34320e+40 5.32255e+26 1.18264e+41 7.70141e+26 1.71121e+41 8.87578e+26 1.97215e+41 
2.46581e+14 3.73631e+27 9.21304e+41 4.03170e+26 9.94141e+40 6.44858e+26 1.59010e+41 9.30642e+26 2.29479e+41 1.07195e+27 2.64323e+41 
2.73644e+14 4.50774e+27 1.23352e+42 4.91321e+26 1.34447e+41 7.79889e+26 2.13412e+41 1.12224e+27 3.07093e+41 1.29182e+27 3.53499e+41 
3.03677e+14 5.42616e+27 1.64780e+42 5.98042e+26 1.81612e+41 9.41334e+26 2.85861e+41 1.35014e+27 4.10006e+41 1.55306e+27 4.71627e+41 
3.37006e+14 6.51538e+27 2.19573e+42 7.26993e+26 2.45001e+41 1.13372e+27 3.82071e+41 1.62014e+27 5.45999e+41 1.86215e+27 6.27558e+41 
3.73994e+14 7.80163e+27 2.91776e+42 8.82462e+26 3.30035e+41 1.36214e+27 5.09434e+41 1.93863e+27 7.25034e+41 2.22620e+27 8.32586e+41 
4.15040e+14 9.31334e+27 3.86541e+42 1.06944e+27 4.43862e+41 1.63226e+27 6.77453e+41 2.31244e+27 9.59756e+41 2.65277e+27 1.10101e+42 
4.60592e+14 1.10807e+28 5.10367e+42 1.29370e+27 5.95869e+41 1.95025e+27 8.98268e+41 2.74880e+27 1.26608e+42 3.14973e+27 1.45074e+42 
5.11143e+14 1.31348e+28 6.71376e+42 1.56185e+27 7.98328e+41 2.32275e+27 1.18726e+42 3.25509e+27 1.66382e+42 3.72503e+27 1.90403e+42 
5.67243e+14 1.55069e+28 8.79617e+42 1.88136e+27 1.06719e+42 2.75678e+27 1.56376e+42 3.83859e+27 2.17741e+42 4.38632e+27 2.48811e+42 
6.29499e+14 1.82268e+28 1.14737e+43 2.26059e+27 1.42304e+42 3.25949e+27 2.05185e+42 4.50610e+27 2.83658e+42 5.14052e+27 3.23595e+42 
6.98588e+14 2.13212e+28 1.48947e+43 2.70875e+27 1.89230e+42 3.83803e+27 2.68120e+42 5.26353e+27 3.67704e+42 5.99328e+27 4.18683e+42 
7.75260e+14 2.48120e+28 1.92357e+43 3.23577e+27 2.50856e+42 4.49921e+27 3.48806e+42 6.11537e+27 4.74100e+42 6.94833e+27 5.38676e+42 
8.60346e+14 2.87135e+28 2.47035e+43 3.85210e+27 3.31414e+42 5.24916e+27 4.51609e+42 7.06413e+27 6.07760e+42 8.00684e+27 6.88865e+42 
9.54772e+14 3.30306e+28 3.15366e+43 4.56840e+27 4.36178e+42 6.09295e+27 5.81738e+42 8.10976e+27 7.74297e+42 9.16663e+27 8.75204e+42 
1.05956e+15 3.77559e+28 4.00046e+43 5.39505e+27 5.71638e+42 7.03416e+27 7.45311e+42 9.24907e+27 9.79995e+42 1.04216e+28 1.10423e+43 
1.17585e+15 4.28676e+28 5.04058e+43 6.34152e+27 7.45668e+42 8.07437e+27 9.49425e+42 1.04752e+28 1.23173e+43 1.17609e+28 1.38290e+43 
1.30490e+15 4.83268e+28 6.30617e+43 7.41552e+27 9.67653e+42 9.21271e+27 1.20217e+43 1.17772e+28 1.53681e+43 1.31685e+28 1.71835e+43 
1.44812e+15 5.40753e+28 7.83074e+43 8.62194e+27 1.24856e+43 1.04452e+28 1.51259e+43 1.31394e+28 1.90274e+43 1.46226e+28 2.11752e+43 
1.60705e+15 6.00330e+28 9.64762e+43 9.96166e+27 1.60089e+43 1.17643e+28 1.89058e+43 1.45413e+28 2.33687e+43 1.60951e+28 2.58657e+43 
1.78343e+15 6.60950e+28 1.17876e+44 1.14302e+28 2.03849e+43 1.31579e+28 2.34663e+43 1.59571e+28 2.84583e+43 1.75512e+28 3.13013e+43 
1.97917e+15 7.21294e+28 1.42756e+44 1.30162e+28 2.57611e+43 1.46092e+28 2.89140e+43 1.73549e+28 3.43482e+43 1.89486e+28 3.75025e+43 
2.19639e+15 7.79756e+28 1.71264e+44 1.47004e+28 3.22878e+43 1.60954e+28 3.53517e+43 1.86973e+28 4.10665e+43 2.02380e+28 4.44504e+43 
2.43744e+15 8.34454e+28 2.03393e+44 1.64548e+28 4.01077e+43 1.75878e+28 4.28694e+43 1.99415e+28 4.86062e+43 2.13631e+28 5.20713e+43 
2.70496e+15 8.83286e+28 2.38925e+44 1.82422e+28 4.93445e+43 1.90521e+28 5.15353e+43 2.10403e+28 5.69131e+43 2.22629e+28 6.02203e+43 
3.00184e+15 9.24049e+28 2.77384e+44 2.00174e+28 6.00891e+43 2.04494e+28 6.13856e+43 2.19451e+28 6.58757e+43 2.28753e+28 6.86678e+43 
3.33129e+15 9.54629e+28 3.18015e+44 2.17295e+28 7.23874e+43 2.17383e+28 7.24167e+43 2.26101e+28 7.53208e+43 2.31421e+28 7.70932e+43 
3.69691e+15 9.73265e+28 3.59808e+44 2.33257e+28 8.62332e+43 2.28794e+28 8.45830e+43 2.29972e+28 8.50187e+43 2.30173e+28 8.50929e+43 
4.10266e+15 9.78856e+28 4.01591e+44 2.47574e+28 1.01571e+44 2.38395e+28 9.78055e+43 2.30833e+28 9.47029e+43 2.24747e+28 9.22061e+43 
4.55294e+15 9.71254e+28 4.42206e+44 2.59867e+28 1.18316e+44 2.45982e+28 1.11994e+44 2.28660e+28 1.04107e+44 2.15164e+28 9.79626e+43 
5.05263e+15 9.51486e+28 4.80751e+44 2.69939e+28 1.36390e+44 2.51522e+28 1.27085e+44 2.23685e+28 1.13020e+44 2.01779e+28 1.01952e+44 
5.60717e+15 9.21801e+28 5.16870e+44 2.77821e+28 1.55779e+44 2.55193e+28 1.43091e+44 2.16407e+28 1.21343e+44 1.85299e+28 1.03900e+44 
6.22257e+15 8.85501e+28 5.51009e+44 2.83785e+28 1.76587e+44 2.57374e+28 1.60153e+44 2.07560e+28 1.29156e+44 1.66731e+28 1.03749e+44 
6.90551e+15 8.46506e+28 5.84556e+44 2.88296e+28 1.99083e+44 2.58588e+28 1.78568e+44 1.98016e+28 1.36740e+44 1.47272e+28 1.01699e+44 
7.66341e+15 8.08721e+28 6.19756e+44 2.91895e+28 2.23691e+44 2.59382e+28 1.98775e+44 1.88655e+28 1.44574e+44 1.28153e+28 9.82086e+43 
8.50449e+15 7.75303e+28 6.59356e+44 2.95028e+28 2.50906e+44 2.60186e+28 2.21275e+44 1.80202e+28 1.53253e+44 1.10456e+28 9.39370e+43 
9.43788e+15 7.47996e+28 7.05950e+44 2.97874e+28 2.81130e+44 2.61152e+28 2.46472e+44 1.73086e+28 1.63357e+44 9.49579e+27 8.96201e+43 
1.04737e+16 7.26724e+28 7.61150e+44 3.00202e+28 3.14422e+44 2.62047e+28 2.74460e+44 1.67341e+28 1.75268e+44 8.20299e+27 8.59157e+43 
1.16232e+16 7.09560e+28 8.24737e+44 3.01330e+28 3.50242e+44 2.62227e+28 3.04792e+44 1.62596e+28 1.88989e+44 7.16224e+27 8.32484e+43 
1.28989e+16 6.93117e+28 8.94045e+44 3.00202e+28 3.87227e+44 2.60714e+28 3.36293e+44 1.58150e+28 2.03996e+44 6.33404e+27 8.17022e+43 
1.43146e+16 6.73288e+28 9.63784e+44 2.95580e+28 4.23111e+44 2.56374e+28 3.66988e+44 1.53123e+28 2.19190e+44 5.65827e+27 8.09958e+43 
1.58857e+16 6.46144e+28 1.02644e+45 2.86309e+28 4.54820e+44 2.48146e+28 3.94196e+44 1.46654e+28 2.32969e+44 5.07077e+27 8.05525e+43 
1.76291e+16 6.08794e+28 1.07325e+45 2.71587e+28 4.78784e+44 2.35289e+28 4.14795e+44 1.38080e+28 2.43423e+44 4.51777e+27 7.96445e+43 
1.95640e+16 5.59993e+28 1.09557e+45 2.51191e+28 4.91429e+44 2.17574e+28 4.25661e+44 1.27082e+28 2.48624e+44 3.96494e+27 7.75700e+43 
2.17112e+16 5.00412e+28 1.08645e+45 2.25596e+28 4.89795e+44 1.95385e+28 4.24203e+44 1.13754e+28 2.46973e+44 3.39983e+27 7.38144e+43 
2.40940e+16 4.32521e+28 1.04212e+45 1.95967e+28 4.72164e+44 1.69717e+28 4.08916e+44 9.85843e+27 2.37529e+44 2.82886e+27 6.81586e+43 
2.67384e+16 3.60142e+28 9.62962e+44 1.64021e+28 4.38566e+44 1.42047e+28 3.79812e+44 8.23750e+27 2.20258e+44 2.27091e+27 6.07205e+43 
2.96730e+16 2.87774e+28 8.53912e+44 1.31773e+28 3.91011e+44 1.14119e+28 3.38626e+44 6.60980e+27 1.96133e+44 1.75002e+27 5.19285e+43 
3.29297e+16 2.19823e+28 7.23872e+44 1.01225e+28 3.33331e+44 8.76635e+27 2.88673e+44 5.07287e+27 1.67048e+44 1.28866e+27 4.24351e+43 
3.65438e+16 1.59892e+28 5.84307e+44 7.40517e+27 2.70613e+44 6.41306e+27 2.34358e+44 3.70859e+27 1.35526e+44 9.02722e+26 3.29889e+43 
4.05546e+16 1.10279e+28 4.47232e+44 5.13697e+27 2.08328e+44 4.44874e+27 1.80417e+44 2.57138e+27 1.04281e+44 5.98932e+26 2.42894e+43 
4.50056e+16 7.17939e+27 3.23113e+44 3.36332e+27 1.51368e+44 2.91272e+27 1.31089e+44 1.68296e+27 7.57424e+43 3.74659e+26 1.68617e+43 
4.99451e+16 4.38925e+27 2.19221e+44 2.06751e+27 1.03262e+44 1.79052e+27 8.94275e+43 1.03429e+27 5.16575e+43 2.19895e+26 1.09827e+43 
5.54266e+16 2.50541e+27 1.38867e+44 1.18625e+27 6.57501e+43 1.02733e+27 5.69413e+43 5.93324e+26 3.28860e+43 1.20432e+26 6.67516e+42 
6.15099e+16 1.32643e+27 8.15887e+43 6.31039e+26 3.88151e+43 5.46496e+26 3.36149e+43 3.15585e+26 1.94116e+43 6.11607e+25 3.76199e+42 
6.82607e+16 6.46520e+26 4.41319e+43 3.08921e+26 2.10872e+43 2.67533e+26 1.82620e+43 1.54479e+26 1.05449e+43 2.85885e+25 1.95147e+42 
7.57525e+16 2.87758e+26 2.17984e+43 1.38045e+26 1.04572e+43 1.19550e+26 9.05622e+42 6.90270e+25 5.22896e+42 1.21953e+25 9.23823e+41 
8.40665e+16 1.15942e+26 9.74684e+42 5.58245e+25 4.69297e+42 4.83454e+25 4.06423e+42 2.79132e+25 2.34657e+42 4.70247e+24 3.95320e+41 
9.32930e+16 4.19093e+25 3.90984e+42 2.02485e+25 1.88905e+42 1.75357e+25 1.63596e+42 1.01244e+25 9.44539e+41 1.62238e+24 1.51357e+41 
1.03532e+17 1.34669e+25 1.39425e+42 6.52824e+24 6.75883e+41 5.65362e+24 5.85332e+41 3.26415e+24 3.37944e+41 4.95596e+23 5.13102e+40 
1.14895e+17 3.81135e+24 4.37906e+41 1.85365e+24 2.12975e+41 1.60531e+24 1.84442e+41 9.26827e+23 1.06488e+41 1.32672e+23 1.52434e+40 
1.27505e+17 9.40770e+23 1.19953e+41 4.59009e+23 5.85259e+40 3.97513e+23 5.06849e+40 2.29504e+23 2.92630e+40 3.08167e+22 3.92929e+39 
1.41499e+17 2.00270e+23 2.83380e+40 9.80126e+22 1.38687e+40 8.48814e+22 1.20106e+40 4.90063e+22 6.93435e+39 6.14900e+21 8.70078e+38 
1.57029e+17 3.62652e+22 5.69469e+39 1.77981e+22 2.79482e+39 1.54136e+22 2.42038e+39 8.89905e+21 1.39741e+39 1.04231e+21 1.63673e+38 
1.74263e+17 5.48896e+21 9.56524e+38 2.70041e+21 4.70583e+38 2.33863e+21 4.07537e+38 1.35021e+21 2.35292e+38 1.48003e+20 2.57915e+37 
1.93389e+17 6.79391e+20 1.31387e+38 3.34910e+20 6.47680e+37 2.90041e+20 5.60907e+37 1.67455e+20 3.23840e+37 1.72786e+19 3.34149e+36 
2.14614e+17 6.70173e+19 1.43828e+37 3.30886e+19 7.10128e+36 2.86556e+19 6.14989e+36 1.65443e+19 3.55064e+36 1.61878e+18 3.47412e+35 
2.38169e+17 5.12327e+18 1.22020e+36 2.53263e+18 6.03193e+35 2.19332e+18 5.22381e+35 1.26632e+18 3.01597e+35 1.18221e+17 2.81566e+34 
2.64308e+17 2.95795e+17 7.81810e+34 1.46373e+17 3.86876e+34 1.26763e+17 3.35044e+34 7.31865e+16 1.93438e+34 6.52422e+15 1.72440e+33 
2.93317e+17 1.27563e+16 3.74163e+33 6.31921e+15 1.85353e+33 5.47260e+15 1.60520e+33 3.15961e+15 9.26765e+32 2.65057e+14 7.77457e+31 
3.25509e+17 4.28320e+14 1.39422e+32 2.12523e+14 6.91782e+31 1.84050e+14 5.99101e+31 1.06262e+14 3.45891e+31 7.93634e+12 2.58335e+30 
3.61234e+17 1.30983e+13 4.73155e+30 6.51545e+12 2.35360e+30 5.64254e+12 2.03828e+30 3.25772e+12 1.17680e+30 1.92315e+11 6.94707e+28 
4.00881e+17 4.31886e+11 1.73135e+29 2.15324e+11 8.63191e+28 1.86476e+11 7.47545e+28 1.07662e+11 4.31595e+28 4.76677e+09 1.91091e+27 
4.44878e+17 1.37420e+10 6.11351e+27 6.85778e+09 3.05088e+27 5.93902e+09 2.64214e+27 3.42889e+09 1.52544e+27 1.30164e+08 5.79072e+25 
4.93705e+17 3.35641e+08 1.65708e+26 1.67538e+08 8.27141e+25 1.45092e+08 7.16325e+25 8.37687e+07 4.13570e+25 3.04236e+06 1.50203e+24 
5.47890e+17 5.51911e+06 3.02386e+24 2.75506e+06 1.50947e+24 2.38595e+06 1.30724e+24 1.37753e+06 7.54735e+23 4.93915e+04 2.70611e+22 
6.08022e+17 5.68215e+04 3.45487e+22 2.83659e+04 1.72471e+22 2.45656e+04 1.49364e+22 1.41829e+04 8.62354e+21 5.02980e+02 3.05823e+20 
6.74754e+17 3.41579e+02 2.30482e+20 1.70546e+02 1.15077e+20 1.47698e+02 9.96596e+19 8.52732e+01 5.75385e+19 2.92922e+00 1.97650e+18 
7.48810e+17 1.04991e+00 7.86183e+17 5.24633e-01 3.92850e+17 4.54345e-01 3.40219e+17 2.62316e-01 1.96425e+17 7.53990e-03 5.64596e+15 
8.30994e+17 6.50259e-04 5.40361e+14 3.29636e-04 2.73925e+14 2.85473e-04 2.37226e+14 1.64818e-04 1.36963e+14 -1.13897e-05 -9.46475e+12 
9.22198e+17 -6.48324e-06 -5.97883e+12 -3.20879e-06 -2.95914e+12 -2.77890e-06 -2.56269e+12 -1.60440e-06 -1.47957e+12 -1.51581e-07 -1.39788e+11 
1.02341e+18 -2.40629e-08 -2.46263e+10 -1.19304e-08 -1.22097e+10 -1.03320e-08 -1.05739e+10 -5.96521e-09 -6.10486e+09 -4.91441e-10 -5.02946e+08 
1.13573e+18 -3.68511e-11 -4.18530e+07 -1.82740e-11 -2.07544e+07 -1.58258e-11 -1.79739e+07 -9.13701e-12 -1.03772e+07 -7.41369e-13 -8.41998e+05 
1.26038e+18 -2.58020e-14 -3.25204e+04 -1.27951e-14 -1.61267e+04 -1.10808e-14 -1.39661e+04 -6.39753e-15 -8.06334e+03 -5.18441e-16 -6.53434e+02 
1.39871e+18 -7.78058e-18 -1.08828e+01 -3.85833e-18 -5.39670e+00 -3.34142e-18 -4.67368e+00 -1.92917e-18 -2.69835e+00 -1.56358e-19 -2.18699e-01 
1.55223e+18 -9.25397e-22 -1.43642e-03 -4.58897e-22 -7.12311e-04 -3.97416e-22 -6.16879e-04 -2.29448e-22 -3.56155e-04 -1.85988e-23 -2.88695e-05 
1.72259e+18 -3.92815e-26 -6.76658e-08 -1.94794e-26 -3.35549e-08 -1.68696e-26 -2.90594e-08 -9.73969e-27 -1.67775e-08 -7.89479e-28 -1.35995e-09 
1.91164e+18 -5.32579e-31 -1.01810e-12 -2.64102e-31 -5.04869e-13 -2.28719e-31 -4.37230e-13 -1.32051e-31 -2.52435e-13 -1.07026e-32 -2.04596e-14 
2.12145e+18 -2.03905e-36 -4.32575e-18 -1.01115e-36 -2.14512e-18 -8.75686e-37 -1.85773e-18 -5.05577e-37 -1.07256e-18 -4.09689e-38 -8.69136e-20 
2.35429e+18 -1.92279e-42 -4.52679e-24 -9.53503e-43 -2.24482e-24 -8.25758e-43 -1.94407e-24 -4.76751e-43 -1.12241e-24 -3.86237e-44 -9.09313e-26 
2.61268e+18 -3.83622e-49 -1.00228e-30 -1.90237e-49 -4.97028e-31 -1.64750e-49 -4.30439e-31 -9.51187e-50 -2.48514e-31 -7.70384e-51 -2.01276e-32 
2.89942e+18 -1.36771e-56 -3.96557e-38 -6.78249e-57 -1.96653e-38 -5.87381e-57 -1.70307e-38 -3.39124e-57 -9.83265e-39 -2.74582e-58 -7.96130e-40 
3.21764e+18 -7.22196e-65 -2.32377e-46 -3.58139e-65 -1.15236e-46 -3.10158e-65 -9.97977e-47 -1.79070e-65 -5.76182e-47 -1.44946e-66 -4.66385e-48 
3.57079e+18 -4.58372e-74 -1.63675e-55 -2.27309e-74 -8.11673e-56 -1.96856e-74 -7.02929e-56 -1.13655e-74 -4.05836e-56 -9.19704e-76 -3.28407e-57 
3.96269e+18 -2.77259e-84 -1.09869e-65 -1.37495e-84 -5.44849e-66 -1.19074e-84 -4.71853e-66 -6.87474e-85 -2.72425e-66 -5.56166e-86 -2.20391e-67 
4.39760e+18 -1.23487e-95 -5.43045e-77 -6.12381e-96 -2.69301e-77 -5.30338e-96 -2.33221e-77 -3.06191e-96 -1.34650e-77 -2.47651e-97 -1.08907e-78 
4.88025e+18 -3.04033e-108 -1.48376e-89 -1.50773e-108 -7.35812e-90 -1.30573e-108 -6.37232e-90 -7.53866e-109 -3.67906e-90 -6.09621e-110 -2.97511e-91 
5.41587e+18 -3.00944e-122 -1.62987e-103 -1.49242e-122 -8.08274e-104 -1.29247e-122 -6.99986e-104 -7.46209e-123 -4.04137e-104 -6.03337e-124 -3.26760e-105 
6.01028e+18 -8.40868e-138 -5.05385e-119 -4.16998e-138 -2.50627e-119 -3.61131e-138 -2.17049e-119 -2.08499e-138 -1.25314e-119 -1.68559e-139 -1.01309e-120 
6.66992e+18 -4.47865e-155 -2.98722e-136 -2.22102e-155 -1.48140e-136 -1.92346e-155 -1.28293e-136 -1.11051e-155 -7.40702e-137 -8.97710e-157 -5.98765e-138 
7.40196e+18 -2.94115e-174 -2.17703e-155 -1.45856e-174 -1.07962e-155 -1.26315e-174 -9.34978e-156 -7.29280e-175 -5.39810e-156 -5.89498e-176 -4.36344e-157 
8.21434e+18 -1.46852e-195 -1.20629e-176 -7.28258e-196 -5.98216e-177 -6.30690e-196 -5.18071e-177 -3.64129e-196 -2.99108e-177 -2.94325e-197 -2.41769e-178 
9.11589e+18 -3.26052e-219 -2.97225e-200 -1.61694e-219 -1.47398e-200 -1.40031e-219 -1.27651e-200 -8.08470e-220 -7.36992e-201 -6.53471e-221 -5.95697e-202 
1.01164e+19 -1.77546e-245 -1.79612e-226 -8.80477e-246 -8.90724e-227 -7.62515e-246 -7.71389e-227 -4.40238e-246 -4.45362e-227 -3.55832e-247 -3.59973e-228 
1.12267e+19 -1.19650e-274 -1.34328e-255 -6.03867e-275 -6.77942e-256 -5.22135e-275 -5.86184e-256 -2.98979e-275 -3.35654e-256 -2.01930e-276 -2.26700e-257 
1.24588e+19 3.45103e-286 4.29959e-267 4.52038e-287 5.63186e-268 4.90929e-287 6.11641e-268 5.80272e-287 7.22952e-268 5.23237e-287 6.51893e-268 
1.38262e+19 3.27563e-297 4.52895e-278 4.29100e-298 5.93284e-279 4.65998e-298 6.44299e-279 5.50786e-298 7.61529e-279 4.96639e-298 6.86664e-279 
1.53437e+19 1.86200e-309 2.85700e-290 2.43936e-310 3.74288e-291 2.64903e-310 4.06459e-291 3.13094e-310 4.80401e-291 2.82309e-310 4.33166e-291 
1.70277e+19 4.44659e-323 7.94147e-304 4.94066e-324 1.05886e-304 4.94066e-324 1.11181e-304 9.88131e-324 1.32358e-304 4.94066e-324 1.21769e-304 
1.88965e+19 0.00000e+00 0.00000e+00 0.00000e+00 0.00000e+00 0.00000e+00 0.00000e+00 0.00000e+00 0.00000e+00 0.00000e+00 0.00000e+00 
2.09705e+19 0.00000e+00 0.00000e+00 0.00000e+00 0.00000e+00 0.00000e+00 0.00000e+00 0.00000e+00 0.00000e+00 0.00000e+00 0.00000e+00 
2.32720e+19 0.00000e+00 0.00000e+00 0.00000e+00 0.00000e+00 0.00000e+00 0.00000e+00 0.00000e+00 0.00000e+00 0.00000e+00 0.00000e+00 
2.58262e+19 0.00000e+00 0.00000e+00 0.00000e+00 0.00000e+00 0.00000e+00 0.00000e+00 0.00000e+00 0.00000e+00 0.00000e+00 0.00000e+00 
2.86607e+19 0.00000e+00 0.00000e+00 0.00000e+00 0.00000e+00 0.00000e+00 0.00000e+00 0.00000e+00 0.00000e+00 0.00000e+00 0.00000e+00 
3.18063e+19 0.00000e+00 0.00000e+00 0.00000e+00 0.00000e+00 0.00000e+00 0.00000e+00 0.00000e+00 0.00000e+00 0.00000e+00 0.00000e+00 
3.52971e+19 0.00000e+00 0.00000e+00 0.00000e+00 0.00000e+00 0.00000e+00 0.00000e+00 0.00000e+00 0.00000e+00 0.00000e+00 0.00000e+00 
3.91710e+19 0.00000e+00 0.00000e+00 0.00000e+00 0.00000e+00 0.00000e+00 0.00000e+00 0.00000e+00 0.00000e+00 0.00000e+00 0.00000e+00 
4.34701e+19 0.00000e+00 0.00000e+00 0.00000e+00 0.00000e+00 0.00000e+00 0.00000e+00 0.00000e+00 0.00000e+00 0.00000e+00 0.00000e+00 
4.82411e+19 0.00000e+00 0.00000e+00 0.00000e+00 0.00000e+00 0.00000e+00 0.00000e+00 0.00000e+00 0.00000e+00 0.00000e+00 0.00000e+00 
5.35357e+19 0.00000e+00 0.00000e+00 0.00000e+00 0.00000e+00 0.00000e+00 0.00000e+00 0.00000e+00 0.00000e+00 0.00000e+00 0.00000e+00 
5.94113e+19 0.00000e+00 0.00000e+00 0.00000e+00 0.00000e+00 0.00000e+00 0.00000e+00 0.00000e+00 0.00000e+00 0.00000e+00 0.00000e+00 
6.59319e+19 0.00000e+00 0.00000e+00 0.00000e+00 0.00000e+00 0.00000e+00 0.00000e+00 0.00000e+00 0.00000e+00 0.00000e+00 0.00000e+00 
7.31681e+19 0.00000e+00 0.00000e+00 0.00000e+00 0.00000e+00 0.00000e+00 0.00000e+00 0.00000e+00 0.00000e+00 0.00000e+00 0.00000e+00 
8.11984e+19 0.00000e+00 0.00000e+00 0.00000e+00 0.00000e+00 0.00000e+00 0.00000e+00 0.00000e+00 0.00000e+00 0.00000e+00 0.00000e+00 
9.01102e+19 0.00000e+00 0.00000e+00 0.00000e+00 0.00000e+00 0.00000e+00 0.00000e+00 0.00000e+00 0.00000e+00 0.00000e+00 0.00000e+00 
1.00000e+20 0.00000e+00 0.00000e+00 0.00000e+00 0.00000e+00 0.00000e+00 0.00000e+00 0.00000e+00 0.00000e+00 0.00000e+00 0.00000e+00 
