1.00000e+11 1.12120e+21 1.12120e+32 1.73126e+20 1.73126e+31 2.25647e+20 2.25647e+31 2.96247e+20 2.96247e+31 3.22424e+20 3.22424e+31 
1.10975e+11 1.38081e+21 1.53236e+32 2.13213e+20 2.36614e+31 2.77894e+20 3.08394e+31 3.64840e+20 4.04882e+31 3.97079e+20 4.40659e+31 
1.23155e+11 1.70052e+21 2.09428e+32 2.62581e+20 3.23382e+31 3.42239e+20 4.21484e+31 4.49316e+20 5.53355e+31 4.89019e+20 6.02251e+31 
1.36672e+11 2.09426e+21 2.86226e+32 3.23380e+20 4.41969e+31 4.21481e+20 5.76045e+31 5.53350e+20 7.56272e+31 6.02246e+20 8.23099e+31 
1.51672e+11 2.57916e+21 3.91186e+32 3.98256e+20 6.04042e+31 5.19070e+20 7.87283e+31 6.81472e+20 1.03360e+32 7.41689e+20 1.12493e+32 
1.68318e+11 3.17634e+21 5.34635e+32 4.90469e+20 8.25548e+31 6.39255e+20 1.07598e+32 8.39258e+20 1.41262e+32 9.13417e+20 1.53745e+32 
1.86791e+11 3.91177e+21 7.30686e+32 6.04033e+20 1.12828e+32 7.87267e+20 1.47055e+32 1.03358e+21 1.93063e+32 1.12491e+21 2.10123e+32 
2.07292e+11 4.81748e+21 9.98626e+32 7.43890e+20 1.54203e+32 9.69547e+20 2.00980e+32 1.27288e+21 2.63859e+32 1.38536e+21 2.87174e+32 
2.30043e+11 5.93289e+21 1.36482e+33 9.16129e+20 2.10749e+32 1.19403e+21 2.74678e+32 1.56760e+21 3.60615e+32 1.70611e+21 3.92479e+32 
2.55291e+11 7.30653e+21 1.86529e+33 1.12825e+21 2.88031e+32 1.47049e+21 3.75402e+32 1.93054e+21 4.92850e+32 2.10113e+21 5.36399e+32 
2.83310e+11 8.99820e+21 2.54928e+33 1.38948e+21 3.93652e+32 1.81095e+21 5.13060e+32 2.37752e+21 6.73574e+32 2.58760e+21 7.33091e+32 
3.14404e+11 1.10815e+22 3.48407e+33 1.71119e+21 5.38003e+32 2.23024e+21 7.01194e+32 2.92798e+21 9.20566e+32 3.18669e+21 1.00191e+33 
3.48910e+11 1.36471e+22 4.76162e+33 2.10738e+21 7.35286e+32 2.74659e+21 9.58315e+32 3.60587e+21 1.25812e+33 3.92448e+21 1.36929e+33 
3.87204e+11 1.68067e+22 6.50763e+33 2.59530e+21 1.00491e+33 3.38250e+21 1.30972e+33 4.44070e+21 1.71946e+33 4.83307e+21 1.87138e+33 
4.29700e+11 2.06977e+22 8.89383e+33 3.19619e+21 1.37340e+33 4.16561e+21 1.78996e+33 5.46880e+21 2.34994e+33 5.95200e+21 2.55758e+33 
4.76861e+11 2.54895e+22 1.21550e+34 3.93618e+21 1.87701e+33 5.13002e+21 2.44631e+33 6.73489e+21 3.21161e+33 7.32995e+21 3.49537e+33 
5.29198e+11 3.13906e+22 1.66118e+34 4.84750e+21 2.56528e+33 6.31769e+21 3.34331e+33 8.29408e+21 4.38921e+33 9.02689e+21 4.77701e+33 
5.87279e+11 3.86576e+22 2.27028e+34 5.96978e+21 3.50593e+33 7.78029e+21 4.56920e+33 1.02142e+22 5.99857e+33 1.11166e+22 6.52856e+33 
6.51734e+11 4.76068e+22 3.10270e+34 7.35188e+21 4.79147e+33 9.58146e+21 6.24456e+33 1.25788e+22 8.19800e+33 1.36901e+22 8.92231e+33 
7.23263e+11 5.86275e+22 4.24031e+34 9.05393e+21 6.54838e+33 1.17996e+22 8.53419e+33 1.54907e+22 1.12038e+34 1.68592e+22 1.21937e+34 
8.02643e+11 7.21990e+22 5.79500e+34 1.11500e+22 8.94946e+33 1.45311e+22 1.16633e+34 1.90765e+22 1.53117e+34 2.07619e+22 1.66644e+34 
8.90735e+11 8.89116e+22 7.91967e+34 1.37312e+22 1.22309e+34 1.78949e+22 1.59396e+34 2.34924e+22 2.09255e+34 2.55678e+22 2.27742e+34 
9.88496e+11 1.09492e+23 1.08233e+35 1.69100e+22 1.67154e+34 2.20372e+22 2.17836e+34 2.89302e+22 2.85974e+34 3.14860e+22 3.11238e+34 
1.09699e+12 1.34836e+23 1.47913e+35 2.08245e+22 2.28442e+34 2.71382e+22 2.97702e+34 3.56265e+22 3.90817e+34 3.87737e+22 4.25342e+34 
1.21738e+12 1.66044e+23 2.02139e+35 2.56451e+22 3.12199e+34 3.34197e+22 4.06845e+34 4.38724e+22 5.34095e+34 4.77479e+22 5.81275e+34 
1.35099e+12 2.04474e+23 2.76242e+35 3.15813e+22 4.26662e+34 4.11548e+22 5.55999e+34 5.40263e+22 7.29892e+34 5.87987e+22 7.94366e+34 
1.49927e+12 2.51795e+23 3.77509e+35 3.88915e+22 5.83088e+34 5.06799e+22 7.59828e+34 6.65297e+22 9.97459e+34 7.24063e+22 1.08556e+35 
1.66382e+12 3.10065e+23 5.15892e+35 4.78934e+22 7.96858e+34 6.24089e+22 1.03837e+35 8.19259e+22 1.36310e+35 8.91621e+22 1.48349e+35 
1.84642e+12 3.81816e+23 7.04994e+35 5.89783e+22 1.08899e+35 7.68515e+22 1.41901e+35 1.00884e+23 1.86275e+35 1.09794e+23 2.02727e+35 
2.04907e+12 4.70163e+23 9.63400e+35 7.26283e+22 1.48821e+35 9.46354e+22 1.93915e+35 1.24227e+23 2.54551e+35 1.35198e+23 2.77032e+35 
2.27397e+12 5.78945e+23 1.31650e+36 8.94366e+22 2.03376e+35 1.16533e+23 2.64992e+35 1.52970e+23 3.47848e+35 1.66478e+23 3.78566e+35 
2.52354e+12 7.12884e+23 1.79899e+36 1.10134e+23 2.77926e+35 1.43495e+23 3.62116e+35 1.88359e+23 4.75332e+35 2.04992e+23 5.17306e+35 
2.80050e+12 8.77794e+23 2.45827e+36 1.35619e+23 3.79800e+35 1.76693e+23 4.94831e+35 2.31932e+23 6.49526e+35 2.52411e+23 7.06878e+35 
3.10787e+12 1.08083e+24 3.35908e+36 1.66998e+23 5.19009e+35 2.17568e+23 6.76172e+35 2.85579e+23 8.87540e+35 3.10792e+23 9.65901e+35 
3.44896e+12 1.33080e+24 4.58989e+36 2.05636e+23 7.09231e+35 2.67893e+23 9.23953e+35 3.51626e+23 1.21275e+36 3.82668e+23 1.31981e+36 
3.82749e+12 1.63855e+24 6.27153e+36 2.53209e+23 9.69156e+35 3.29851e+23 1.26250e+36 4.32938e+23 1.65707e+36 4.71155e+23 1.80334e+36 
4.24757e+12 2.01740e+24 8.56905e+36 3.11782e+23 1.32432e+36 4.06129e+23 1.72506e+36 5.33039e+23 2.26412e+36 5.80087e+23 2.46396e+36 
4.71375e+12 2.48378e+24 1.17079e+37 3.83897e+23 1.80959e+36 5.00033e+23 2.35703e+36 6.56265e+23 3.09347e+36 7.14181e+23 3.36647e+36 
5.23110e+12 3.05786e+24 1.59960e+37 4.72680e+23 2.47264e+36 6.15630e+23 3.22042e+36 8.07951e+23 4.22647e+36 8.79243e+23 4.59941e+36 
5.80523e+12 3.76451e+24 2.18538e+37 5.81982e+23 3.37854e+36 7.57927e+23 4.39994e+36 9.94660e+23 5.77422e+36 1.08241e+24 6.28365e+36 
6.44236e+12 4.63425e+24 2.98556e+37 7.16540e+23 4.61621e+36 9.33079e+23 6.01123e+36 1.22446e+24 7.88844e+36 1.33247e+24 8.58427e+36 
7.14943e+12 5.70469e+24 4.07853e+37 8.82180e+23 6.30708e+36 1.14866e+24 8.21227e+36 1.50729e+24 1.07763e+37 1.64022e+24 1.17267e+37 
7.93410e+12 7.02202e+24 5.57134e+37 1.08607e+24 8.61701e+36 1.41399e+24 1.12187e+37 1.85536e+24 1.47206e+37 2.01895e+24 1.60185e+37 
8.80488e+12 8.64306e+24 7.61011e+37 1.33704e+24 1.17725e+37 1.74052e+24 1.53250e+37 2.28367e+24 2.01074e+37 2.48497e+24 2.18799e+37 
9.77124e+12 1.06377e+25 1.03943e+38 1.64593e+24 1.60828e+37 2.14233e+24 2.09332e+37 2.81068e+24 2.74638e+37 3.05837e+24 2.98841e+37 
1.08437e+13 1.30917e+25 1.41961e+38 2.02609e+24 2.19702e+37 2.63674e+24 2.85919e+37 3.45907e+24 3.75090e+37 3.76381e+24 4.08134e+37 
1.20338e+13 1.61105e+25 1.93870e+38 2.49392e+24 3.00113e+37 3.24503e+24 3.90500e+37 4.25671e+24 5.12243e+37 4.63159e+24 5.57355e+37 
1.33545e+13 1.98238e+25 2.64738e+38 3.06960e+24 4.09931e+37 3.99335e+24 5.33292e+37 5.23783e+24 6.99487e+37 5.69895e+24 7.61067e+37 
1.48202e+13 2.43907e+25 3.61476e+38 3.77793e+24 5.59897e+37 4.91381e+24 7.28237e+37 6.44448e+24 9.55085e+37 7.01159e+24 1.03913e+38 
1.64468e+13 3.00065e+25 4.93510e+38 4.64937e+24 7.64671e+37 6.04588e+24 9.94351e+37 7.92827e+24 1.30394e+38 8.62563e+24 1.41864e+38 
1.82518e+13 3.69111e+25 6.73695e+38 5.72137e+24 1.04426e+38 7.43798e+24 1.35757e+38 9.75255e+24 1.78002e+38 1.06099e+25 1.93651e+38 
2.02550e+13 4.53984e+25 9.19546e+38 7.03993e+24 1.42594e+38 9.14957e+24 1.85325e+38 1.19950e+25 2.42960e+38 1.30490e+25 2.64307e+38 
2.24781e+13 5.58294e+25 1.25494e+39 8.66153e+24 1.94694e+38 1.12536e+25 2.52958e+38 1.47510e+25 3.31575e+38 1.60463e+25 3.60690e+38 
2.49451e+13 6.86460e+25 1.71238e+39 1.06555e+25 2.65802e+38 1.38394e+25 3.45226e+38 1.81374e+25 4.52438e+38 1.97289e+25 4.92138e+38 
2.76829e+13 8.43899e+25 2.33615e+39 1.31069e+25 3.62837e+38 1.70168e+25 4.71073e+38 2.22971e+25 6.17247e+38 2.42521e+25 6.71368e+38 
3.07211e+13 1.03724e+26 3.18653e+39 1.61202e+25 4.95229e+38 2.09199e+25 6.42684e+38 2.74055e+25 8.41926e+38 2.98063e+25 9.15683e+38 
3.40929e+13 1.27460e+26 4.34549e+39 1.98232e+25 6.75829e+38 2.57133e+25 8.76641e+38 3.36768e+25 1.14814e+39 3.66242e+25 1.24862e+39 
3.78346e+13 1.56590e+26 5.92454e+39 2.43729e+25 9.22139e+38 3.15982e+25 1.19551e+39 4.13731e+25 1.56534e+39 4.49903e+25 1.70219e+39 
4.19871e+13 1.92326e+26 8.07520e+39 2.99613e+25 1.25799e+39 3.88206e+25 1.62997e+39 5.08147e+25 2.13356e+39 5.52520e+25 2.31987e+39 
4.65953e+13 2.36146e+26 1.10033e+40 3.68236e+25 1.71581e+39 4.76811e+25 2.22172e+39 6.23921e+25 2.90718e+39 6.78332e+25 3.16071e+39 
5.17092e+13 2.89853e+26 1.49881e+40 4.52475e+25 2.33971e+39 5.85466e+25 3.02740e+39 7.65818e+25 3.95998e+39 8.32505e+25 4.30482e+39 
5.73844e+13 3.55644e+26 2.04084e+40 5.55845e+25 3.18969e+39 7.18644e+25 4.12390e+39 9.39639e+25 5.39206e+39 1.02133e+26 5.86083e+39 
6.36825e+13 4.36189e+26 2.77776e+40 6.82641e+25 4.34723e+39 8.81795e+25 5.61549e+39 1.15244e+26 7.33901e+39 1.25244e+26 7.97588e+39 
7.06718e+13 5.34732e+26 3.77905e+40 8.38101e+25 5.92301e+39 1.08154e+26 7.64347e+39 1.41278e+26 9.98440e+39 1.53513e+26 1.08491e+40 
7.84282e+13 6.55206e+26 5.13867e+40 1.02861e+26 8.06720e+39 1.32594e+26 1.03991e+40 1.73107e+26 1.35764e+40 1.88064e+26 1.47495e+40 
8.70359e+13 8.02371e+26 6.98351e+40 1.26194e+26 1.09834e+40 1.62476e+26 1.41412e+40 2.11986e+26 1.84504e+40 2.30257e+26 2.00406e+40 
9.65883e+13 9.81975e+26 9.48473e+40 1.54754e+26 1.49475e+40 1.98980e+26 1.92192e+40 2.59435e+26 2.50584e+40 2.81732e+26 2.72120e+40 
1.07189e+14 1.20095e+27 1.28729e+41 1.89689e+26 2.03326e+40 2.43536e+26 2.61044e+40 3.17283e+26 3.40093e+40 3.44467e+26 3.69231e+40 
1.18953e+14 1.46762e+27 1.74578e+41 2.32387e+26 2.76432e+40 2.97863e+26 3.54318e+40 3.87730e+26 4.61218e+40 4.20833e+26 5.00595e+40 
1.32009e+14 1.79196e+27 2.36554e+41 2.84529e+26 3.75603e+40 3.64031e+26 4.80553e+40 4.73411e+26 6.24944e+40 5.13671e+26 6.78091e+40 
1.46497e+14 2.18589e+27 3.20227e+41 3.48144e+26 5.10021e+40 4.44521e+26 6.51210e+40 5.77473e+26 8.45981e+40 6.26368e+26 9.17611e+40 
1.62576e+14 2.66359e+27 4.33035e+41 4.25672e+26 6.92039e+40 5.42294e+26 8.81638e+40 7.03660e+26 1.14398e+41 7.62949e+26 1.24037e+41 
1.80419e+14 3.24187e+27 5.84894e+41 5.20045e+26 9.38259e+40 6.60880e+26 1.19235e+41 8.56409e+26 1.54512e+41 9.28173e+26 1.67460e+41 
2.00220e+14 3.94052e+27 7.88972e+41 6.34768e+26 1.27093e+41 8.04458e+26 1.61069e+41 1.04095e+27 2.08418e+41 1.12764e+27 2.25776e+41 
2.22195e+14 4.78277e+27 1.06271e+42 7.74021e+26 1.71983e+41 9.77960e+26 2.17297e+41 1.26340e+27 2.80721e+41 1.36790e+27 3.03939e+41 
2.46581e+14 5.79563e+27 1.42909e+42 9.42766e+26 2.32468e+41 1.18717e+27 2.92734e+41 1.53090e+27 3.77492e+41 1.65655e+27 4.08473e+41 
2.73644e+14 7.01035e+27 1.91834e+42 1.14686e+27 3.13832e+41 1.43883e+27 3.93727e+41 1.85170e+27 5.06707e+41 2.00235e+27 5.47932e+41 
3.03677e+14 8.46272e+27 2.56993e+42 1.39320e+27 4.23082e+41 1.74073e+27 5.28621e+41 2.23523e+27 6.78787e+41 2.41531e+27 7.33474e+41 
3.37006e+14 1.01933e+28 3.43521e+42 1.68981e+27 5.69476e+41 2.10183e+27 7.08329e+41 2.69218e+27 9.07280e+41 2.90669e+27 9.79574e+41 
3.73994e+14 1.22475e+28 4.58049e+42 2.04599e+27 7.65188e+41 2.53226e+27 9.47048e+41 3.23452e+27 1.20969e+42 3.48906e+27 1.30489e+42 
4.15040e+14 1.46754e+28 6.09089e+42 2.47243e+27 1.02616e+42 3.04340e+27 1.26313e+42 3.87544e+27 1.60847e+42 4.17616e+27 1.73328e+42 
4.60592e+14 1.75313e+28 8.07478e+42 2.98125e+27 1.37314e+42 3.64783e+27 1.68016e+42 4.62923e+27 2.13219e+42 4.98277e+27 2.29502e+42 
5.11143e+14 2.08726e+28 1.06689e+43 3.58600e+27 1.83296e+42 4.35921e+27 2.22818e+42 5.51095e+27 2.81689e+42 5.92432e+27 3.02818e+42 
5.67243e+14 2.47583e+28 1.40440e+43 4.30165e+27 2.44008e+42 5.19200e+27 2.94512e+42 6.53610e+27 3.70756e+42 7.01644e+27 3.98003e+42 
6.29499e+14 2.92467e+28 1.84108e+43 5.14430e+27 3.23833e+42 6.16114e+27 3.87843e+42 7.71991e+27 4.85967e+42 8.27422e+27 5.20861e+42 
6.98588e+14 3.43921e+28 2.40259e+43 6.13089e+27 4.28297e+42 7.28142e+27 5.08671e+42 9.07650e+27 6.34073e+42 9.71122e+27 6.78414e+42 
7.75260e+14 4.02406e+28 3.11969e+43 7.27852e+27 5.64274e+42 8.56668e+27 6.64140e+42 1.06177e+28 8.23150e+42 1.13382e+28 8.79005e+42 
8.60346e+14 4.68246e+28 4.02854e+43 8.60356e+27 7.40204e+42 1.00287e+28 8.62816e+42 1.23518e+28 1.06268e+43 1.31616e+28 1.13235e+43 
9.54772e+14 5.41564e+28 5.17070e+43 1.01204e+28 9.66264e+42 1.16758e+28 1.11478e+43 1.42814e+28 1.36354e+43 1.51815e+28 1.44948e+43 
1.05956e+15 6.22206e+28 6.59265e+43 1.18396e+28 1.25447e+43 1.35112e+28 1.43160e+43 1.64016e+28 1.73785e+43 1.73896e+28 1.84253e+43 
1.17585e+15 7.09651e+28 8.34443e+43 1.37658e+28 1.61865e+43 1.55308e+28 1.82619e+43 1.86979e+28 2.19859e+43 1.97669e+28 2.32429e+43 
1.30490e+15 8.02922e+28 1.04773e+44 1.58952e+28 2.07417e+43 1.77208e+28 2.31238e+43 2.11432e+28 2.75898e+43 2.22808e+28 2.90743e+43 
1.44812e+15 9.00490e+28 1.30402e+44 1.82120e+28 2.63732e+43 2.00552e+28 2.90423e+43 2.36955e+28 3.43139e+43 2.48832e+28 3.60338e+43 
1.60705e+15 1.00019e+29 1.60735e+44 2.06858e+28 3.32431e+43 2.24934e+28 3.61481e+43 2.62958e+28 4.22587e+43 2.75077e+28 4.42063e+43 
1.78343e+15 1.09914e+29 1.96024e+44 2.32679e+28 4.14966e+43 2.49779e+28 4.45463e+43 2.88661e+28 5.14807e+43 3.00685e+28 5.36251e+43 
1.97917e+15 1.19376e+29 2.36266e+44 2.58895e+28 5.12397e+43 2.74327e+28 5.42938e+43 3.13092e+28 6.19661e+43 3.24602e+28 6.42441e+43 
2.19639e+15 1.27979e+29 2.81092e+44 2.84611e+28 6.25116e+43 2.97641e+28 6.53733e+43 3.35101e+28 7.36011e+43 3.45596e+28 7.59061e+43 
2.43744e+15 1.35247e+29 3.29658e+44 3.08740e+28 7.52538e+43 3.18633e+28 7.76651e+43 3.53410e+28 8.61417e+43 3.62312e+28 8.83115e+43 
2.70496e+15 1.40688e+29 3.80555e+44 3.30064e+28 8.92811e+43 3.36134e+28 9.09228e+43 3.66698e+28 9.91902e+43 3.73365e+28 1.00994e+44 
3.00184e+15 1.43840e+29 4.31783e+44 3.47332e+28 1.04263e+44 3.48992e+28 1.04762e+44 3.73735e+28 1.12189e+44 3.77481e+28 1.13314e+44 
3.33129e+15 1.44340e+29 4.80838e+44 3.59408e+28 1.19729e+44 3.56230e+28 1.18671e+44 3.73561e+28 1.24444e+44 3.73683e+28 1.24485e+44 
3.69691e+15 1.41996e+29 5.24946e+44 3.65454e+28 1.35105e+44 3.57219e+28 1.32061e+44 3.65684e+28 1.35190e+44 3.61496e+28 1.33642e+44 
4.10266e+15 1.36857e+29 5.61479e+44 3.65123e+28 1.49797e+44 3.51856e+28 1.44355e+44 3.50262e+28 1.43700e+44 3.41133e+28 1.39955e+44 
4.55294e+15 1.29259e+29 5.88509e+44 3.58714e+28 1.63320e+44 3.40693e+28 1.55115e+44 3.28223e+28 1.49438e+44 3.13609e+28 1.42784e+44 
5.05263e+15 1.19821e+29 6.05409e+44 3.47248e+28 1.75452e+44 3.24971e+28 1.64196e+44 3.01261e+28 1.52216e+44 2.80726e+28 1.41841e+44 
5.60717e+15 1.09385e+29 6.13342e+44 3.32394e+28 1.86379e+44 3.06517e+28 1.71870e+44 2.71668e+28 1.52329e+44 2.44895e+28 1.37317e+44 
6.22257e+15 9.89041e+28 6.15438e+44 3.16245e+28 1.96786e+44 2.87488e+28 1.78891e+44 2.42018e+28 1.50597e+44 2.08800e+28 1.29927e+44 
6.90551e+15 8.92780e+28 6.16510e+44 3.00961e+28 2.07829e+44 2.70003e+28 1.86451e+44 2.14749e+28 1.48295e+44 1.74973e+28 1.20828e+44 
7.66341e+15 8.12012e+28 6.22278e+44 2.88348e+28 2.20973e+44 2.55754e+28 1.95995e+44 1.91738e+28 1.46937e+44 1.45373e+28 1.11405e+44 
8.50449e+15 7.50471e+28 6.38237e+44 2.79511e+28 2.37710e+44 2.45689e+28 2.08946e+44 1.74009e+28 1.47986e+44 1.21101e+28 1.02990e+44 
9.43788e+15 7.08305e+28 6.68490e+44 2.74666e+28 2.59226e+44 2.39882e+28 2.26397e+44 1.61630e+28 1.52544e+44 1.02323e+28 9.65712e+43 
1.04737e+16 6.82542e+28 7.14874e+44 2.73172e+28 2.86113e+44 2.37602e+28 2.48858e+44 1.53846e+28 1.61134e+44 8.84189e+27 9.26074e+43 
1.16232e+16 6.68166e+28 7.76625e+44 2.73757e+28 3.18194e+44 2.37559e+28 2.76121e+44 1.49373e+28 1.73620e+44 7.82934e+27 9.10022e+43 
1.28989e+16 6.59415e+28 8.50572e+44 2.74824e+28 3.54493e+44 2.38207e+28 3.07260e+44 1.46734e+28 1.89271e+44 7.07218e+27 9.12234e+43 
1.43146e+16 6.50848e+28 9.31663e+44 2.74749e+28 3.93292e+44 2.38016e+28 3.40710e+44 1.44543e+28 2.06907e+44 6.46238e+27 9.25063e+43 
1.58857e+16 6.37999e+28 1.01350e+45 2.72084e+28 4.32223e+44 2.35658e+28 3.74357e+44 1.41665e+28 2.25044e+44 5.92014e+27 9.40454e+43 
1.76291e+16 6.17600e+28 1.08878e+45 2.65676e+28 4.68364e+44 2.30090e+28 4.05629e+44 1.37274e+28 2.42002e+44 5.39523e+27 9.51134e+43 
1.95640e+16 5.87595e+28 1.14957e+45 2.54735e+28 4.98364e+44 2.20609e+28 4.31600e+44 1.30841e+28 2.55978e+44 4.86095e+27 9.50996e+43 
2.17112e+16 5.47125e+28 1.18787e+45 2.38902e+28 5.18685e+44 2.06896e+28 4.49195e+44 1.22124e+28 2.65146e+44 4.30694e+27 9.35088e+43 
2.40940e+16 4.96554e+28 1.19640e+45 2.18314e+28 5.26007e+44 1.89066e+28 4.55535e+44 1.11164e+28 2.67838e+44 3.73413e+27 8.99702e+43 
2.67384e+16 4.37500e+28 1.16981e+45 1.93652e+28 5.17794e+44 1.67707e+28 4.48423e+44 9.82856e+27 2.62800e+44 3.15210e+27 8.42820e+43 
2.96730e+16 3.72743e+28 1.10604e+45 1.66113e+28 4.92907e+44 1.43858e+28 4.26870e+44 8.40782e+27 2.49485e+44 2.57733e+27 7.64770e+43 
3.29297e+16 3.05916e+28 1.00737e+45 1.37288e+28 4.52085e+44 1.18895e+28 3.91517e+44 6.93271e+27 2.28292e+44 2.03077e+27 6.68725e+43 
3.65438e+16 2.40994e+28 8.80683e+44 1.08943e+28 3.98119e+44 9.43472e+27 3.44781e+44 5.49041e+27 2.00641e+44 1.53416e+27 5.60641e+43 
4.05546e+16 1.81653e+28 7.36686e+44 8.27466e+27 3.35576e+44 7.16607e+27 2.90617e+44 4.16307e+27 1.68832e+44 1.10579e+27 4.48450e+43 
4.50056e+16 1.30691e+28 5.88182e+44 6.00116e+27 2.70086e+44 5.19716e+27 2.33901e+44 3.01483e+27 1.35684e+44 7.56891e+26 3.40643e+43 
4.99451e+16 8.96390e+27 4.47702e+44 4.15099e+27 2.07321e+44 3.59486e+27 1.79545e+44 2.08276e+27 1.04024e+44 4.89808e+26 2.44635e+43 
5.54266e+16 5.86726e+27 3.25203e+44 2.74142e+27 1.51947e+44 2.37414e+27 1.31590e+44 1.37409e+27 7.61613e+43 2.98476e+26 1.65435e+43 
6.15099e+16 3.68211e+27 2.26486e+44 1.73700e+27 1.06843e+44 1.50428e+27 9.25284e+43 8.69920e+26 5.35086e+43 1.70726e+26 1.05013e+43 
6.82607e+16 2.23807e+27 1.52772e+44 1.06674e+27 7.28166e+43 9.23825e+26 6.30610e+43 5.33902e+26 3.64445e+43 9.15345e+25 6.24821e+42 
7.57525e+16 1.33911e+27 1.01441e+44 6.45259e+26 4.88800e+43 5.58811e+26 4.23313e+43 3.22804e+26 2.44532e+43 4.61147e+25 3.49330e+42 
8.40665e+16 8.03996e+26 6.75891e+43 3.91590e+26 3.29196e+43 3.39127e+26 2.85092e+43 1.95844e+26 1.64639e+43 2.20529e+25 1.85391e+42 
9.32930e+16 4.90714e+26 4.57802e+43 2.41245e+26 2.25065e+43 2.08924e+26 1.94912e+43 1.20634e+26 1.12543e+43 1.02416e+25 9.55468e+41 
1.03532e+17 3.03447e+26 3.14165e+43 1.50210e+26 1.55516e+43 1.30086e+26 1.34680e+43 7.51070e+25 7.77600e+42 4.78939e+24 4.95856e+41 
1.14895e+17 1.86171e+26 2.13901e+43 9.25505e+25 1.06336e+43 8.01511e+25 9.20897e+42 4.62755e+25 5.31683e+42 2.33481e+24 2.68258e+41 
1.27505e+17 1.10024e+26 1.40286e+43 5.48191e+25 6.98972e+42 4.74748e+25 6.05328e+42 2.74096e+25 3.49486e+42 1.19143e+24 1.51913e+41 
1.41499e+17 6.08806e+25 8.61456e+42 3.03650e+25 4.29663e+42 2.62969e+25 3.72099e+42 1.51825e+25 2.14831e+42 6.14084e+23 8.68923e+40 
1.57029e+17 3.08200e+25 4.83963e+42 1.53781e+25 2.41480e+42 1.33178e+25 2.09128e+42 7.68903e+24 1.20740e+42 3.03666e+23 4.76844e+40 
1.74263e+17 1.40136e+25 2.44206e+42 6.99310e+24 1.21864e+42 6.05620e+24 1.05537e+42 3.49655e+24 6.09321e+41 1.37960e+23 2.40414e+40 
1.93389e+17 5.63456e+24 1.08966e+42 2.81177e+24 5.43765e+41 2.43506e+24 4.70914e+41 1.40588e+24 2.71883e+41 5.58759e+22 1.08058e+40 
2.14614e+17 1.97439e+24 4.23733e+41 9.85231e+23 2.11445e+41 8.53235e+23 1.83116e+41 4.92616e+23 1.05722e+41 1.97504e+22 4.23872e+39 
2.38169e+17 5.94108e+23 1.41498e+41 2.96451e+23 7.06054e+40 2.56734e+23 6.11461e+40 1.48226e+23 3.53027e+40 5.98822e+21 1.42621e+39 
2.64308e+17 1.51124e+23 3.99434e+40 7.54064e+22 1.99305e+40 6.53039e+22 1.72604e+40 3.77032e+22 9.96527e+39 1.53203e+21 4.04927e+38 
2.93317e+17 3.19447e+22 9.36990e+39 1.59390e+22 4.67518e+39 1.38036e+22 4.04883e+39 7.96951e+21 2.33759e+39 3.25126e+20 9.53649e+37 
3.25509e+17 5.50623e+21 1.79233e+39 2.74733e+21 8.94281e+38 2.37926e+21 7.74470e+38 1.37367e+21 4.47140e+38 5.61775e+19 1.82863e+37 
3.61234e+17 7.57936e+20 2.73792e+38 3.78169e+20 1.36607e+38 3.27504e+20 1.18306e+38 1.89084e+20 6.83037e+37 7.74192e+18 2.79665e+36 
4.00881e+17 8.14137e+19 3.26372e+37 4.06208e+19 1.62841e+37 3.51787e+19 1.41024e+37 2.03104e+19 8.14205e+36 8.31733e+17 3.33426e+35 
4.44878e+17 6.65191e+18 2.95929e+36 3.31893e+18 1.47652e+36 2.87428e+18 1.27870e+36 1.65947e+18 7.38260e+35 6.79138e+16 3.02134e+34 
4.93705e+17 4.01885e+17 1.98413e+35 2.00519e+17 9.89972e+34 1.73654e+17 8.57341e+34 1.00259e+17 4.94986e+34 4.09796e+15 2.02318e+33 
5.47890e+17 1.74013e+16 9.53401e+33 8.68237e+15 4.75699e+33 7.51916e+15 4.11967e+33 4.34119e+15 2.37849e+33 1.77132e+14 9.70487e+31 
6.08022e+17 5.21625e+14 3.17160e+32 2.60266e+14 1.58248e+32 2.25397e+14 1.37047e+32 1.30133e+14 7.91239e+31 5.29871e+12 3.22173e+30 
6.74754e+17 1.04180e+13 7.02956e+30 5.19812e+12 3.50746e+30 4.50171e+12 3.03755e+30 2.59906e+12 1.75373e+30 1.05582e+11 7.12421e+28 
7.48810e+17 1.32858e+11 9.94858e+28 6.62915e+10 4.96397e+28 5.74101e+10 4.29893e+28 3.31457e+10 2.48199e+28 1.34319e+09 1.00579e+27 
8.30994e+17 1.03195e+09 8.57544e+26 5.14910e+08 4.27887e+26 4.45925e+08 3.70561e+26 2.57455e+08 2.13944e+26 1.04070e+07 8.64815e+24 
9.22198e+17 4.63170e+06 4.27134e+24 2.31109e+06 2.13129e+24 2.00147e+06 1.84575e+24 1.15555e+06 1.06564e+24 4.65952e+04 4.29700e+22 
1.02341e+18 1.13275e+04 1.15927e+22 5.65219e+03 5.78452e+21 4.89494e+03 5.00954e+21 2.82610e+03 2.89226e+21 1.13688e+02 1.16349e+20 
1.13573e+18 1.41363e+01 1.60551e+19 7.05379e+00 8.01122e+18 6.10876e+00 6.93792e+18 3.52689e+00 4.00561e+18 1.41567e-01 1.60782e+17 
1.26038e+18 8.36444e-03 1.05424e+16 4.17374e-03 5.26052e+15 3.61457e-03 4.55574e+15 2.08687e-03 2.63026e+15 8.35978e-05 1.05365e+14 
1.39871e+18 2.16129e-06 3.02303e+12 1.07846e-06 1.50846e+12 9.33978e-07 1.30637e+12 5.39232e-07 7.54231e+11 2.15629e-08 3.01603e+10 
1.55223e+18 2.22439e-10 3.45275e+08 1.10996e-10 1.72290e+08 9.61249e-11 1.49208e+08 5.54978e-11 8.61450e+07 2.21589e-12 3.43956e+06 
1.72259e+18 8.22821e-15 1.41738e+04 4.10585e-15 7.07267e+03 3.55577e-15 6.12512e+03 2.05292e-15 3.53634e+03 8.18647e-17 1.41019e+02 
1.91164e+18 9.75601e-20 1.86500e-01 4.86823e-20 9.30632e-02 4.21601e-20 8.05951e-02 2.43412e-20 4.65316e-02 9.69667e-22 1.85366e-03 
2.12145e+18 3.26443e-25 6.92533e-07 1.62895e-25 3.45574e-07 1.41071e-25 2.99276e-07 8.14475e-26 1.72787e-07 3.24200e-27 6.87775e-09 
2.35429e+18 2.67616e-31 6.30045e-13 1.33541e-31 3.14393e-13 1.15650e-31 2.72273e-13 6.67704e-32 1.57197e-13 2.65617e-33 6.25339e-15 
2.61268e+18 4.59514e-38 1.20056e-19 2.29298e-38 5.99082e-20 1.98578e-38 5.18820e-20 1.14649e-38 2.99541e-20 4.55880e-40 1.19107e-21 
2.89942e+18 1.38902e-45 4.02737e-27 6.93127e-46 2.00967e-27 6.00265e-46 1.74042e-27 3.46563e-46 1.00483e-27 1.37761e-47 3.99426e-29 
3.21764e+18 6.09743e-54 1.96193e-35 3.04264e-54 9.79011e-36 2.63500e-54 8.47848e-36 1.52132e-54 4.89506e-36 6.04602e-56 1.94539e-37 
3.57079e+18 3.14040e-63 1.12137e-44 1.56707e-63 5.59567e-45 1.35712e-63 4.84599e-45 7.83534e-64 2.79783e-45 3.11348e-65 1.11176e-46 
3.96269e+18 1.49823e-73 5.93702e-55 7.47623e-74 2.96260e-55 6.47460e-74 2.56568e-55 3.73811e-74 1.48130e-55 1.48526e-75 5.88563e-57 
4.39760e+18 5.09510e-85 2.24062e-66 2.54247e-85 1.11808e-66 2.20185e-85 9.68285e-67 1.27124e-85 5.59040e-67 5.05074e-87 2.22112e-68 
4.88025e+18 9.23749e-98 4.50813e-79 4.60954e-98 2.24957e-79 3.99198e-98 1.94819e-79 2.30477e-98 1.12479e-79 9.15682e-100 4.46876e-81 
5.41587e+18 6.46956e-112 3.50383e-93 3.22833e-112 1.74842e-93 2.79582e-112 1.51418e-93 1.61417e-112 8.74212e-94 6.41296e-114 3.47318e-95 
6.01028e+18 1.22438e-127 7.35886e-109 6.10970e-128 3.67210e-109 5.29116e-128 3.18013e-109 3.05485e-128 1.83605e-109 1.21366e-129 7.29443e-111 
6.66992e+18 4.21205e-145 2.80940e-126 2.10183e-145 1.40190e-126 1.82024e-145 1.21408e-126 1.05091e-145 7.00952e-127 4.17516e-147 2.78480e-128 
7.40196e+18 1.69650e-164 1.25574e-145 8.46559e-165 6.26619e-146 7.33141e-165 5.42668e-146 4.23279e-165 3.13310e-146 1.68164e-166 1.24474e-147 
8.21434e+18 4.91010e-186 4.03332e-167 2.45016e-186 2.01264e-167 2.12190e-186 1.74300e-167 1.22508e-186 1.00632e-167 4.86709e-188 3.99799e-169 
9.11589e+18 4.30817e-203 3.92728e-184 5.64090e-204 5.14218e-185 6.12738e-204 5.58565e-185 7.24349e-204 6.60308e-185 6.53212e-204 5.95461e-185 
1.01164e+19 3.97853e-211 4.02483e-192 5.21006e-212 5.27069e-193 5.65898e-212 5.72484e-193 6.68941e-212 6.76727e-193 6.03225e-212 6.10246e-193 
1.12267e+19 4.68796e-220 5.26302e-201 6.13990e-221 6.89306e-202 6.66851e-221 7.48652e-202 7.88241e-221 8.84932e-202 7.10783e-221 7.97973e-202 
1.24588e+19 5.62133e-230 7.00352e-211 7.36316e-231 9.17364e-212 7.99666e-231 9.96291e-212 9.45195e-231 1.17760e-211 8.52292e-231 1.06186e-211 
1.38262e+19 5.33561e-241 7.37713e-222 6.98954e-242 9.66389e-223 7.59056e-242 1.04949e-222 8.97166e-242 1.24044e-222 8.08966e-242 1.11849e-222 
1.53437e+19 3.03299e-253 4.65372e-234 3.97343e-254 6.09671e-235 4.31496e-254 6.62073e-235 5.09993e-254 7.82518e-235 4.59848e-254 7.05577e-235 
1.70277e+19 7.57539e-267 1.28991e-247 9.92483e-268 1.68997e-248 1.07776e-267 1.83518e-248 1.27380e-267 2.16899e-248 1.14854e-267 1.95570e-248 
1.88965e+19 5.89536e-282 1.11402e-262 7.72405e-283 1.45958e-263 8.38758e-283 1.58496e-263 9.91313e-283 1.87324e-263 8.93824e-283 1.68902e-263 
2.09705e+19 9.76191e-299 2.04712e-279 1.27903e-299 2.68218e-280 1.38889e-299 2.91256e-280 1.64149e-299 3.44227e-280 1.48005e-299 3.10373e-280 
2.32720e+19 2.25255e-317 5.24213e-298 2.95139e-318 6.86847e-299 3.20486e-318 7.45835e-299 3.78771e-318 8.81477e-299 3.41518e-318 7.94782e-299 
2.58262e+19 0.00000e+00 0.00000e+00 0.00000e+00 0.00000e+00 0.00000e+00 0.00000e+00 0.00000e+00 0.00000e+00 0.00000e+00 0.00000e+00 
2.86607e+19 0.00000e+00 0.00000e+00 0.00000e+00 0.00000e+00 0.00000e+00 0.00000e+00 0.00000e+00 0.00000e+00 0.00000e+00 0.00000e+00 
3.18063e+19 0.00000e+00 0.00000e+00 0.00000e+00 0.00000e+00 0.00000e+00 0.00000e+00 0.00000e+00 0.00000e+00 0.00000e+00 0.00000e+00 
3.52971e+19 0.00000e+00 0.00000e+00 0.00000e+00 0.00000e+00 0.00000e+00 0.00000e+00 0.00000e+00 0.00000e+00 0.00000e+00 0.00000e+00 
3.91710e+19 0.00000e+00 0.00000e+00 0.00000e+00 0.00000e+00 0.00000e+00 0.00000e+00 0.00000e+00 0.00000e+00 0.00000e+00 0.00000e+00 
4.34701e+19 0.00000e+00 0.00000e+00 0.00000e+00 0.00000e+00 0.00000e+00 0.00000e+00 0.00000e+00 0.00000e+00 0.00000e+00 0.00000e+00 
4.82411e+19 0.00000e+00 0.00000e+00 0.00000e+00 0.00000e+00 0.00000e+00 0.00000e+00 0.00000e+00 0.00000e+00 0.00000e+00 0.00000e+00 
5.35357e+19 0.00000e+00 0.00000e+00 0.00000e+00 0.00000e+00 0.00000e+00 0.00000e+00 0.00000e+00 0.00000e+00 0.00000e+00 0.00000e+00 
5.94113e+19 0.00000e+00 0.00000e+00 0.00000e+00 0.00000e+00 0.00000e+00 0.00000e+00 0.00000e+00 0.00000e+00 0.00000e+00 0.00000e+00 
6.59319e+19 0.00000e+00 0.00000e+00 0.00000e+00 0.00000e+00 0.00000e+00 0.00000e+00 0.00000e+00 0.00000e+00 0.00000e+00 0.00000e+00 
7.31681e+19 0.00000e+00 0.00000e+00 0.00000e+00 0.00000e+00 0.00000e+00 0.00000e+00 0.00000e+00 0.00000e+00 0.00000e+00 0.00000e+00 
8.11984e+19 0.00000e+00 0.00000e+00 0.00000e+00 0.00000e+00 0.00000e+00 0.00000e+00 0.00000e+00 0.00000e+00 0.00000e+00 0.00000e+00 
9.01102e+19 0.00000e+00 0.00000e+00 0.00000e+00 0.00000e+00 0.00000e+00 0.00000e+00 0.00000e+00 0.00000e+00 0.00000e+00 0.00000e+00 
1.00000e+20 0.00000e+00 0.00000e+00 0.00000e+00 0.00000e+00 0.00000e+00 0.00000e+00 0.00000e+00 0.00000e+00 0.00000e+00 0.00000e+00 
