1.00000e+11 1.00239e+21 1.00239e+32 8.72783e+19 8.72783e+30 1.66967e+20 1.66967e+31 2.59438e+20 2.59438e+31 3.00037e+20 3.00037e+31 
1.10975e+11 1.23448e+21 1.36997e+32 1.07487e+20 1.19284e+31 2.05627e+20 2.28195e+31 3.19509e+20 3.54576e+31 3.69508e+20 4.10062e+31 
1.23155e+11 1.52031e+21 1.87234e+32 1.32375e+20 1.63027e+31 2.53238e+20 3.11875e+31 3.93487e+20 4.84599e+31 4.55063e+20 5.60433e+31 
1.36672e+11 1.87232e+21 2.55892e+32 1.63026e+20 2.22811e+31 3.11872e+20 4.26240e+31 4.84594e+20 6.62302e+31 5.60427e+20 7.65944e+31 
1.51672e+11 2.30582e+21 3.49728e+32 2.00774e+20 3.04517e+31 3.84082e+20 5.82543e+31 5.96794e+20 9.05168e+31 6.90185e+20 1.04681e+32 
1.68318e+11 2.83970e+21 4.77972e+32 2.47262e+20 4.16186e+31 4.73010e+20 7.96162e+31 7.34972e+20 1.23709e+32 8.49985e+20 1.43068e+32 
1.86791e+11 3.49718e+21 6.53243e+32 3.04513e+20 5.68805e+31 5.82528e+20 1.08811e+32 9.05142e+20 1.69073e+32 1.04678e+21 1.95530e+32 
2.07292e+11 4.30688e+21 8.92782e+32 3.75021e+20 7.77389e+31 7.17402e+20 1.48712e+32 1.11471e+21 2.31070e+32 1.28914e+21 2.67230e+32 
2.30043e+11 5.30404e+21 1.22016e+33 4.61853e+20 1.06246e+32 8.83502e+20 2.03244e+32 1.37279e+21 3.15802e+32 1.58762e+21 3.65220e+32 
2.55291e+11 6.53206e+21 1.66757e+33 5.68791e+20 1.45207e+32 1.08806e+21 2.77771e+32 1.69063e+21 4.31602e+32 1.95519e+21 4.99141e+32 
2.83310e+11 8.04437e+21 2.27905e+33 7.00487e+20 1.98455e+32 1.33997e+21 3.79626e+32 2.08205e+21 5.89864e+32 2.40785e+21 6.82168e+32 
3.14404e+11 9.90679e+21 3.11473e+33 8.62676e+20 2.71228e+32 1.65020e+21 5.18830e+32 2.56408e+21 8.06156e+32 2.96531e+21 9.32305e+32 
3.48910e+11 1.22004e+22 4.25683e+33 1.06242e+21 3.70688e+32 2.03226e+21 7.09075e+32 3.15770e+21 1.10175e+33 3.65183e+21 1.27416e+33 
3.87204e+11 1.50249e+22 5.81770e+33 1.30840e+21 5.06618e+32 2.50276e+21 9.69077e+32 3.88875e+21 1.50574e+33 4.49726e+21 1.74136e+33 
4.29700e+11 1.85033e+22 7.95086e+33 1.61134e+21 6.92393e+32 3.08217e+21 1.32441e+33 4.78902e+21 2.05784e+33 5.53841e+21 2.37986e+33 
4.76861e+11 2.27868e+22 1.08661e+34 1.98441e+21 9.46289e+32 3.79572e+21 1.81003e+33 5.89769e+21 2.81238e+33 6.82055e+21 3.25246e+33 
5.29198e+11 2.80619e+22 1.48503e+34 2.44386e+21 1.29328e+33 4.67444e+21 2.47371e+33 7.26298e+21 3.84356e+33 8.39948e+21 4.44499e+33 
5.87279e+11 3.45580e+22 2.02952e+34 3.00967e+21 1.76752e+33 5.75657e+21 3.38071e+33 8.94430e+21 5.25280e+33 1.03439e+22 6.07473e+33 
6.51734e+11 4.25576e+22 2.77362e+34 3.70648e+21 2.41564e+33 7.08917e+21 4.62025e+33 1.10148e+22 7.17870e+33 1.27383e+22 8.30198e+33 
7.23263e+11 5.24088e+22 3.79053e+34 4.56460e+21 3.30141e+33 8.73021e+21 6.31424e+33 1.35644e+22 9.81066e+33 1.56869e+22 1.13458e+34 
8.02643e+11 6.45398e+22 5.18024e+34 5.62137e+21 4.51196e+33 1.07511e+22 8.62927e+33 1.67042e+22 1.34075e+34 1.93179e+22 1.55054e+34 
8.90735e+11 7.94782e+22 7.07941e+34 6.92279e+21 6.16637e+33 1.32396e+22 1.17930e+34 2.05705e+22 1.83229e+34 2.37892e+22 2.11899e+34 
9.88496e+11 9.78735e+22 9.67475e+34 8.52547e+21 8.42739e+33 1.63041e+22 1.61165e+34 2.53316e+22 2.50402e+34 2.92951e+22 2.89581e+34 
1.09699e+12 1.20525e+23 1.32215e+35 1.04991e+22 1.15174e+34 2.00777e+22 2.20249e+34 3.11943e+22 3.42197e+34 3.60751e+22 3.95738e+34 
1.21738e+12 1.48418e+23 1.80682e+35 1.29297e+22 1.57403e+34 2.47245e+22 3.00992e+34 3.84135e+22 4.67640e+34 4.44237e+22 5.40807e+34 
1.35099e+12 1.82764e+23 2.46913e+35 1.59228e+22 2.15116e+34 3.04465e+22 4.11330e+34 4.73029e+22 6.39059e+34 5.47038e+22 7.39045e+34 
1.49927e+12 2.25056e+23 3.37419e+35 1.96087e+22 2.93987e+34 3.74922e+22 5.62109e+34 5.82487e+22 8.73305e+34 6.73620e+22 1.00994e+35 
1.66382e+12 2.77130e+23 4.61093e+35 2.41476e+22 4.01773e+34 4.61680e+22 7.68151e+34 7.17264e+22 1.19340e+35 8.29480e+22 1.38010e+35 
1.84642e+12 3.41248e+23 6.30088e+35 2.97371e+22 5.49073e+34 5.68506e+22 1.04970e+35 8.83213e+22 1.63079e+35 1.02139e+23 1.88591e+35 
2.04907e+12 4.20193e+23 8.61007e+35 3.66201e+22 7.50373e+34 7.00039e+22 1.43443e+35 1.08754e+23 2.22845e+35 1.25767e+23 2.57706e+35 
2.27397e+12 5.17392e+23 1.17653e+36 4.50959e+22 1.02547e+35 8.61990e+22 1.96014e+35 1.33911e+23 3.04508e+35 1.54859e+23 3.52144e+35 
2.52354e+12 6.37063e+23 1.60765e+36 5.55329e+22 1.40139e+35 1.06139e+23 2.67846e+35 1.64883e+23 4.16090e+35 1.90676e+23 4.81178e+35 
2.80050e+12 7.84395e+23 2.19670e+36 6.83848e+22 1.91512e+35 1.30689e+23 3.65994e+35 2.03015e+23 5.68545e+35 2.34771e+23 6.57478e+35 
3.10787e+12 9.65776e+23 3.00150e+36 8.42101e+22 2.61714e+35 1.60913e+23 5.00097e+35 2.49960e+23 7.76841e+35 2.89057e+23 8.98350e+35 
3.44896e+12 1.18906e+24 4.10104e+36 1.03696e+23 3.57645e+35 1.98123e+23 6.83318e+35 3.07750e+23 1.06142e+36 3.55884e+23 1.22743e+36 
3.82749e+12 1.46393e+24 5.60320e+36 1.27690e+23 4.88733e+35 2.43930e+23 9.33641e+35 3.78891e+23 1.45020e+36 4.38147e+23 1.67701e+36 
4.24757e+12 1.80228e+24 7.65531e+36 1.57233e+23 6.67860e+35 3.00319e+23 1.27563e+36 4.66459e+23 1.98132e+36 5.39407e+23 2.29117e+36 
4.71375e+12 2.21874e+24 1.04586e+37 1.93609e+23 9.12623e+35 3.69731e+23 1.74282e+36 5.74245e+23 2.70685e+36 6.64042e+23 3.13013e+36 
5.23110e+12 2.73132e+24 1.42878e+37 2.38395e+23 1.24707e+36 4.55168e+23 2.38103e+36 7.06907e+23 3.69790e+36 8.17440e+23 4.27611e+36 
5.80523e+12 3.36215e+24 1.95181e+37 2.93535e+23 1.70404e+36 5.60325e+23 3.25282e+36 8.70175e+23 5.05156e+36 1.00622e+24 5.84136e+36 
6.44236e+12 4.13847e+24 2.66616e+37 3.61421e+23 2.32840e+36 6.89745e+23 4.44359e+36 1.07110e+24 6.90038e+36 1.23854e+24 7.97913e+36 
7.14943e+12 5.09375e+24 3.64174e+37 4.44996e+23 3.18146e+36 8.49012e+23 6.06995e+36 1.31833e+24 9.42531e+36 1.52440e+24 1.08986e+37 
7.93410e+12 6.26913e+24 4.97399e+37 5.47881e+23 4.34694e+36 1.04500e+24 8.29110e+36 1.62253e+24 1.28733e+37 1.87612e+24 1.48853e+37 
8.80488e+12 7.71517e+24 6.79312e+37 6.74533e+23 5.93919e+36 1.28614e+24 1.13243e+37 1.99677e+24 1.75814e+37 2.30882e+24 2.03289e+37 
9.77124e+12 9.49400e+24 9.27682e+37 8.30435e+23 8.11438e+36 1.58281e+24 1.54661e+37 2.45715e+24 2.40094e+37 2.84107e+24 2.77608e+37 
1.08437e+13 1.16819e+25 1.26675e+38 1.02233e+24 1.10858e+37 1.94777e+24 2.11210e+37 3.02340e+24 3.27847e+37 3.49572e+24 3.79064e+37 
1.20338e+13 1.43727e+25 1.72958e+38 1.25852e+24 1.51447e+37 2.39668e+24 2.88411e+37 3.71977e+24 4.47629e+37 4.30077e+24 5.17545e+37 
1.33545e+13 1.76813e+25 2.36125e+38 1.54920e+24 2.06888e+37 2.94875e+24 3.93791e+37 4.57604e+24 6.11108e+37 5.29063e+24 7.06538e+37 
1.48202e+13 2.17489e+25 3.22324e+38 1.90691e+24 2.82609e+37 3.62761e+24 5.37619e+37 5.62874e+24 8.34191e+37 6.50751e+24 9.64427e+37 
1.64468e+13 2.67488e+25 4.39930e+38 2.34710e+24 3.86021e+37 4.46222e+24 7.33891e+37 6.92267e+24 1.13856e+38 8.00318e+24 1.31626e+38 
1.82518e+13 3.28931e+25 6.00360e+38 2.88870e+24 5.27242e+37 5.48813e+24 1.00168e+38 8.51279e+24 1.55374e+38 9.84110e+24 1.79618e+38 
2.02550e+13 4.04422e+25 8.19157e+38 3.55504e+24 7.20074e+37 6.74892e+24 1.36700e+38 1.04664e+25 2.11998e+38 1.20990e+25 2.45066e+38 
2.24781e+13 4.97147e+25 1.11749e+39 4.37473e+24 9.83355e+37 8.29801e+24 1.86523e+38 1.28660e+25 2.89203e+38 1.48723e+25 3.34299e+38 
2.49451e+13 6.11009e+25 1.52417e+39 5.38295e+24 1.34278e+38 1.02008e+25 2.54460e+38 1.58126e+25 3.94446e+38 1.82773e+25 4.55928e+38 
2.76829e+13 7.50779e+25 2.07837e+39 6.62289e+24 1.83341e+38 1.25375e+25 3.47073e+38 1.94295e+25 5.37865e+38 2.24567e+25 6.21665e+38 
3.07211e+13 9.22291e+25 2.83338e+39 8.14756e+24 2.50302e+38 1.54059e+25 4.73287e+38 2.38678e+25 7.33246e+38 2.75846e+25 8.47431e+38 
3.40929e+13 1.13267e+26 3.86160e+39 1.00220e+25 3.41680e+38 1.89260e+25 6.45241e+38 2.93118e+25 9.99322e+38 3.38739e+25 1.15486e+39 
3.78346e+13 1.39061e+26 5.26132e+39 1.23261e+25 4.66354e+38 2.32440e+25 8.79428e+38 3.59863e+25 1.36153e+39 4.15839e+25 1.57331e+39 
4.19871e+13 1.70671e+26 7.16596e+39 1.51577e+25 6.36427e+38 2.85385e+25 1.19825e+39 4.41655e+25 1.85438e+39 5.10307e+25 2.14263e+39 
4.65953e+13 2.09386e+26 9.75639e+39 1.86367e+25 8.68380e+38 3.50273e+25 1.63211e+39 5.41830e+25 2.52467e+39 6.25991e+25 2.91682e+39 
5.17092e+13 2.56775e+26 1.32776e+40 2.29100e+25 1.18466e+39 4.29753e+25 2.22222e+39 6.64445e+25 3.43579e+39 7.67566e+25 3.96902e+39 
5.73844e+13 3.14743e+26 1.80613e+40 2.81575e+25 1.61580e+39 5.27050e+25 3.02445e+39 8.14426e+25 4.67353e+39 9.40706e+25 5.39819e+39 
6.36825e+13 3.85597e+26 2.45558e+40 3.45991e+25 2.20336e+39 6.46078e+25 4.11439e+39 9.97739e+25 6.35385e+39 1.15228e+26 7.33804e+39 
7.06718e+13 4.72130e+26 3.33663e+40 4.25038e+25 3.00382e+39 7.91584e+25 5.59427e+39 1.22161e+26 8.63332e+39 1.41061e+26 9.96904e+39 
7.84282e+13 5.77712e+26 4.53090e+40 5.22001e+25 4.09396e+39 9.69311e+25 7.60214e+39 1.49474e+26 1.17230e+40 1.72571e+26 1.35345e+40 
8.70359e+13 7.06406e+26 6.14826e+40 6.40885e+25 5.57801e+39 1.18620e+26 1.03242e+40 1.82765e+26 1.59071e+40 2.10965e+26 1.83616e+40 
9.65883e+13 8.63088e+26 8.33642e+40 7.86577e+25 7.59742e+39 1.45061e+26 1.40112e+40 2.23293e+26 2.15675e+40 2.57692e+26 2.48901e+40 
1.07189e+14 1.05360e+27 1.12935e+41 9.65023e+25 1.03440e+40 1.77259e+26 1.90002e+40 2.72568e+26 2.92163e+40 3.14485e+26 3.37094e+40 
1.18953e+14 1.28493e+27 1.52847e+41 1.18345e+26 1.40776e+40 2.16418e+26 2.57437e+40 3.32394e+26 3.95394e+40 3.83410e+26 4.56079e+40 
1.32009e+14 1.56536e+27 2.06642e+41 1.45064e+26 1.91497e+40 2.63979e+26 3.48476e+40 4.04913e+26 5.34521e+40 4.66923e+26 6.16380e+40 
1.46497e+14 1.90474e+27 2.79038e+41 1.77723e+26 2.60359e+40 3.21655e+26 4.71215e+40 4.92665e+26 7.21739e+40 5.67928e+26 8.31998e+40 
1.62576e+14 2.31464e+27 3.76303e+41 2.17607e+26 3.53777e+40 3.91478e+26 6.36447e+40 5.98638e+26 9.73240e+40 6.89840e+26 1.12151e+41 
1.80419e+14 2.80865e+27 5.06732e+41 2.66272e+26 4.80404e+40 4.75846e+26 8.58516e+40 7.26340e+26 1.31045e+41 8.36657e+26 1.50949e+41 
2.00220e+14 3.40260e+27 6.81270e+41 3.25585e+26 6.51887e+40 5.77578e+26 1.15643e+41 8.79851e+26 1.76164e+41 1.01303e+27 2.02828e+41 
2.22195e+14 4.11483e+27 9.14293e+41 3.97794e+26 8.83876e+40 6.99963e+26 1.55528e+41 1.06389e+27 2.36392e+41 1.22431e+27 2.72035e+41 
2.46581e+14 4.96635e+27 1.22461e+42 4.85585e+26 1.19736e+41 8.46817e+26 2.08809e+41 1.28388e+27 3.16581e+41 1.47664e+27 3.64111e+41 
2.73644e+14 5.98110e+27 1.63669e+42 5.92167e+26 1.62043e+41 1.02254e+27 2.79811e+41 1.54597e+27 4.23046e+41 1.77697e+27 4.86256e+41 
3.03677e+14 7.18602e+27 2.18223e+42 7.21348e+26 2.19057e+41 1.23214e+27 3.74173e+41 1.85709e+27 5.63955e+41 2.13308e+27 6.47767e+41 
3.37006e+14 8.61109e+27 2.90199e+42 8.77634e+26 2.95768e+41 1.48131e+27 4.99212e+41 2.22492e+27 7.49811e+41 2.55359e+27 8.60576e+41 
3.73994e+14 1.02892e+28 3.84811e+42 1.06633e+27 3.98799e+41 1.77642e+27 6.64369e+41 2.65788e+27 9.94032e+41 3.04788e+27 1.13989e+42 
4.15040e+14 1.22561e+28 5.08676e+42 1.29362e+27 5.36904e+41 2.12450e+27 8.81753e+41 3.16507e+27 1.31363e+42 3.62602e+27 1.50494e+42 
4.60592e+14 1.45493e+28 6.70131e+42 1.56671e+27 7.21613e+41 2.53325e+27 1.16680e+42 3.75610e+27 1.73003e+42 4.29855e+27 1.97988e+42 
5.11143e+14 1.72084e+28 8.79598e+42 1.89387e+27 9.68037e+41 3.01097e+27 1.53904e+42 4.44093e+27 2.26995e+42 5.07631e+27 2.59472e+42 
5.67243e+14 2.02734e+28 1.14999e+43 2.28453e+27 1.29589e+42 3.56643e+27 2.02303e+42 5.22961e+27 2.96646e+42 5.97010e+27 3.38649e+42 
6.29499e+14 2.37839e+28 1.49720e+43 2.74934e+27 1.73070e+42 4.20878e+27 2.64942e+42 6.13204e+27 3.86011e+42 6.99037e+27 4.40043e+42 
6.98588e+14 2.77783e+28 1.94056e+43 3.30007e+27 2.30539e+42 4.94735e+27 3.45616e+42 7.15759e+27 5.00021e+42 8.14685e+27 5.69129e+42 
7.75260e+14 3.22920e+28 2.50347e+43 3.94959e+27 3.06196e+42 5.79145e+27 4.48988e+42 8.31479e+27 6.44612e+42 9.44812e+27 7.32474e+42 
8.60346e+14 3.73566e+28 3.21397e+43 4.71163e+27 4.05363e+42 6.75009e+27 5.80742e+42 9.61100e+27 8.26879e+42 1.09013e+28 9.37891e+42 
9.54772e+14 4.29989e+28 4.10541e+43 5.60038e+27 5.34708e+42 7.83174e+27 7.47752e+42 1.10520e+28 1.05522e+43 1.25118e+28 1.19459e+43 
1.05956e+15 4.92387e+28 5.21714e+43 6.62996e+27 7.02484e+42 9.04385e+27 9.58250e+42 1.26418e+28 1.33948e+43 1.42826e+28 1.51333e+43 
1.17585e+15 5.60873e+28 6.59502e+43 7.81361e+27 9.18763e+42 1.03924e+28 1.22198e+43 1.43817e+28 1.69107e+43 1.62142e+28 1.90654e+43 
1.30490e+15 6.35437e+28 8.29183e+43 9.16259e+27 1.19563e+43 1.18808e+28 1.55033e+43 1.62698e+28 2.12305e+43 1.83032e+28 2.38838e+43 
1.44812e+15 7.15890e+28 1.03669e+44 1.06847e+28 1.54728e+43 1.35092e+28 1.95630e+43 1.82995e+28 2.64998e+43 2.05410e+28 2.97458e+43 
1.60705e+15 8.01776e+28 1.28850e+44 1.23827e+28 1.98996e+43 1.52725e+28 2.45437e+43 2.04572e+28 3.28758e+43 2.29115e+28 3.68200e+43 
1.78343e+15 8.92258e+28 1.59128e+44 1.42518e+28 2.54172e+43 1.71581e+28 3.06004e+43 2.27199e+28 4.05194e+43 2.53877e+28 4.52772e+43 
1.97917e+15 9.85978e+28 1.95141e+44 1.62778e+28 3.22164e+43 1.91440e+28 3.78892e+43 2.50517e+28 4.95815e+43 2.79279e+28 5.52739e+43 
2.19639e+15 1.08092e+29 2.37411e+44 1.84339e+28 4.04881e+43 2.11958e+28 4.65542e+43 2.74008e+28 6.01827e+43 3.04718e+28 6.69279e+43 
2.43744e+15 1.17429e+29 2.86227e+44 2.06790e+28 5.04040e+43 2.32651e+28 5.67074e+43 2.96971e+28 7.23850e+43 3.29383e+28 8.02852e+43 
2.70496e+15 1.26252e+29 3.41506e+44 2.29551e+28 6.20926e+43 2.52882e+28 6.84035e+43 3.18520e+28 8.61583e+43 3.52242e+28 9.52799e+43 
3.00184e+15 1.34129e+29 4.02633e+44 2.51864e+28 7.56054e+43 2.71869e+28 8.16107e+43 3.37603e+28 1.01343e+44 3.72073e+28 1.11690e+44 
3.33129e+15 1.40576e+29 4.68299e+44 2.72802e+28 9.08783e+43 2.88712e+28 9.61783e+43 3.53057e+28 1.17614e+44 3.87529e+28 1.29097e+44 
3.69691e+15 1.45088e+29 5.36379e+44 2.91295e+28 1.07689e+44 3.02434e+28 1.11807e+44 3.63691e+28 1.34453e+44 3.97232e+28 1.46853e+44 
4.10266e+15 1.47189e+29 6.03868e+44 3.06194e+28 1.25621e+44 3.12063e+28 1.28029e+44 3.68395e+28 1.51140e+44 3.99916e+28 1.64072e+44 
4.55294e+15 1.46486e+29 6.66942e+44 3.16364e+28 1.44039e+44 3.16715e+28 1.44198e+44 3.66279e+28 1.66764e+44 3.94585e+28 1.79652e+44 
5.05263e+15 1.42733e+29 7.21179e+44 3.20811e+28 1.62094e+44 3.15710e+28 1.59517e+44 3.56809e+28 1.80282e+44 3.80684e+28 1.92346e+44 
5.60717e+15 1.35892e+29 7.61972e+44 3.18827e+28 1.78771e+44 3.08679e+28 1.73082e+44 3.39942e+28 1.90611e+44 3.58260e+28 2.00883e+44 
6.22257e+15 1.26178e+29 7.85149e+44 3.10132e+28 1.92982e+44 2.95668e+28 1.83981e+44 3.16218e+28 1.96769e+44 3.28069e+28 2.04143e+44 
6.90551e+15 1.14070e+29 7.87714e+44 2.94982e+28 2.03700e+44 2.77188e+28 1.91413e+44 2.86780e+28 1.98036e+44 2.91596e+28 2.01362e+44 
7.66341e+15 1.00292e+29 7.68583e+44 2.74201e+28 2.10132e+44 2.54221e+28 1.94820e+44 2.53310e+28 1.94122e+44 2.50965e+28 1.92325e+44 
8.50449e+15 8.57313e+28 7.29101e+44 2.49130e+28 2.11872e+44 2.28132e+28 1.94014e+44 2.17857e+28 1.85276e+44 2.08712e+28 1.77499e+44 
9.43788e+15 7.13236e+28 6.73144e+44 2.21467e+28 2.09018e+44 2.00523e+28 1.89251e+44 1.82578e+28 1.72315e+44 1.67458e+28 1.58045e+44 
1.04737e+16 5.79215e+28 6.06653e+44 1.93048e+28 2.02192e+44 1.73028e+28 1.81224e+44 1.49452e+28 1.56532e+44 1.29539e+28 1.35676e+44 
1.16232e+16 4.61691e+28 5.36633e+44 1.65584e+28 1.92461e+44 1.47097e+28 1.70974e+44 1.20011e+28 1.39491e+44 9.66820e+27 1.12376e+44 
1.28989e+16 3.64252e+28 4.69845e+44 1.40435e+28 1.81146e+44 1.23818e+28 1.59712e+44 9.51676e+27 1.22756e+44 6.98084e+27 9.00451e+43 
1.43146e+16 2.87498e+28 4.11541e+44 1.18462e+28 1.69574e+44 1.03810e+28 1.48600e+44 7.51762e+27 1.07612e+44 4.90223e+27 7.01734e+43 
1.58857e+16 2.29533e+28 3.64629e+44 9.99813e+27 1.58827e+44 8.72124e+27 1.38543e+44 5.97226e+27 9.48733e+43 3.37632e+27 5.36350e+43 
1.76291e+16 1.86891e+28 3.29474e+44 8.48274e+27 1.49543e+44 7.37581e+27 1.30029e+44 4.81074e+27 8.48092e+43 2.30656e+27 4.06628e+43 
1.95640e+16 1.55543e+28 3.04305e+44 7.24935e+27 1.41826e+44 6.29082e+27 1.23074e+44 3.94565e+27 7.71927e+43 1.58331e+27 3.09759e+43 
2.17112e+16 1.31730e+28 2.86001e+44 6.23018e+27 1.35265e+44 5.40042e+27 1.17249e+44 3.29047e+27 7.14399e+43 1.10496e+27 2.39901e+43 
2.40940e+16 1.12457e+28 2.70955e+44 5.35678e+27 1.29067e+44 4.64081e+27 1.11816e+44 2.77172e+27 6.67819e+43 7.89576e+26 1.90241e+43 
2.67384e+16 9.56701e+27 2.55807e+44 4.57272e+27 1.22267e+44 3.96061e+27 1.05900e+44 2.33486e+27 6.24305e+43 5.77667e+26 1.54459e+43 
2.96730e+16 8.01941e+27 2.37960e+44 3.84097e+27 1.13973e+44 3.32651e+27 9.87077e+43 1.94511e+27 5.77172e+43 4.29585e+26 1.27471e+43 
3.29297e+16 6.55651e+27 2.15904e+44 3.14593e+27 1.03595e+44 2.72449e+27 8.97165e+43 1.58516e+27 5.21987e+43 3.20789e+26 1.05635e+43 
3.65438e+16 5.18146e+27 1.89351e+44 2.49056e+27 9.10147e+43 2.15690e+27 7.88213e+43 1.25115e+27 4.57220e+43 2.37156e+26 8.66659e+42 
4.05546e+16 3.92562e+27 1.59202e+44 1.89009e+27 7.66519e+43 1.63687e+27 6.63825e+43 9.47787e+26 3.84371e+43 1.71170e+26 6.94173e+42 
4.50056e+16 2.82885e+27 1.27314e+44 1.36403e+27 6.13891e+43 1.18129e+27 5.31645e+43 6.83247e+26 3.07499e+43 1.19082e+26 5.35935e+42 
4.99451e+16 1.92357e+27 9.60728e+43 9.28636e+26 4.63808e+43 8.04222e+26 4.01669e+43 4.64842e+26 2.32166e+43 7.89344e+25 3.94238e+42 
5.54266e+16 1.22407e+27 6.78459e+43 5.91486e+26 3.27841e+43 5.12242e+26 2.83919e+43 2.95951e+26 1.64036e+43 4.93176e+25 2.73351e+42 
6.15099e+16 7.22537e+26 4.44432e+43 3.49377e+26 2.14901e+43 3.02570e+26 1.86110e+43 1.74764e+26 1.07497e+43 2.87385e+25 1.76770e+42 
6.82607e+16 3.91848e+26 2.67478e+43 1.89565e+26 1.29399e+43 1.64168e+26 1.12062e+43 9.48071e+25 6.47160e+42 1.54510e+25 1.05470e+42 
7.57525e+16 1.93218e+26 1.46367e+43 9.35030e+25 7.08309e+42 8.09760e+25 6.13413e+42 4.67584e+25 3.54207e+42 7.57779e+24 5.74037e+41 
8.40665e+16 8.56421e+25 7.19964e+42 4.14523e+25 3.48475e+42 3.58987e+25 3.01788e+42 2.07278e+25 1.74252e+42 3.34916e+24 2.81552e+41 
9.32930e+16 3.36958e+25 3.14358e+42 1.63108e+25 1.52168e+42 1.41255e+25 1.31781e+42 8.15572e+24 7.60872e+41 1.31653e+24 1.22823e+41 
1.03532e+17 1.16054e+25 1.20153e+42 5.61771e+24 5.81614e+41 4.86508e+24 5.03692e+41 2.80891e+24 2.90813e+41 4.53745e+23 4.69772e+40 
1.14895e+17 3.44496e+24 3.95809e+41 1.66743e+24 1.91579e+41 1.44403e+24 1.65912e+41 8.33721e+23 9.57904e+40 1.34975e+23 1.55080e+40 
1.27505e+17 8.65981e+23 1.10417e+41 4.19080e+23 5.34348e+40 3.62934e+23 4.62759e+40 2.09541e+23 2.67175e+40 3.40532e+22 4.34196e+39 
1.41499e+17 1.80656e+23 2.55627e+40 8.74006e+22 1.23671e+40 7.56911e+22 1.07102e+40 4.37003e+22 6.18356e+39 7.14395e+21 1.01086e+39 
1.57029e+17 3.05377e+22 4.79531e+39 1.47669e+22 2.31883e+39 1.27885e+22 2.00817e+39 7.38346e+21 1.15942e+39 1.21804e+21 1.91268e+38 
1.74263e+17 4.06065e+21 7.07623e+38 1.96200e+21 3.41905e+38 1.69914e+21 2.96098e+38 9.81001e+20 1.70952e+38 1.64216e+20 2.86168e+37 
1.93389e+17 4.08137e+20 7.89293e+37 1.96916e+20 3.80814e+37 1.70534e+20 3.29795e+37 9.84580e+19 1.90407e+37 1.69037e+19 3.26898e+36 
2.14614e+17 2.91189e+19 6.24932e+36 1.40074e+19 3.00618e+36 1.21308e+19 2.60343e+36 7.00370e+18 1.50309e+36 1.26355e+18 2.71176e+35 
2.38169e+17 1.28757e+18 3.06660e+35 6.14374e+17 1.46324e+35 5.32063e+17 1.26721e+35 3.07187e+17 7.31622e+34 6.27202e+16 1.49380e+34 
2.64308e+17 1.78854e+16 4.72727e+33 8.00319e+15 2.11531e+33 6.93097e+15 1.83191e+33 4.00159e+15 1.05765e+33 1.59575e+15 4.21770e+32 
2.93317e+17 -1.59212e+15 -4.66997e+32 -8.04789e+14 -2.36058e+32 -6.96968e+14 -2.04432e+32 -4.02395e+14 -1.18029e+32 -1.60994e+13 -4.72223e+30 
3.25509e+17 -1.13037e+14 -3.67946e+31 -5.59343e+13 -1.82071e+31 -4.84405e+13 -1.57678e+31 -2.79672e+13 -9.10356e+30 -2.78660e+12 -9.07062e+29 
3.61234e+17 -3.47536e+12 -1.25542e+30 -1.71097e+12 -6.18061e+29 -1.48174e+12 -5.35257e+29 -8.55485e+11 -3.09031e+29 -9.76551e+10 -3.52764e+28 
4.00881e+17 -5.90808e+10 -2.36844e+28 -2.90263e+10 -1.16361e+28 -2.51375e+10 -1.00772e+28 -1.45132e+10 -5.81805e+27 -1.74284e+09 -6.98671e+26 
4.44878e+17 -5.70008e+08 -2.53584e+26 -2.79766e+08 -1.24462e+26 -2.42284e+08 -1.07787e+26 -1.39883e+08 -6.22309e+25 -1.72035e+07 -7.65347e+24 
4.93705e+17 -3.05052e+06 -1.50606e+24 -1.49645e+06 -7.38805e+23 -1.29596e+06 -6.39824e+23 -7.48226e+05 -3.69403e+23 -9.31872e+04 -4.60070e+22 
5.47890e+17 -8.66508e+03 -4.74751e+21 -4.24947e+03 -2.32824e+21 -3.68015e+03 -2.01632e+21 -2.12474e+03 -1.16412e+21 -2.66624e+02 -1.46081e+20 
6.08022e+17 -1.23303e+01 -7.49708e+18 -6.04577e+00 -3.67596e+18 -5.23579e+00 -3.18348e+18 -3.02288e+00 -1.83798e+18 -3.81482e-01 -2.31950e+17 
6.74754e+17 -8.20194e-03 -5.53430e+15 -4.02087e-03 -2.71310e+15 -3.48218e-03 -2.34961e+15 -2.01044e-03 -1.35655e+15 -2.55224e-04 -1.72214e+14 
7.48810e+17 -2.35368e-06 -1.76246e+12 -1.15359e-06 -8.63824e+11 -9.99042e-07 -7.48093e+11 -5.76797e-07 -4.31912e+11 -7.38298e-08 -5.52845e+10 
8.30994e+17 -2.65768e-10 -2.20852e+08 -1.30213e-10 -1.08206e+08 -1.12768e-10 -9.37095e+07 -6.51066e-11 -5.41032e+07 -8.44332e-12 -7.01635e+06 
9.22198e+17 -1.06325e-14 -9.80524e+03 -5.20627e-15 -4.80121e+03 -4.50876e-15 -4.15797e+03 -2.60313e-15 -2.40060e+03 -3.44899e-16 -3.18065e+02 
1.02341e+18 -1.34257e-19 -1.37401e-01 -6.56788e-20 -6.72165e-02 -5.68795e-20 -5.82112e-02 -3.28394e-20 -3.36082e-02 -4.49077e-21 -4.59590e-03 
1.13573e+18 -4.80311e-25 -5.45505e-07 -2.34784e-25 -2.66652e-07 -2.03329e-25 -2.30927e-07 -1.17392e-25 -1.33326e-07 -1.63676e-26 -1.85892e-08 
1.26038e+18 2.06147e-31 2.59824e-13 1.05176e-31 1.32562e-13 9.10854e-32 1.14802e-13 5.25882e-32 6.62812e-14 -8.33686e-34 -1.05076e-15 
1.39871e+18 1.97614e-35 2.76406e-17 9.81137e-36 1.37233e-17 8.49690e-36 1.18847e-17 4.90569e-36 6.86165e-18 3.68676e-37 5.15672e-19 
1.55223e+18 1.46034e-40 2.26677e-22 7.25122e-41 1.12555e-22 6.27974e-41 9.74757e-23 3.62561e-41 5.62776e-23 2.69190e-42 4.17843e-24 
1.72259e+18 2.82091e-46 4.85926e-28 1.40078e-46 2.41296e-28 1.21311e-46 2.08969e-28 7.00390e-47 1.20648e-28 5.18045e-48 8.92378e-30 
1.91164e+18 1.26441e-52 2.41710e-34 6.27893e-53 1.20031e-34 5.43771e-53 1.03950e-34 3.13946e-53 6.00154e-35 2.31528e-54 4.42600e-36 
2.12145e+18 1.12267e-59 2.38169e-41 5.57528e-60 1.18277e-41 4.82834e-60 1.02431e-41 2.78764e-60 5.91385e-42 2.05028e-61 4.34957e-43 
2.35429e+18 1.65517e-67 3.89674e-49 8.22000e-68 1.93522e-49 7.11873e-68 1.67595e-49 4.11000e-68 9.67611e-50 3.01526e-69 7.09879e-51 
2.61268e+18 3.33135e-76 8.70374e-58 1.65449e-76 4.32264e-58 1.43283e-76 3.74352e-58 8.27244e-77 2.16132e-58 6.05474e-78 1.58191e-59 
2.89942e+18 7.36444e-86 2.13526e-67 3.65760e-86 1.06049e-67 3.16757e-86 9.18413e-68 1.82880e-86 5.30246e-68 1.33562e-87 3.87252e-69 
3.21764e+18 1.40402e-96 4.51762e-78 6.97333e-97 2.24377e-78 6.03908e-97 1.94316e-78 3.48666e-97 1.12188e-78 2.54139e-98 8.17730e-80 
3.57079e+18 1.76364e-108 6.29757e-90 8.75965e-109 3.12788e-90 7.58608e-109 2.70883e-90 4.37982e-109 1.56394e-90 3.18693e-110 1.13798e-91 
3.96269e+18 1.08161e-121 4.28609e-103 5.37226e-122 2.12886e-103 4.65251e-122 1.84365e-103 2.68613e-122 1.06443e-103 1.95174e-123 7.73412e-105 
4.39760e+18 2.31955e-136 1.02005e-117 1.15211e-136 5.06654e-118 9.97760e-137 4.38776e-118 5.76057e-137 2.53327e-118 4.18116e-138 1.83871e-119 
4.88025e+18 1.15962e-152 5.65924e-134 5.75881e-153 2.81044e-134 4.98728e-153 2.43392e-134 2.87941e-153 1.40522e-134 2.12849e-154 1.03876e-135 
5.41587e+18 -1.65047e-169 -8.93875e-151 -8.24360e-170 -4.46463e-151 -7.13917e-170 -3.86648e-151 -4.12180e-170 -2.23231e-151 -1.26263e-171 -6.83826e-153 
6.01028e+18 -1.48878e-186 -8.94795e-168 -7.43365e-187 -4.46783e-168 -6.43773e-187 -3.86925e-168 -3.71682e-187 -2.23391e-168 -1.22578e-188 -7.36730e-170 
6.66992e+18 -1.64295e-205 -1.09583e-186 -8.20345e-206 -5.47163e-187 -7.10439e-206 -4.73857e-187 -4.10172e-206 -2.73582e-187 -1.35247e-207 -9.02087e-189 
7.40196e+18 -1.45801e-226 -1.07921e-207 -7.28003e-227 -5.38865e-208 -6.30469e-227 -4.66671e-208 -3.64002e-227 -2.69433e-208 -1.20005e-228 -8.88275e-210 
8.21434e+18 -6.12434e-250 -5.03074e-231 -3.05796e-250 -2.51192e-231 -2.64827e-250 -2.17538e-231 -1.52898e-250 -1.25596e-231 -5.04040e-252 -4.14036e-233 
9.11589e+18 -6.76305e-276 -6.16512e-257 -3.37688e-276 -3.07833e-257 -2.92447e-276 -2.66591e-257 -1.68844e-276 -1.53916e-257 -5.56584e-278 -5.07376e-259 
1.01164e+19 -1.02254e-304 -1.03444e-285 -5.10570e-305 -5.16512e-286 -4.42166e-305 -4.47312e-286 -2.55285e-305 -2.58256e-286 -8.41513e-307 -8.51307e-288 
1.12267e+19 0.00000e+00 0.00000e+00 0.00000e+00 0.00000e+00 0.00000e+00 0.00000e+00 0.00000e+00 0.00000e+00 0.00000e+00 0.00000e+00 
1.24588e+19 0.00000e+00 0.00000e+00 0.00000e+00 0.00000e+00 0.00000e+00 0.00000e+00 0.00000e+00 0.00000e+00 0.00000e+00 0.00000e+00 
1.38262e+19 0.00000e+00 0.00000e+00 0.00000e+00 0.00000e+00 0.00000e+00 0.00000e+00 0.00000e+00 0.00000e+00 0.00000e+00 0.00000e+00 
1.53437e+19 0.00000e+00 0.00000e+00 0.00000e+00 0.00000e+00 0.00000e+00 0.00000e+00 0.00000e+00 0.00000e+00 0.00000e+00 0.00000e+00 
1.70277e+19 0.00000e+00 0.00000e+00 0.00000e+00 0.00000e+00 0.00000e+00 0.00000e+00 0.00000e+00 0.00000e+00 0.00000e+00 0.00000e+00 
1.88965e+19 0.00000e+00 0.00000e+00 0.00000e+00 0.00000e+00 0.00000e+00 0.00000e+00 0.00000e+00 0.00000e+00 0.00000e+00 0.00000e+00 
2.09705e+19 0.00000e+00 0.00000e+00 0.00000e+00 0.00000e+00 0.00000e+00 0.00000e+00 0.00000e+00 0.00000e+00 0.00000e+00 0.00000e+00 
2.32720e+19 0.00000e+00 0.00000e+00 0.00000e+00 0.00000e+00 0.00000e+00 0.00000e+00 0.00000e+00 0.00000e+00 0.00000e+00 0.00000e+00 
2.58262e+19 0.00000e+00 0.00000e+00 0.00000e+00 0.00000e+00 0.00000e+00 0.00000e+00 0.00000e+00 0.00000e+00 0.00000e+00 0.00000e+00 
2.86607e+19 0.00000e+00 0.00000e+00 0.00000e+00 0.00000e+00 0.00000e+00 0.00000e+00 0.00000e+00 0.00000e+00 0.00000e+00 0.00000e+00 
3.18063e+19 0.00000e+00 0.00000e+00 0.00000e+00 0.00000e+00 0.00000e+00 0.00000e+00 0.00000e+00 0.00000e+00 0.00000e+00 0.00000e+00 
3.52971e+19 0.00000e+00 0.00000e+00 0.00000e+00 0.00000e+00 0.00000e+00 0.00000e+00 0.00000e+00 0.00000e+00 0.00000e+00 0.00000e+00 
3.91710e+19 0.00000e+00 0.00000e+00 0.00000e+00 0.00000e+00 0.00000e+00 0.00000e+00 0.00000e+00 0.00000e+00 0.00000e+00 0.00000e+00 
4.34701e+19 0.00000e+00 0.00000e+00 0.00000e+00 0.00000e+00 0.00000e+00 0.00000e+00 0.00000e+00 0.00000e+00 0.00000e+00 0.00000e+00 
4.82411e+19 0.00000e+00 0.00000e+00 0.00000e+00 0.00000e+00 0.00000e+00 0.00000e+00 0.00000e+00 0.00000e+00 0.00000e+00 0.00000e+00 
5.35357e+19 0.00000e+00 0.00000e+00 0.00000e+00 0.00000e+00 0.00000e+00 0.00000e+00 0.00000e+00 0.00000e+00 0.00000e+00 0.00000e+00 
5.94113e+19 0.00000e+00 0.00000e+00 0.00000e+00 0.00000e+00 0.00000e+00 0.00000e+00 0.00000e+00 0.00000e+00 0.00000e+00 0.00000e+00 
6.59319e+19 0.00000e+00 0.00000e+00 0.00000e+00 0.00000e+00 0.00000e+00 0.00000e+00 0.00000e+00 0.00000e+00 0.00000e+00 0.00000e+00 
7.31681e+19 0.00000e+00 0.00000e+00 0.00000e+00 0.00000e+00 0.00000e+00 0.00000e+00 0.00000e+00 0.00000e+00 0.00000e+00 0.00000e+00 
8.11984e+19 0.00000e+00 0.00000e+00 0.00000e+00 0.00000e+00 0.00000e+00 0.00000e+00 0.00000e+00 0.00000e+00 0.00000e+00 0.00000e+00 
9.01102e+19 0.00000e+00 0.00000e+00 0.00000e+00 0.00000e+00 0.00000e+00 0.00000e+00 0.00000e+00 0.00000e+00 0.00000e+00 0.00000e+00 
1.00000e+20 0.00000e+00 0.00000e+00 0.00000e+00 0.00000e+00 0.00000e+00 0.00000e+00 0.00000e+00 0.00000e+00 0.00000e+00 0.00000e+00 
