1.00000e+11 7.42339e+20 7.42339e+31 1.07020e+20 1.07020e+31 1.42324e+20 1.42324e+31 1.90178e+20 1.90178e+31 2.10888e+20 2.10888e+31 
1.10975e+11 9.14221e+20 1.01456e+32 1.31800e+20 1.46265e+31 1.75279e+20 1.94516e+31 2.34212e+20 2.59917e+31 2.59718e+20 2.88222e+31 
1.23155e+11 1.12590e+21 1.38660e+32 1.62317e+20 1.99902e+31 2.15863e+20 2.65846e+31 2.88442e+20 3.55231e+31 3.19853e+20 3.93915e+31 
1.36672e+11 1.38659e+21 1.89508e+32 1.99901e+20 2.73208e+31 2.65844e+20 3.63334e+31 3.55228e+20 4.85495e+31 3.93911e+20 5.38365e+31 
1.51672e+11 1.70764e+21 2.59001e+32 2.46186e+20 3.73395e+31 3.27398e+20 4.96570e+31 4.37476e+20 6.63528e+31 4.85117e+20 7.35785e+31 
1.68318e+11 2.10302e+21 3.53977e+32 3.03189e+20 5.10322e+31 4.03203e+20 6.78663e+31 5.38768e+20 9.06844e+31 5.97439e+20 1.00560e+32 
1.86791e+11 2.58995e+21 4.83780e+32 3.73390e+20 6.97459e+31 4.96559e+20 9.27530e+31 6.63512e+20 1.23938e+32 7.35767e+20 1.37435e+32 
2.07292e+11 3.18961e+21 6.61182e+32 4.59844e+20 9.53221e+31 6.11531e+20 1.26766e+32 8.17138e+20 1.69386e+32 9.06122e+20 1.87832e+32 
2.30043e+11 3.92811e+21 9.03634e+32 5.66316e+20 1.30277e+32 7.53121e+20 1.73250e+32 1.00633e+21 2.31500e+32 1.11592e+21 2.56709e+32 
2.55291e+11 4.83759e+21 1.23499e+33 6.97439e+20 1.78050e+32 9.27493e+20 2.36780e+32 1.23933e+21 3.16389e+32 1.37429e+21 3.50843e+32 
2.83310e+11 5.95763e+21 1.68785e+33 8.58921e+20 2.43340e+32 1.14224e+21 3.23606e+32 1.52627e+21 4.32406e+32 1.69247e+21 4.79493e+32 
3.14404e+11 7.33697e+21 2.30677e+33 1.05779e+21 3.32573e+32 1.40670e+21 4.42270e+32 1.87964e+21 5.90965e+32 2.08432e+21 6.55318e+32 
3.48910e+11 9.03565e+21 3.15263e+33 1.30270e+21 4.54526e+32 1.73238e+21 6.04446e+32 2.31482e+21 8.07663e+32 2.56689e+21 8.95612e+32 
3.87204e+11 1.11276e+22 4.30864e+33 1.60432e+21 6.21198e+32 2.13347e+21 8.26087e+32 2.85074e+21 1.10382e+33 3.16117e+21 1.22402e+33 
4.29700e+11 1.37038e+22 5.88853e+33 1.97576e+21 8.48986e+32 2.62741e+21 1.12900e+33 3.51073e+21 1.50856e+33 3.89303e+21 1.67284e+33 
4.76861e+11 1.68764e+22 8.04771e+33 2.43320e+21 1.16030e+33 3.23570e+21 1.54298e+33 4.32351e+21 2.06172e+33 4.79431e+21 2.28622e+33 
5.29198e+11 2.07835e+22 1.09986e+34 2.99654e+21 1.58576e+33 3.98481e+21 2.10875e+33 5.32444e+21 2.81768e+33 5.90422e+21 3.12450e+33 
5.87279e+11 2.55949e+22 1.50314e+34 3.69030e+21 2.16724e+33 4.90732e+21 2.88197e+33 6.55707e+21 3.85083e+33 7.27106e+21 4.27014e+33 
6.51734e+11 3.15201e+22 2.05427e+34 4.54467e+21 2.96191e+33 6.04339e+21 3.93868e+33 8.07502e+21 5.26277e+33 8.95429e+21 5.83582e+33 
7.23263e+11 3.88168e+22 2.80748e+34 5.59682e+21 4.04797e+33 7.44243e+21 5.38284e+33 9.94433e+21 7.19237e+33 1.10271e+22 7.97552e+33 
8.02643e+11 4.78025e+22 3.83683e+34 6.89253e+21 5.53224e+33 9.16530e+21 7.35647e+33 1.22463e+22 9.82942e+33 1.35797e+22 1.08997e+34 
8.90735e+11 5.88678e+22 5.24356e+34 8.48817e+21 7.56072e+33 1.12870e+22 1.00537e+34 1.50811e+22 1.34333e+34 1.67231e+22 1.48959e+34 
9.88496e+11 7.24941e+22 7.16601e+34 1.04532e+22 1.03329e+34 1.38997e+22 1.37398e+34 1.85719e+22 1.83583e+34 2.05940e+22 2.03571e+34 
1.09699e+12 8.92739e+22 9.79322e+34 1.28730e+22 1.41215e+34 1.71171e+22 1.87772e+34 2.28706e+22 2.50888e+34 2.53607e+22 2.78204e+34 
1.21738e+12 1.09937e+23 1.33835e+35 1.58529e+22 1.92991e+34 2.10790e+22 2.56613e+34 2.81641e+22 3.42865e+34 3.12305e+22 3.80195e+34 
1.35099e+12 1.35381e+23 1.82899e+35 1.95226e+22 2.63749e+34 2.59579e+22 3.50689e+34 3.46825e+22 4.68558e+34 3.84585e+22 5.19571e+34 
1.49927e+12 1.66713e+23 2.49947e+35 2.40415e+22 3.60447e+34 3.19657e+22 4.79251e+34 4.27091e+22 6.40324e+34 4.73588e+22 7.10036e+34 
1.66382e+12 2.05293e+23 3.41570e+35 2.96062e+22 4.92593e+34 3.93636e+22 6.54938e+34 5.25927e+22 8.75047e+34 5.83183e+22 9.70309e+34 
1.84642e+12 2.52799e+23 4.66775e+35 3.64587e+22 6.73182e+34 4.84731e+22 8.95019e+34 6.47629e+22 1.19580e+35 7.18130e+22 1.32597e+35 
2.04907e+12 3.11294e+23 6.37865e+35 4.48968e+22 9.19969e+34 5.96900e+22 1.22309e+35 7.97481e+22 1.63410e+35 8.84293e+22 1.81198e+35 
2.27397e+12 3.83319e+23 8.71654e+35 5.52873e+22 1.25721e+35 7.35016e+22 1.67140e+35 9.81994e+22 2.23302e+35 1.08889e+23 2.47609e+35 
2.52354e+12 4.72001e+23 1.19111e+36 6.80818e+22 1.71807e+35 9.05078e+22 2.28400e+35 1.20918e+23 3.05141e+35 1.34079e+23 3.38354e+35 
2.80050e+12 5.81189e+23 1.62762e+36 8.38361e+22 2.34783e+35 1.11447e+23 3.12107e+35 1.48889e+23 4.16965e+35 1.65094e+23 4.62348e+35 
3.10787e+12 7.15622e+23 2.22406e+36 1.03235e+23 3.20840e+35 1.37228e+23 4.26486e+35 1.83328e+23 5.69758e+35 2.03280e+23 6.31767e+35 
3.44896e+12 8.81130e+23 3.03898e+36 1.27120e+23 4.38432e+35 1.68969e+23 5.82769e+35 2.25727e+23 7.78523e+35 2.50292e+23 8.63247e+35 
3.82749e+12 1.08489e+24 4.15241e+36 1.56529e+23 5.99115e+35 2.08049e+23 7.96305e+35 2.77925e+23 1.06376e+36 3.08168e+23 1.17951e+36 
4.24757e+12 1.33574e+24 5.67363e+36 1.92739e+23 8.18672e+35 2.56160e+23 1.08806e+36 3.42184e+23 1.45345e+36 3.79417e+23 1.61160e+36 
4.71375e+12 1.64453e+24 7.75191e+36 2.37320e+23 1.11867e+36 3.15388e+23 1.48666e+36 4.21288e+23 1.98585e+36 4.67124e+23 2.20191e+36 
5.23110e+12 2.02465e+24 1.05911e+37 2.92206e+23 1.52856e+36 3.88299e+23 2.03123e+36 5.18662e+23 2.71317e+36 5.75086e+23 3.00833e+36 
5.80523e+12 2.49253e+24 1.44697e+37 3.59777e+23 2.08859e+36 4.78049e+23 2.77518e+36 6.38517e+23 3.70674e+36 7.07973e+23 4.10994e+36 
6.44236e+12 3.06841e+24 1.97678e+37 4.42962e+23 2.85372e+36 5.88523e+23 3.79148e+36 7.86038e+23 5.06394e+36 8.71529e+23 5.61471e+36 
7.14943e+12 3.77718e+24 2.70047e+37 5.45364e+23 3.89904e+36 7.24497e+23 5.17974e+36 9.67596e+23 6.91776e+36 1.07282e+24 7.67004e+36 
7.93410e+12 4.64943e+24 3.68891e+37 6.71416e+23 5.32708e+36 8.91846e+23 7.07600e+36 1.19103e+24 9.44975e+36 1.32053e+24 1.04772e+37 
8.80488e+12 5.72279e+24 5.03885e+37 8.26572e+23 7.27787e+36 1.09780e+24 9.66597e+36 1.46598e+24 1.29077e+37 1.62534e+24 1.43110e+37 
9.77124e+12 7.04351e+24 6.88239e+37 1.01754e+24 9.94263e+36 1.35123e+24 1.32032e+37 1.80428e+24 1.76300e+37 2.00038e+24 1.95462e+37 
1.08437e+13 8.66843e+24 9.39975e+37 1.25257e+24 1.35825e+37 1.66307e+24 1.80337e+37 2.22050e+24 2.40783e+37 2.46179e+24 2.66948e+37 
1.20338e+13 1.06674e+25 1.28369e+38 1.54181e+24 1.85538e+37 2.04673e+24 2.46299e+37 2.73252e+24 3.28825e+37 3.02938e+24 3.64549e+37 
1.33545e+13 1.31262e+25 1.75295e+38 1.89774e+24 2.53434e+37 2.51871e+24 3.36361e+37 3.36231e+24 4.49021e+37 3.72750e+24 4.97790e+37 
1.48202e+13 1.61503e+25 2.39351e+38 2.33568e+24 3.46153e+37 3.09926e+24 4.59317e+37 4.13687e+24 6.13093e+37 4.58606e+24 6.79663e+37 
1.64468e+13 1.98690e+25 3.26781e+38 2.87449e+24 4.72760e+37 3.81327e+24 6.27160e+37 5.08933e+24 8.37030e+37 5.64175e+24 9.27885e+37 
1.82518e+13 2.44412e+25 4.46097e+38 3.53731e+24 6.45625e+37 4.69129e+24 8.56247e+37 6.26034e+24 1.14263e+38 6.93961e+24 1.26661e+38 
2.02550e+13 3.00616e+25 6.08898e+38 4.35261e+24 8.81622e+37 5.77081e+24 1.16888e+38 7.69978e+24 1.55959e+38 8.53491e+24 1.72875e+38 
2.24781e+13 3.69692e+25 8.30995e+38 5.35531e+24 1.20377e+38 7.09782e+24 1.59545e+38 9.46882e+24 2.12841e+38 1.04954e+25 2.35915e+38 
2.49451e+13 4.54568e+25 1.13392e+39 6.58830e+24 1.64346e+38 8.72874e+24 2.17739e+38 1.16424e+25 2.90421e+38 1.29040e+25 3.21891e+38 
2.76829e+13 5.58833e+25 1.54701e+39 8.10422e+24 2.24348e+38 1.07327e+25 2.97112e+38 1.43124e+25 3.96209e+38 1.58625e+25 4.39119e+38 
3.07211e+13 6.86879e+25 2.11017e+39 9.96764e+24 3.06217e+38 1.31944e+25 4.05347e+38 1.75913e+25 5.40425e+38 1.94953e+25 5.98916e+38 
3.40929e+13 8.44081e+25 2.87771e+39 1.22577e+25 4.17901e+38 1.62176e+25 5.52904e+38 2.16166e+25 7.36970e+38 2.39546e+25 8.16680e+38 
3.78346e+13 1.03701e+26 3.92350e+39 1.50716e+25 5.70228e+38 1.99291e+25 7.54011e+38 2.65564e+25 1.00475e+39 2.94265e+25 1.11334e+39 
4.19871e+13 1.27370e+26 5.34790e+39 1.85280e+25 7.77938e+38 2.44842e+25 1.02802e+39 3.26162e+25 1.36946e+39 3.61383e+25 1.51734e+39 
4.65953e+13 1.56395e+26 7.28727e+39 2.27727e+25 1.06110e+39 3.00723e+25 1.40123e+39 4.00467e+25 1.86599e+39 4.43672e+25 2.06730e+39 
5.17092e+13 1.91971e+26 9.92665e+39 2.79836e+25 1.44701e+39 3.69249e+25 1.90935e+39 4.91536e+25 2.54169e+39 5.44510e+25 2.81562e+39 
5.73844e+13 2.35553e+26 1.35171e+40 3.43784e+25 1.97278e+39 4.53239e+25 2.60089e+39 6.03090e+25 3.46080e+39 6.68010e+25 3.83334e+39 
6.36825e+13 2.88912e+26 1.83986e+40 4.22230e+25 2.68887e+39 5.56132e+25 3.54159e+39 7.39655e+25 4.71031e+39 8.19174e+25 5.21670e+39 
7.06718e+13 3.54198e+26 2.50318e+40 5.18420e+25 3.66377e+39 6.82104e+25 4.82055e+39 9.06729e+25 6.40802e+39 1.00407e+26 7.09593e+39 
7.84282e+13 4.34019e+26 3.40394e+40 6.36310e+25 4.99046e+39 8.36234e+25 6.55843e+39 1.11097e+26 8.71317e+39 1.23005e+26 9.64705e+39 
8.70359e+13 5.31533e+26 4.62625e+40 7.80715e+25 6.79503e+39 1.02468e+26 8.91836e+39 1.36046e+26 1.18408e+40 1.50601e+26 1.31077e+40 
9.65883e+13 6.50553e+26 6.28359e+40 9.57495e+25 9.24828e+39 1.25488e+26 1.21207e+40 1.66491e+26 1.60811e+40 1.84268e+26 1.77982e+40 
1.07189e+14 7.95677e+26 8.52879e+40 1.17376e+26 1.25814e+40 1.53586e+26 1.64627e+40 2.03608e+26 2.18245e+40 2.25299e+26 2.41496e+40 
1.18953e+14 9.72431e+26 1.15674e+41 1.43813e+26 1.71071e+40 1.87845e+26 2.23448e+40 2.48805e+26 2.95962e+40 2.75246e+26 3.27415e+40 
1.32009e+14 1.18744e+27 1.56753e+41 1.76104e+26 2.32473e+40 2.29570e+26 3.03053e+40 3.03773e+26 4.01008e+40 3.35966e+26 4.43505e+40 
1.46497e+14 1.44862e+27 2.12219e+41 2.15509e+26 3.15714e+40 2.80326e+26 4.10669e+40 3.70529e+26 5.42814e+40 4.09674e+26 6.00161e+40 
1.62576e+14 1.76540e+27 2.87011e+41 2.63543e+26 4.28456e+40 3.41980e+26 5.55975e+40 4.51472e+26 7.33983e+40 4.99003e+26 8.11257e+40 
1.80419e+14 2.14894e+27 3.87708e+41 3.22029e+26 5.81001e+40 4.16756e+26 7.51906e+40 5.49444e+26 9.91299e+40 6.07065e+26 1.09526e+41 
2.00220e+14 2.61241e+27 5.23057e+41 3.93149e+26 7.87163e+40 5.07291e+26 1.01570e+41 6.67794e+26 1.33706e+41 7.37521e+26 1.47667e+41 
2.22195e+14 3.17128e+27 7.04641e+41 4.79506e+26 1.06544e+41 6.16694e+26 1.37026e+41 8.10446e+26 1.80077e+41 8.94656e+26 1.98788e+41 
2.46581e+14 3.84355e+27 9.47746e+41 5.84193e+26 1.44051e+41 7.48614e+26 1.84594e+41 9.81968e+26 2.42135e+41 1.08344e+27 2.67156e+41 
2.73644e+14 4.65005e+27 1.27246e+42 7.10869e+26 1.94525e+41 9.07301e+26 2.48277e+41 1.18764e+27 3.24989e+41 1.30961e+27 3.58366e+41 
3.03677e+14 5.61468e+27 1.70505e+42 8.63840e+26 2.62328e+41 1.09768e+27 3.33339e+41 1.43349e+27 4.35317e+41 1.57969e+27 4.79715e+41 
3.37006e+14 6.76457e+27 2.27970e+42 1.04814e+27 3.53229e+41 1.32538e+27 4.46662e+41 1.72637e+27 5.81796e+41 1.90106e+27 6.40670e+41 
3.73994e+14 8.13015e+27 3.04062e+42 1.26960e+27 4.74824e+41 1.59683e+27 5.97204e+41 2.07392e+27 7.75634e+41 2.28194e+27 8.53433e+41 
4.15040e+14 9.74507e+27 4.04460e+42 1.53496e+27 6.37069e+41 1.91921e+27 7.96550e+41 2.48459e+27 1.03121e+42 2.73133e+27 1.13361e+42 
4.60592e+14 1.16459e+28 5.36400e+42 1.85185e+27 8.52949e+41 2.30048e+27 1.05958e+42 2.96749e+27 1.36680e+42 3.25889e+27 1.50102e+42 
5.11143e+14 1.38715e+28 7.09032e+42 2.22890e+27 1.13929e+42 2.74931e+27 1.40529e+42 3.53227e+27 1.80550e+42 3.87472e+27 1.98054e+42 
5.67243e+14 1.64621e+28 9.33798e+42 2.67563e+27 1.51773e+42 3.27489e+27 1.85766e+42 4.18882e+27 2.37608e+42 4.58908e+27 2.60312e+42 
6.29499e+14 1.94577e+28 1.22486e+43 3.20240e+27 2.01591e+42 3.88678e+27 2.44672e+42 4.94690e+27 3.11407e+42 5.41186e+27 3.40676e+42 
6.98588e+14 2.28962e+28 1.59950e+43 3.82021e+27 2.66875e+42 4.59450e+27 3.20966e+42 5.81555e+27 4.06267e+42 6.35199e+27 4.43743e+42 
7.75260e+14 2.68108e+28 2.07854e+43 4.54033e+27 3.51993e+42 5.40709e+27 4.19190e+42 6.80244e+27 5.27366e+42 7.41662e+27 5.74981e+42 
8.60346e+14 3.12263e+28 2.68654e+43 5.37382e+27 4.62335e+42 6.33246e+27 5.44811e+42 7.91295e+27 6.80788e+42 8.61008e+27 7.40765e+42 
9.54772e+14 3.61551e+28 3.45198e+43 6.33081e+27 6.04448e+42 7.37659e+27 7.04296e+42 9.14908e+27 8.73528e+42 9.93274e+27 9.48349e+42 
1.05956e+15 4.15926e+28 4.40699e+43 7.41950e+27 7.86140e+42 8.54250e+27 9.05129e+42 1.05082e+28 1.11341e+43 1.13795e+28 1.20573e+43 
1.17585e+15 4.75116e+28 5.58664e+43 8.64491e+27 1.01651e+43 9.82912e+27 1.15576e+43 1.19817e+28 1.40887e+43 1.29386e+28 1.52138e+43 
1.30490e+15 5.38563e+28 7.02772e+43 1.00074e+28 1.30587e+43 1.12299e+28 1.46539e+43 1.35535e+28 1.76860e+43 1.45894e+28 1.90377e+43 
1.44812e+15 6.05368e+28 8.76644e+43 1.15009e+28 1.66547e+43 1.27315e+28 1.84367e+43 1.51985e+28 2.20093e+43 1.63015e+28 2.36065e+43 
1.60705e+15 6.74230e+28 1.08352e+44 1.31111e+28 2.10702e+43 1.43121e+28 2.30003e+43 1.68814e+28 2.71293e+43 1.80330e+28 2.89800e+43 
1.78343e+15 7.43411e+28 1.32582e+44 1.48137e+28 2.64192e+43 1.59407e+28 2.84292e+43 1.85556e+28 3.30926e+43 1.97296e+28 3.51864e+43 
1.97917e+15 8.10715e+28 1.60454e+44 1.65733e+28 3.28014e+43 1.75761e+28 3.47861e+43 2.01632e+28 3.99063e+43 2.13244e+28 4.22045e+43 
2.19639e+15 8.73531e+28 1.91861e+44 1.83432e+28 4.02886e+43 1.91675e+28 4.20992e+43 2.16362e+28 4.75214e+43 2.27393e+28 4.99443e+43 
2.43744e+15 9.28929e+28 2.26421e+44 2.00661e+28 4.89099e+43 2.06562e+28 5.03482e+43 2.28993e+28 5.58158e+43 2.38886e+28 5.82271e+43 
2.70496e+15 9.73872e+28 2.63428e+44 2.16781e+28 5.86384e+43 2.19796e+28 5.94541e+43 2.38758e+28 6.45831e+43 2.46844e+28 6.67704e+43 
3.00184e+15 1.00552e+29 3.01841e+44 2.31141e+28 6.93848e+43 2.30779e+28 6.92762e+43 2.44955e+28 7.35315e+43 2.50464e+28 7.51853e+43 
3.33129e+15 1.02165e+29 3.40342e+44 2.43161e+28 8.10042e+43 2.39020e+28 7.96247e+43 2.47056e+28 8.23015e+43 2.49133e+28 8.29934e+43 
3.69691e+15 1.02111e+29 3.77494e+44 2.52431e+28 9.33217e+43 2.44237e+28 9.02922e+43 2.44822e+28 9.05086e+43 2.42555e+28 8.96705e+43 
4.10266e+15 1.00423e+29 4.12003e+44 2.58813e+28 1.06182e+44 2.46447e+28 1.01109e+44 2.38412e+28 9.78122e+43 2.30875e+28 9.47200e+43 
4.55294e+15 9.73137e+28 4.43063e+44 2.62517e+28 1.19522e+44 2.46030e+28 1.12016e+44 2.28433e+28 1.04004e+44 2.14740e+28 9.77698e+43 
5.05263e+15 9.31652e+28 4.70729e+44 2.64122e+28 1.33451e+44 2.43721e+28 1.23143e+44 2.15930e+28 1.09102e+44 1.95293e+28 9.86745e+43 
5.60717e+15 8.84950e+28 4.96207e+44 2.64518e+28 1.48320e+44 2.40532e+28 1.34870e+44 2.02266e+28 1.13414e+44 1.74055e+28 9.75955e+43 
6.22257e+15 8.38764e+28 5.21927e+44 2.64753e+28 1.64744e+44 2.37581e+28 1.47836e+44 1.88916e+28 1.17555e+44 1.52713e+28 9.50268e+43 
6.90551e+15 7.98367e+28 5.51314e+44 2.65809e+28 1.83555e+44 2.35867e+28 1.62879e+44 1.77215e+28 1.22376e+44 1.32852e+28 9.17408e+43 
7.66341e+15 7.67545e+28 5.88201e+44 2.68363e+28 2.05657e+44 2.36041e+28 1.80888e+44 1.68097e+28 1.28820e+44 1.15680e+28 8.86504e+43 
8.50449e+15 7.47817e+28 6.35980e+44 2.72583e+28 2.31818e+44 2.38232e+28 2.02604e+44 1.61929e+28 1.37712e+44 1.01844e+28 8.66127e+43 
9.43788e+15 7.38171e+28 6.96676e+44 2.78053e+28 2.62423e+44 2.42000e+28 2.28396e+44 1.58464e+28 1.49556e+44 9.13619e+27 8.62263e+43 
1.04737e+16 7.35373e+28 7.70209e+44 2.83826e+28 2.97272e+44 2.46411e+28 2.58083e+44 1.56940e+28 1.64374e+44 8.37195e+27 8.76854e+43 
1.16232e+16 7.34766e+28 8.54035e+44 2.88609e+28 3.35456e+44 2.50226e+28 2.90843e+44 1.56284e+28 1.81652e+44 7.80655e+27 9.07373e+43 
1.28989e+16 7.31286e+28 9.43279e+44 2.91000e+28 3.75358e+44 2.52133e+28 3.25224e+44 1.55350e+28 2.00385e+44 7.34579e+27 9.47526e+43 
1.43146e+16 7.20432e+28 1.03127e+45 2.89732e+28 4.14739e+44 2.50960e+28 3.59240e+44 1.53130e+28 2.19200e+44 6.90733e+27 9.88756e+43 
1.58857e+16 6.98944e+28 1.11032e+45 2.83847e+28 4.50910e+44 2.45834e+28 3.90524e+44 1.48884e+28 2.36511e+44 6.43353e+27 1.02201e+44 
1.76291e+16 6.65144e+28 1.17259e+45 2.72809e+28 4.80940e+44 2.36265e+28 4.16514e+44 1.42196e+28 2.50680e+44 5.89493e+27 1.03923e+44 
1.95640e+16 6.18969e+28 1.21095e+45 2.56552e+28 5.01919e+44 2.22182e+28 4.34677e+44 1.32979e+28 2.60161e+44 5.28709e+27 1.03437e+44 
2.17112e+16 5.61818e+28 1.21977e+45 2.35491e+28 5.11278e+44 2.03941e+28 4.42781e+44 1.21440e+28 2.63661e+44 4.62405e+27 1.00394e+44 
2.40940e+16 4.96269e+28 1.19571e+45 2.10491e+28 5.07158e+44 1.82291e+28 4.39212e+44 1.08035e+28 2.60299e+44 3.93144e+27 9.47242e+43 
2.67384e+16 4.25716e+28 1.13830e+45 1.82796e+28 4.88766e+44 1.58306e+28 4.23284e+44 9.34096e+27 2.49762e+44 3.24040e+27 8.66431e+43 
2.96730e+16 3.53941e+28 1.05025e+45 1.53889e+28 4.56635e+44 1.33272e+28 3.95458e+44 7.83239e+27 2.32411e+44 2.58241e+27 7.66278e+43 
3.29297e+16 2.84645e+28 9.37328e+44 1.25323e+28 4.12684e+44 1.08533e+28 3.57395e+44 6.35555e+27 2.09286e+44 1.98495e+27 6.53640e+43 
3.65438e+16 2.21004e+28 8.07632e+44 9.85182e+27 3.60023e+44 8.53192e+27 3.11789e+44 4.98037e+27 1.82002e+44 1.46817e+27 5.36526e+43 
4.05546e+16 1.65331e+28 6.70492e+44 7.45973e+27 3.02527e+44 6.46032e+27 2.61996e+44 3.76084e+27 1.52519e+44 1.04281e+27 4.22907e+43 
4.50056e+16 1.18907e+28 5.35147e+44 5.42757e+27 2.44271e+44 4.70041e+27 2.11545e+44 2.73011e+27 1.22870e+44 7.09959e+26 3.19521e+43 
4.99451e+16 8.19983e+27 4.09541e+44 3.78366e+27 1.88975e+44 3.27674e+27 1.63657e+44 1.89973e+27 9.48823e+43 4.62497e+26 2.30994e+43 
5.54266e+16 5.40342e+27 2.99494e+44 2.51805e+27 1.39567e+44 2.18070e+27 1.20869e+44 1.26251e+27 6.99769e+43 2.87740e+26 1.59485e+43 
6.15099e+16 3.38739e+27 2.08358e+44 1.59237e+27 9.79464e+43 1.37903e+27 8.48241e+43 7.97570e+26 4.90584e+43 1.70528e+26 1.04892e+43 
6.82607e+16 2.00862e+27 1.37110e+44 9.51257e+26 6.49335e+43 8.23813e+26 5.62341e+43 4.76118e+26 3.25001e+43 9.59083e+25 6.54677e+42 
7.57525e+16 1.11858e+27 8.47351e+43 5.32987e+26 4.03751e+43 4.61580e+26 3.49658e+43 2.66644e+26 2.01990e+43 5.09060e+25 3.85626e+42 
8.40665e+16 5.80090e+26 4.87661e+43 2.77753e+26 2.33498e+43 2.40541e+26 2.02215e+43 1.38917e+26 1.16782e+43 2.53062e+25 2.12740e+42 
9.32930e+16 2.77474e+26 2.58864e+43 1.33365e+26 1.24420e+43 1.15497e+26 1.07751e+43 6.66911e+25 6.22182e+42 1.16695e+25 1.08868e+42 
1.03532e+17 1.21151e+26 1.25430e+43 5.84031e+25 6.04661e+42 5.05786e+25 5.23651e+42 2.92031e+25 3.02346e+42 4.93607e+24 5.11042e+41 
1.14895e+17 4.77570e+25 5.48704e+42 2.30767e+25 2.65140e+42 1.99850e+25 2.29618e+42 1.15385e+25 1.32572e+42 1.89200e+24 2.17382e+41 
1.27505e+17 1.68034e+25 2.14252e+42 8.13545e+24 1.03731e+42 7.04551e+24 8.98339e+41 4.06773e+24 5.18657e+41 6.48899e+23 8.27379e+40 
1.41499e+17 5.21477e+24 7.37885e+41 2.52902e+24 3.57854e+41 2.19020e+24 3.09911e+41 1.26451e+24 1.78927e+41 1.96592e+23 2.78177e+40 
1.57029e+17 1.40941e+24 2.21318e+41 6.84556e+23 1.07495e+41 5.92843e+23 9.30935e+40 3.42277e+23 5.37474e+40 5.19274e+22 8.15411e+39 
1.74263e+17 3.27103e+23 5.70021e+40 1.59091e+23 2.77237e+40 1.37777e+23 2.40094e+40 7.95452e+22 1.38618e+40 1.17936e+22 2.05519e+39 
1.93389e+17 6.41309e+22 1.24022e+40 3.12278e+22 6.03912e+39 2.70441e+22 5.23003e+39 1.56139e+22 3.01956e+39 2.26762e+21 4.38534e+38 
2.14614e+17 1.04125e+22 2.23466e+39 5.07512e+21 1.08919e+39 4.39519e+21 9.43269e+38 2.53756e+21 5.44596e+38 3.62378e+20 7.77715e+37 
2.38169e+17 1.36547e+21 3.25213e+38 6.65987e+20 1.58617e+38 5.76761e+20 1.37366e+38 3.32993e+20 7.93085e+37 4.70354e+19 1.12023e+37 
2.64308e+17 1.39966e+20 3.69940e+37 6.82832e+19 1.80478e+37 5.91350e+19 1.56299e+37 3.41416e+19 9.02390e+36 4.81327e+18 1.27219e+36 
2.93317e+17 1.07078e+19 3.14079e+36 5.22180e+18 1.53164e+36 4.52221e+18 1.32644e+36 2.61090e+18 7.65821e+35 3.72995e+17 1.09406e+35 
3.25509e+17 5.66309e+17 1.84339e+35 2.75678e+17 8.97355e+34 2.38744e+17 7.77132e+34 1.37839e+17 4.48678e+34 2.05999e+16 6.70546e+33 
3.61234e+17 1.72139e+16 6.21826e+33 8.32399e+15 3.00691e+33 7.20879e+15 2.60406e+33 4.16200e+15 1.50346e+33 7.21217e+14 2.60528e+32 
4.00881e+17 4.21956e+13 1.69154e+31 1.53018e+13 6.13418e+30 1.32517e+13 5.31236e+30 7.65088e+12 3.06709e+30 1.03859e+13 4.16351e+30 
4.44878e+17 -1.98580e+13 -8.83441e+30 -9.92289e+12 -4.41448e+30 -8.59347e+12 -3.82305e+30 -4.96144e+12 -2.20724e+30 -2.92517e+11 -1.30134e+29 
4.93705e+17 -8.40091e+11 -4.14757e+29 -4.16403e+11 -2.05580e+29 -3.60615e+11 -1.78037e+29 -2.08201e+11 -1.02790e+29 -1.81061e+10 -8.93907e+27 
5.47890e+17 -1.69349e+10 -9.27847e+27 -8.37457e+09 -4.58834e+27 -7.25259e+09 -3.97362e+27 -4.18728e+09 -2.29417e+27 -3.98102e+08 -2.18116e+26 
6.08022e+17 -1.86900e+08 -1.13640e+26 -9.23358e+07 -5.61422e+25 -7.99651e+07 -4.86206e+25 -4.61679e+07 -2.80711e+25 -4.54619e+06 -2.76419e+24 
6.74754e+17 -1.13396e+06 -7.65147e+23 -5.59968e+05 -3.77841e+23 -4.84947e+05 -3.27220e+23 -2.79984e+05 -1.88920e+23 -2.80134e+04 -1.89022e+22 
7.48810e+17 -3.66315e+03 -2.74301e+21 -1.80857e+03 -1.35428e+21 -1.56627e+03 -1.17284e+21 -9.04286e+02 -6.77139e+20 -9.10302e+01 -6.81644e+19 
8.30994e+17 -6.02531e+00 -5.00700e+18 -2.97490e+00 -2.47212e+18 -2.57634e+00 -2.14092e+18 -1.48745e+00 -1.23606e+18 -1.49258e-01 -1.24033e+17 
9.22198e+17 -4.85376e-03 -4.47613e+15 -2.39742e-03 -2.21089e+15 -2.07623e-03 -1.91469e+15 -1.19871e-03 -1.10545e+15 -1.17784e-04 -1.08620e+14 
1.02341e+18 -1.91869e-06 -1.96360e+12 -9.48840e-07 -9.71054e+11 -8.21720e-07 -8.40957e+11 -4.74420e-07 -4.85527e+11 -4.37601e-08 -4.47845e+10 
1.13573e+18 -4.03960e-10 -4.58791e+08 -2.00232e-10 -2.27410e+08 -1.73406e-10 -1.96943e+08 -1.00116e-10 -1.13705e+08 -8.09261e-12 -9.19105e+06 
1.26038e+18 -4.81113e-14 -6.06387e+04 -2.39023e-14 -3.01260e+04 -2.07000e-14 -2.60899e+04 -1.19511e-14 -1.50630e+04 -8.32172e-16 -1.04886e+03 
1.39871e+18 -2.76157e-18 -3.86265e+00 -1.37348e-18 -1.92111e+00 -1.18947e-18 -1.66373e+00 -6.86742e-19 -9.60555e-01 -4.41813e-20 -6.17970e-02 
1.55223e+18 -5.91107e-23 -9.17531e-05 -2.94081e-23 -4.56480e-05 -2.54682e-23 -3.95323e-05 -1.47040e-23 -2.28240e-05 -9.24122e-25 -1.43445e-06 
1.72259e+18 -3.88301e-28 -6.68882e-10 -1.93196e-28 -3.32797e-10 -1.67313e-28 -2.88210e-10 -9.65980e-29 -1.66398e-10 -6.04032e-30 -1.04050e-11 
1.91164e+18 -6.71469e-34 -1.28361e-15 -3.34088e-34 -6.38658e-16 -2.89329e-34 -5.53094e-16 -1.67044e-34 -3.19329e-16 -1.04333e-35 -1.99447e-17 
2.12145e+18 -2.62854e-40 -5.57631e-22 -1.30783e-40 -2.77450e-22 -1.13261e-40 -2.40279e-22 -6.53915e-41 -1.38725e-22 -4.08215e-42 -8.66009e-24 
2.35429e+18 -1.97781e-47 -4.65634e-29 -9.84066e-48 -2.31677e-29 -8.52226e-48 -2.00638e-29 -4.92033e-48 -1.15839e-29 -3.07038e-49 -7.22855e-31 
2.61268e+18 -2.38643e-55 -6.23498e-37 -1.18738e-55 -3.10224e-37 -1.02830e-55 -2.68662e-37 -5.93690e-56 -1.55112e-37 -3.70353e-57 -9.67612e-39 
2.89942e+18 -3.77602e-64 -1.09483e-45 -1.87878e-64 -5.44739e-46 -1.62707e-64 -4.71757e-46 -9.39391e-65 -2.72369e-46 -5.85851e-66 -1.69863e-47 
3.21764e+18 -6.26670e-74 -2.01640e-55 -3.11804e-74 -1.00327e-55 -2.70030e-74 -8.68860e-56 -1.55902e-74 -5.01637e-56 -9.72077e-76 -3.12780e-57 
3.57079e+18 -8.51310e-85 -3.03985e-66 -4.23576e-85 -1.51250e-66 -3.66827e-85 -1.30986e-66 -2.11788e-85 -7.56249e-67 -1.32032e-86 -4.71459e-68 
3.96269e+18 -7.18913e-97 -2.84883e-78 -3.57701e-97 -1.41746e-78 -3.09778e-97 -1.22755e-78 -1.78851e-97 -7.08729e-79 -1.11485e-98 -4.41781e-80 
4.39760e+18 -2.78088e-110 -1.22292e-91 -1.38365e-110 -6.08476e-92 -1.19828e-110 -5.26956e-92 -6.91827e-111 -3.04238e-92 -4.31208e-112 -1.89628e-93 
4.88025e+18 -3.51107e-125 -1.71349e-106 -1.74696e-125 -8.52561e-107 -1.51291e-125 -7.38340e-107 -8.73481e-126 -4.26281e-107 -5.44400e-127 -2.65681e-108 
5.41587e+18 -9.93444e-142 -5.38036e-123 -4.94297e-142 -2.67705e-123 -4.28074e-142 -2.31839e-123 -2.47149e-142 -1.33852e-123 -1.54030e-143 -8.34208e-125 
6.01028e+18 -4.15050e-160 -2.49456e-141 -2.06512e-160 -1.24119e-141 -1.78844e-160 -1.07490e-141 -1.03256e-160 -6.20597e-142 -6.43506e-162 -3.86765e-143 
6.66992e+18 -2.02456e-180 -1.35037e-161 -9.90732e-181 -6.60810e-162 -8.53860e-181 -5.69518e-162 -4.90906e-181 -3.27430e-162 -6.14135e-182 -4.09623e-163 
7.40196e+18 2.03078e-187 1.50317e-168 2.65116e-188 1.96238e-169 2.88263e-188 2.13371e-169 3.41318e-188 2.52642e-169 3.08053e-188 2.28019e-169 
8.21434e+18 6.39031e-194 5.24922e-175 8.36578e-195 6.87194e-176 9.08799e-195 7.46518e-176 1.07440e-194 8.82548e-176 9.68922e-195 7.95906e-176 
9.11589e+18 3.77290e-201 3.43933e-182 4.94005e-202 4.50329e-183 5.36609e-202 4.89166e-183 6.34352e-202 5.78268e-183 5.72054e-202 5.21478e-183 
1.01164e+19 3.48422e-209 3.52477e-190 4.56274e-210 4.61584e-191 4.95588e-210 5.01356e-191 5.85829e-210 5.92647e-191 5.28278e-210 5.34426e-191 
1.12267e+19 4.10551e-218 4.60912e-199 5.37705e-219 6.03664e-200 5.83999e-219 6.55636e-200 6.90306e-219 7.74984e-200 6.22472e-219 6.98829e-200 
1.24588e+19 4.92291e-228 6.13337e-209 6.44833e-229 8.03386e-210 7.00312e-229 8.72507e-210 8.27760e-229 1.03129e-209 7.46399e-229 9.29927e-210 
1.38262e+19 4.67269e-239 6.46056e-220 6.12113e-240 8.46321e-221 6.64748e-240 9.19095e-221 7.85698e-240 1.08632e-220 7.08457e-240 9.79528e-221 
1.53437e+19 2.65615e-251 4.07552e-232 3.47976e-252 5.33923e-233 3.77885e-252 5.79814e-233 4.46629e-252 6.85294e-233 4.02715e-252 6.17913e-233 
1.70277e+19 6.63419e-265 1.12965e-245 8.69173e-266 1.48000e-246 9.43855e-266 1.60717e-246 1.11554e-265 1.89951e-246 1.00584e-265 1.71272e-246 
1.88965e+19 5.16290e-280 9.75608e-261 6.76438e-281 1.27823e-261 7.34547e-281 1.38804e-261 8.68148e-281 1.64050e-261 7.82771e-281 1.47917e-261 
2.09705e+19 8.54905e-297 1.79277e-277 1.12012e-297 2.34894e-278 1.21632e-297 2.55069e-278 1.43754e-297 3.01459e-278 1.29616e-297 2.71811e-278 
2.32720e+19 1.97268e-315 4.59082e-296 2.58469e-316 6.01510e-297 2.80667e-316 6.53169e-297 3.31711e-316 7.71958e-297 2.99086e-316 6.96034e-297 
2.58262e+19 0.00000e+00 0.00000e+00 0.00000e+00 0.00000e+00 0.00000e+00 0.00000e+00 0.00000e+00 0.00000e+00 0.00000e+00 0.00000e+00 
2.86607e+19 0.00000e+00 0.00000e+00 0.00000e+00 0.00000e+00 0.00000e+00 0.00000e+00 0.00000e+00 0.00000e+00 0.00000e+00 0.00000e+00 
3.18063e+19 0.00000e+00 0.00000e+00 0.00000e+00 0.00000e+00 0.00000e+00 0.00000e+00 0.00000e+00 0.00000e+00 0.00000e+00 0.00000e+00 
3.52971e+19 0.00000e+00 0.00000e+00 0.00000e+00 0.00000e+00 0.00000e+00 0.00000e+00 0.00000e+00 0.00000e+00 0.00000e+00 0.00000e+00 
3.91710e+19 0.00000e+00 0.00000e+00 0.00000e+00 0.00000e+00 0.00000e+00 0.00000e+00 0.00000e+00 0.00000e+00 0.00000e+00 0.00000e+00 
4.34701e+19 0.00000e+00 0.00000e+00 0.00000e+00 0.00000e+00 0.00000e+00 0.00000e+00 0.00000e+00 0.00000e+00 0.00000e+00 0.00000e+00 
4.82411e+19 0.00000e+00 0.00000e+00 0.00000e+00 0.00000e+00 0.00000e+00 0.00000e+00 0.00000e+00 0.00000e+00 0.00000e+00 0.00000e+00 
5.35357e+19 0.00000e+00 0.00000e+00 0.00000e+00 0.00000e+00 0.00000e+00 0.00000e+00 0.00000e+00 0.00000e+00 0.00000e+00 0.00000e+00 
5.94113e+19 0.00000e+00 0.00000e+00 0.00000e+00 0.00000e+00 0.00000e+00 0.00000e+00 0.00000e+00 0.00000e+00 0.00000e+00 0.00000e+00 
6.59319e+19 0.00000e+00 0.00000e+00 0.00000e+00 0.00000e+00 0.00000e+00 0.00000e+00 0.00000e+00 0.00000e+00 0.00000e+00 0.00000e+00 
7.31681e+19 0.00000e+00 0.00000e+00 0.00000e+00 0.00000e+00 0.00000e+00 0.00000e+00 0.00000e+00 0.00000e+00 0.00000e+00 0.00000e+00 
8.11984e+19 0.00000e+00 0.00000e+00 0.00000e+00 0.00000e+00 0.00000e+00 0.00000e+00 0.00000e+00 0.00000e+00 0.00000e+00 0.00000e+00 
9.01102e+19 0.00000e+00 0.00000e+00 0.00000e+00 0.00000e+00 0.00000e+00 0.00000e+00 0.00000e+00 0.00000e+00 0.00000e+00 0.00000e+00 
1.00000e+20 0.00000e+00 0.00000e+00 0.00000e+00 0.00000e+00 0.00000e+00 0.00000e+00 0.00000e+00 0.00000e+00 0.00000e+00 0.00000e+00 
