1.00000e+11 1.21685e+21 1.21685e+32 1.05556e+20 1.05556e+31 1.98126e+20 1.98126e+31 3.07185e+20 3.07185e+31 3.60301e+20 3.60301e+31 
1.10975e+11 1.49860e+21 1.66307e+32 1.29997e+20 1.44265e+31 2.44000e+20 2.70779e+31 3.78311e+20 4.19832e+31 4.43726e+20 4.92425e+31 
1.23155e+11 1.84558e+21 2.27293e+32 1.60098e+20 1.97168e+31 3.00496e+20 3.70076e+31 4.65905e+20 5.73785e+31 5.46465e+20 6.73000e+31 
1.36672e+11 2.27291e+21 3.10642e+32 1.97167e+20 2.69472e+31 3.70072e+20 5.05784e+31 5.73779e+20 7.84194e+31 6.72993e+20 9.19790e+31 
1.51672e+11 2.79917e+21 4.24555e+32 2.42820e+20 3.68289e+31 4.55758e+20 6.91256e+31 7.06630e+20 1.07176e+32 8.28815e+20 1.25708e+32 
1.68318e+11 3.44727e+21 5.80238e+32 2.99043e+20 5.03344e+31 5.61283e+20 9.44740e+31 8.70240e+20 1.46477e+32 1.02071e+21 1.71805e+32 
1.86791e+11 4.24543e+21 7.93010e+32 3.68284e+20 6.87923e+31 6.91239e+20 1.29118e+32 1.07173e+21 2.00190e+32 1.25704e+21 2.34805e+32 
2.07292e+11 5.22839e+21 1.08380e+33 4.53557e+20 9.40188e+31 8.51284e+20 1.76465e+32 1.31987e+21 2.73598e+32 1.54809e+21 3.20906e+32 
2.30043e+11 6.43891e+21 1.48123e+33 5.58573e+20 1.28496e+32 1.04838e+21 2.41173e+32 1.62546e+21 3.73925e+32 1.90651e+21 4.38580e+32 
2.55291e+11 7.92969e+21 2.02438e+33 6.87904e+20 1.75616e+32 1.29111e+21 3.29610e+32 2.00179e+21 5.11040e+32 2.34792e+21 5.99403e+32 
2.83310e+11 9.76561e+21 2.76669e+33 8.47180e+20 2.40014e+32 1.59004e+21 4.50474e+32 2.46526e+21 6.98431e+32 2.89152e+21 8.19196e+32 
3.14404e+11 1.20266e+22 3.78120e+33 1.04333e+21 3.28027e+32 1.95818e+21 6.15658e+32 3.03602e+21 9.54535e+32 3.56097e+21 1.11958e+33 
3.48910e+11 1.48109e+22 5.16769e+33 1.28490e+21 4.48314e+32 2.41154e+21 8.41410e+32 3.73891e+21 1.30454e+33 4.38540e+21 1.53011e+33 
3.87204e+11 1.82399e+22 7.06256e+33 1.58239e+21 6.12709e+32 2.96985e+21 1.14994e+33 4.60452e+21 1.78289e+33 5.40068e+21 2.09116e+33 
4.29700e+11 2.24626e+22 9.65221e+33 1.94877e+21 8.37386e+32 3.65742e+21 1.57159e+33 5.67052e+21 2.43663e+33 6.65099e+21 2.85794e+33 
4.76861e+11 2.76629e+22 1.31914e+34 2.39996e+21 1.14445e+33 4.50415e+21 2.14785e+33 6.98328e+21 3.33006e+33 8.19074e+21 3.90584e+33 
5.29198e+11 3.40669e+22 1.80281e+34 2.95561e+21 1.56410e+33 5.54689e+21 2.93540e+33 8.59993e+21 4.55106e+33 1.00869e+22 5.33796e+33 
5.87279e+11 4.19533e+22 2.46383e+34 3.63990e+21 2.13764e+33 6.83100e+21 4.01170e+33 1.05908e+22 6.21974e+33 1.24220e+22 7.29516e+33 
6.51734e+11 5.16651e+22 3.36719e+34 4.48261e+21 2.92147e+33 8.41236e+21 5.48262e+33 1.30424e+22 8.50020e+33 1.52975e+22 9.96991e+33 
7.23263e+11 6.36248e+22 4.60175e+34 5.52041e+21 3.99271e+33 1.03597e+22 7.49282e+33 1.60615e+22 1.16167e+34 1.88386e+22 1.36253e+34 
8.02643e+11 7.83524e+22 6.28891e+34 6.79845e+21 5.45673e+33 1.27578e+22 1.02400e+34 1.97794e+22 1.58758e+34 2.31993e+22 1.86208e+34 
8.90735e+11 9.64886e+22 8.59458e+34 8.37235e+21 7.45755e+33 1.57110e+22 1.39943e+34 2.43577e+22 2.16963e+34 2.85691e+22 2.54476e+34 
9.88496e+11 1.18822e+23 1.17455e+35 1.03106e+22 1.01920e+34 1.93476e+22 1.91250e+34 2.99955e+22 2.96505e+34 3.51817e+22 3.47770e+34 
1.09699e+12 1.46323e+23 1.60514e+35 1.26975e+22 1.39289e+34 2.38258e+22 2.61365e+34 3.69380e+22 4.05204e+34 4.33244e+22 4.75262e+34 
1.21738e+12 1.80188e+23 2.19358e+35 1.56368e+22 1.90360e+34 2.93402e+22 3.57183e+34 4.54868e+22 5.53749e+34 5.33512e+22 6.49488e+34 
1.35099e+12 2.21888e+23 2.99770e+35 1.92565e+22 2.60154e+34 3.61307e+22 4.88123e+34 5.60136e+22 7.56740e+34 6.56979e+22 8.87574e+34 
1.49927e+12 2.73236e+23 4.09655e+35 2.37140e+22 3.55537e+34 4.44923e+22 6.67059e+34 6.89758e+22 1.03413e+35 8.09010e+22 1.21292e+35 
1.66382e+12 3.36463e+23 5.59812e+35 2.92031e+22 4.85887e+34 5.47883e+22 9.11577e+34 8.49366e+22 1.41319e+35 9.96210e+22 1.65751e+35 
1.84642e+12 4.14314e+23 7.64999e+35 3.59626e+22 6.64022e+34 6.74662e+22 1.24571e+35 1.04589e+23 1.93116e+35 1.22671e+23 2.26503e+35 
2.04907e+12 5.10171e+23 1.04538e+36 4.42862e+22 9.07457e+34 8.30765e+22 1.70230e+35 1.28787e+23 2.63894e+35 1.51052e+23 3.09516e+35 
2.27397e+12 6.28195e+23 1.42849e+36 5.45359e+22 1.24013e+35 1.02297e+23 2.32620e+35 1.58581e+23 3.60607e+35 1.85995e+23 4.22947e+35 
2.52354e+12 7.73508e+23 1.95198e+36 6.71571e+22 1.69474e+35 1.25963e+23 3.17872e+35 1.95263e+23 4.92754e+35 2.29018e+23 5.77937e+35 
2.80050e+12 9.52416e+23 2.66724e+36 8.26984e+22 2.31597e+35 1.55100e+23 4.34359e+35 2.40426e+23 6.73313e+35 2.81987e+23 7.89707e+35 
3.10787e+12 1.17268e+24 3.64452e+36 1.01835e+23 3.16490e+35 1.90974e+23 5.93521e+35 2.96027e+23 9.20013e+35 3.47199e+23 1.07905e+36 
3.44896e+12 1.44384e+24 4.97975e+36 1.25398e+23 4.32494e+35 2.35139e+23 8.10986e+35 3.64478e+23 1.25707e+36 4.27480e+23 1.47436e+36 
3.82749e+12 1.77766e+24 6.80397e+36 1.54411e+23 5.91009e+35 2.89511e+23 1.10810e+36 4.48744e+23 1.71756e+36 5.26309e+23 2.01444e+36 
4.24757e+12 2.18858e+24 9.29616e+36 1.90134e+23 8.07609e+35 3.56445e+23 1.51403e+36 5.52474e+23 2.34667e+36 6.47965e+23 2.75228e+36 
4.71375e+12 2.69440e+24 1.27008e+37 2.34117e+23 1.10357e+36 4.38840e+23 2.06859e+36 6.80158e+23 3.20610e+36 7.97713e+23 3.76022e+36 
5.23110e+12 3.31700e+24 1.73516e+37 2.88269e+23 1.50796e+36 5.40263e+23 2.82617e+36 8.37320e+23 4.38010e+36 9.82031e+23 5.13710e+36 
5.80523e+12 4.08329e+24 2.37044e+37 3.54938e+23 2.06049e+36 6.65101e+23 3.86106e+36 1.03075e+24 5.98375e+36 1.20888e+24 7.01783e+36 
6.44236e+12 5.02637e+24 3.23817e+37 4.37015e+23 2.81541e+36 8.18749e+23 5.27468e+36 1.26881e+24 8.17412e+36 1.48806e+24 9.58665e+36 
7.14943e+12 6.18693e+24 4.42330e+37 5.38057e+23 3.84680e+36 1.00784e+24 7.20551e+36 1.56176e+24 1.11657e+37 1.83162e+24 1.30951e+37 
7.93410e+12 7.61502e+24 6.04183e+37 6.62440e+23 5.25587e+36 1.24055e+24 9.84262e+36 1.92224e+24 1.52512e+37 2.25436e+24 1.78863e+37 
8.80488e+12 9.37213e+24 8.25206e+37 8.15550e+23 7.18083e+36 1.52689e+24 1.34441e+37 2.36577e+24 2.08303e+37 2.77449e+24 2.44291e+37 
9.77124e+12 1.15339e+25 1.12700e+38 1.00401e+24 9.81044e+36 1.87920e+24 1.83621e+37 2.91142e+24 2.84482e+37 3.41436e+24 3.33626e+37 
1.08437e+13 1.41931e+25 1.53905e+38 1.23597e+24 1.34025e+37 2.31263e+24 2.50774e+37 3.58263e+24 3.88489e+37 4.20147e+24 4.55593e+37 
1.20338e+13 1.74638e+25 2.10156e+38 1.52145e+24 1.83088e+37 2.84581e+24 3.42459e+37 4.40820e+24 5.30473e+37 5.16954e+24 6.22091e+37 
1.33545e+13 2.14862e+25 2.86938e+38 1.87278e+24 2.50100e+37 3.50160e+24 4.67622e+37 5.42347e+24 7.24277e+37 6.36004e+24 8.49352e+37 
1.48202e+13 2.64321e+25 3.91729e+38 2.30509e+24 3.41619e+37 4.30809e+24 6.38467e+37 6.67182e+24 9.88778e+37 7.82380e+24 1.15950e+38 
1.64468e+13 3.25126e+25 5.34727e+38 2.83703e+24 4.66599e+37 5.29973e+24 8.71635e+37 8.20651e+24 1.34971e+38 9.62325e+24 1.58271e+38 
1.82518e+13 3.99865e+25 7.29827e+38 3.49147e+24 6.37258e+37 6.51885e+24 1.18981e+38 1.00929e+25 1.84213e+38 1.18349e+25 2.16009e+38 
2.02550e+13 4.91711e+25 9.95961e+38 4.29655e+24 8.70267e+37 8.01731e+24 1.62391e+38 1.24109e+25 2.51383e+38 1.45527e+25 2.94765e+38 
2.24781e+13 6.04553e+25 1.35892e+39 5.28680e+24 1.18837e+38 9.85874e+24 2.21605e+38 1.52588e+25 3.42988e+38 1.78914e+25 4.02165e+38 
2.49451e+13 7.43153e+25 1.85380e+39 6.50467e+24 1.62259e+38 1.21211e+25 3.02361e+38 1.87567e+25 4.67886e+38 2.19920e+25 5.48593e+38 
2.76829e+13 9.13342e+25 2.52839e+39 8.00223e+24 2.21525e+38 1.48998e+25 4.12470e+38 2.30516e+25 6.38135e+38 2.70267e+25 7.48178e+38 
3.07211e+13 1.12225e+26 3.44768e+39 9.84340e+24 3.02400e+38 1.83118e+25 5.62559e+38 2.83235e+25 8.70131e+38 3.32063e+25 1.02013e+39 
3.40929e+13 1.37860e+26 4.70003e+39 1.21066e+25 4.12749e+38 2.25000e+25 7.67088e+38 3.47923e+25 1.18617e+39 4.07882e+25 1.39058e+39 
3.78346e+13 1.69302e+26 6.40548e+39 1.48880e+25 5.63282e+38 2.76390e+25 1.04571e+39 4.27263e+25 1.61653e+39 5.00867e+25 1.89501e+39 
4.19871e+13 2.07851e+26 8.72706e+39 1.83054e+25 7.68592e+38 3.39423e+25 1.42514e+39 5.24530e+25 2.20235e+39 6.14853e+25 2.58159e+39 
4.65953e+13 2.55089e+26 1.18860e+40 2.25033e+25 1.04855e+39 4.16701e+25 1.94163e+39 6.43716e+25 2.99941e+39 7.54511e+25 3.51566e+39 
5.17092e+13 3.12943e+26 1.61820e+40 2.76583e+25 1.43019e+39 5.11395e+25 2.64438e+39 7.89677e+25 4.08336e+39 9.25525e+25 4.78582e+39 
5.73844e+13 3.83754e+26 2.20215e+40 3.39866e+25 1.95030e+39 6.27367e+25 3.60011e+39 9.68317e+25 5.55663e+39 1.13480e+26 6.51199e+39 
6.36825e+13 4.70366e+26 2.99541e+40 4.17526e+25 2.65891e+39 7.69310e+25 4.89916e+39 1.18680e+26 7.55785e+39 1.39072e+26 8.85644e+39 
7.06718e+13 5.76222e+26 4.07226e+40 5.12791e+25 3.62398e+39 9.42919e+25 6.66378e+39 1.45381e+26 1.02743e+40 1.70343e+26 1.20384e+40 
7.84282e+13 7.05488e+26 5.53301e+40 6.29600e+25 4.93784e+39 1.15510e+26 9.05922e+39 1.77984e+26 1.39589e+40 2.08519e+26 1.63538e+40 
8.70359e+13 8.63192e+26 7.51287e+40 7.72756e+25 6.72576e+39 1.41419e+26 1.23086e+40 2.17755e+26 1.89525e+40 2.55080e+26 2.22011e+40 
9.65883e+13 1.05539e+27 1.01938e+41 9.48107e+25 9.15761e+39 1.73028e+26 1.67125e+40 2.66219e+26 2.57136e+40 3.11806e+26 3.01168e+40 
1.07189e+14 1.28934e+27 1.38204e+41 1.16276e+26 1.24636e+40 2.11549e+26 2.26757e+40 3.25206e+26 3.48585e+40 3.80832e+26 4.08210e+40 
1.18953e+14 1.57376e+27 1.87204e+41 1.42535e+26 1.69551e+40 2.58439e+26 3.07422e+40 3.96905e+26 4.72132e+40 4.64711e+26 5.52789e+40 
1.32009e+14 1.91902e+27 2.53327e+41 1.74635e+26 2.30533e+40 3.15441e+26 4.16410e+40 4.83928e+26 6.38827e+40 5.66485e+26 7.47810e+40 
1.46497e+14 2.33744e+27 3.42429e+41 2.13840e+26 3.13270e+40 3.84636e+26 5.63481e+40 5.89375e+26 8.63418e+40 6.89765e+26 1.01049e+41 
1.62576e+14 2.84363e+27 4.62305e+41 2.61680e+26 4.25428e+40 4.68497e+26 7.61662e+40 7.16914e+26 1.16553e+41 8.38815e+26 1.36371e+41 
1.80419e+14 3.45475e+27 6.23301e+41 3.19996e+26 5.77332e+40 5.69949e+26 1.02829e+41 8.70857e+26 1.57119e+41 1.01864e+27 1.83782e+41 
2.00220e+14 4.19088e+27 8.39098e+41 3.90997e+26 7.82855e+40 6.92436e+26 1.38640e+41 1.05625e+27 2.11482e+41 1.23510e+27 2.47291e+41 
2.22195e+14 5.07536e+27 1.12772e+42 4.77333e+26 1.06061e+41 8.39992e+26 1.86642e+41 1.27894e+27 2.84173e+41 1.49496e+27 3.32172e+41 
2.46581e+14 6.13511e+27 1.51280e+42 5.82162e+26 1.43550e+41 1.01731e+27 2.50848e+41 1.54568e+27 3.81134e+41 1.80602e+27 4.45331e+41 
2.73644e+14 7.40087e+27 2.02520e+42 7.09238e+26 1.94079e+41 1.22979e+27 3.36525e+41 1.86416e+27 5.10116e+41 2.17716e+27 5.95766e+41 
3.03677e+14 8.90742e+27 2.70498e+42 8.63004e+26 2.62075e+41 1.48365e+27 4.50551e+41 2.24309e+27 6.81174e+41 2.61836e+27 7.95136e+41 
3.37006e+14 1.06935e+28 3.60379e+42 1.04869e+27 3.53414e+41 1.78590e+27 6.01861e+41 2.69214e+27 9.07270e+41 3.14073e+27 1.05845e+42 
3.73994e+14 1.28019e+28 4.78784e+42 1.27240e+27 4.75869e+41 2.14442e+27 8.02001e+41 3.22198e+27 1.20500e+42 3.75639e+27 1.40486e+42 
4.15040e+14 1.52787e+28 6.34127e+42 1.54124e+27 6.39676e+41 2.56790e+27 1.06578e+42 3.84406e+27 1.59544e+42 4.47833e+27 1.85869e+42 
4.60592e+14 1.81725e+28 8.37010e+42 1.86338e+27 8.58258e+41 3.06581e+27 1.41209e+42 4.57048e+27 2.10513e+42 5.32013e+27 2.45041e+42 
5.11143e+14 2.15333e+28 1.10066e+43 2.24814e+27 1.14912e+42 3.64822e+27 1.86476e+42 5.41360e+27 2.76713e+42 6.29552e+27 3.21792e+42 
5.67243e+14 2.54105e+28 1.44139e+43 2.70603e+27 1.53497e+42 4.32567e+27 2.45370e+42 6.38562e+27 3.62220e+42 7.41784e+27 4.20772e+42 
6.29499e+14 2.98506e+28 1.87909e+43 3.24869e+27 2.04505e+42 5.10880e+27 3.21598e+42 7.49795e+27 4.71995e+42 8.69921e+27 5.47614e+42 
6.98588e+14 3.48939e+28 2.43764e+43 3.88887e+27 2.71672e+42 6.00797e+27 4.19710e+42 8.76041e+27 6.11992e+42 1.01496e+28 7.09039e+42 
7.75260e+14 4.05708e+28 3.14529e+43 4.64011e+27 3.59729e+42 7.03277e+27 5.45222e+42 1.01804e+28 7.89242e+42 1.17757e+28 9.12923e+42 
8.60346e+14 4.68974e+28 4.03480e+43 5.51648e+27 4.74608e+42 8.19135e+27 7.04740e+42 1.17616e+28 1.01190e+43 1.35796e+28 1.16832e+43 
9.54772e+14 5.38709e+28 5.14344e+43 6.53195e+27 6.23652e+42 9.48971e+27 9.06051e+42 1.35031e+28 1.28924e+43 1.55574e+28 1.48538e+43 
1.05956e+15 6.14637e+28 6.51245e+43 7.69963e+27 8.15822e+42 1.09309e+28 1.15819e+43 1.53982e+28 1.63153e+43 1.76977e+28 1.87518e+43 
1.17585e+15 6.96185e+28 8.18609e+43 9.03070e+27 1.06187e+43 1.25138e+28 1.47144e+43 1.74327e+28 2.04983e+43 1.99801e+28 2.34936e+43 
1.30490e+15 7.82424e+28 1.02099e+44 1.05330e+28 1.37446e+43 1.42327e+28 1.85723e+43 1.95844e+28 2.55557e+43 2.23738e+28 2.91956e+43 
1.44812e+15 8.72009e+28 1.26277e+44 1.22095e+28 1.76808e+43 1.60752e+28 2.32788e+43 2.18209e+28 3.15993e+43 2.48358e+28 3.59652e+43 
1.60705e+15 9.63130e+28 1.54780e+44 1.40560e+28 2.25887e+43 1.80219e+28 2.89622e+43 2.40997e+28 3.87295e+43 2.73103e+28 4.38892e+43 
1.78343e+15 1.05346e+29 1.87878e+44 1.60594e+28 2.86408e+43 2.00445e+28 3.57481e+43 2.63662e+28 4.70224e+43 2.97272e+28 5.30164e+43 
1.97917e+15 1.14016e+29 2.25656e+44 1.81954e+28 3.60117e+43 2.21052e+28 4.37499e+43 2.85542e+28 5.65135e+43 3.20021e+28 6.33375e+43 
2.19639e+15 1.21985e+29 2.67927e+44 2.04268e+28 4.48652e+43 2.41558e+28 5.30555e+43 3.05862e+28 6.71791e+43 3.40379e+28 7.47604e+43 
2.43744e+15 1.28882e+29 3.14143e+44 2.27023e+28 5.53357e+43 2.61384e+28 6.37109e+43 3.23763e+28 7.89154e+43 3.57283e+28 8.70857e+43 
2.70496e+15 1.34314e+29 3.63315e+44 2.49565e+28 6.75064e+43 2.79870e+28 7.57036e+43 3.38347e+28 9.15216e+43 3.69642e+28 9.99867e+43 
3.00184e+15 1.37908e+29 4.13977e+44 2.71116e+28 8.13844e+43 2.96305e+28 8.89459e+43 3.48752e+28 1.04690e+44 3.76442e+28 1.13002e+44 
3.33129e+15 1.39348e+29 4.64208e+44 2.90808e+28 9.68768e+43 3.09981e+28 1.03264e+44 3.54243e+28 1.18009e+44 3.76864e+28 1.25544e+44 
3.69691e+15 1.38427e+29 5.11751e+44 3.07750e+28 1.13772e+44 3.20252e+28 1.18394e+44 3.54310e+28 1.30985e+44 3.70422e+28 1.36942e+44 
4.10266e+15 1.35089e+29 5.54223e+44 3.21101e+28 1.31737e+44 3.26601e+28 1.33993e+44 3.48761e+28 1.43085e+44 3.57075e+28 1.46495e+44 
4.55294e+15 1.29457e+29 5.89411e+44 3.30175e+28 1.50327e+44 3.28709e+28 1.49659e+44 3.37780e+28 1.53789e+44 3.37293e+28 1.53567e+44 
5.05263e+15 1.21840e+29 6.15614e+44 3.34539e+28 1.69030e+44 3.26509e+28 1.64973e+44 3.21936e+28 1.62663e+44 3.12058e+28 1.57672e+44 
5.60717e+15 1.12706e+29 6.31962e+44 3.34093e+28 1.87332e+44 3.20217e+28 1.79551e+44 3.02149e+28 1.69420e+44 2.82774e+28 1.58556e+44 
6.22257e+15 1.02632e+29 6.38634e+44 3.29113e+28 2.04793e+44 3.10326e+28 1.93103e+44 2.79588e+28 1.73976e+44 2.51112e+28 1.56256e+44 
6.90551e+15 9.22326e+28 6.36914e+44 3.20229e+28 2.21134e+44 2.97568e+28 2.05486e+44 2.55552e+28 1.76471e+44 2.18807e+28 1.51097e+44 
7.66341e+15 8.20836e+28 6.29040e+44 3.08337e+28 2.36291e+44 2.82822e+28 2.16738e+44 2.31314e+28 1.77265e+44 1.87448e+28 1.43649e+44 
8.50449e+15 7.26523e+28 6.17871e+44 2.94451e+28 2.50416e+44 2.67002e+28 2.27072e+44 2.07989e+28 1.76884e+44 1.58305e+28 1.34630e+44 
9.43788e+15 6.42542e+28 6.06424e+44 2.79530e+28 2.63817e+44 2.50925e+28 2.36820e+44 1.86418e+28 1.75939e+44 1.32224e+28 1.24792e+44 
1.04737e+16 5.70382e+28 5.97402e+44 2.64327e+28 2.76848e+44 2.35205e+28 2.46347e+44 1.67109e+28 1.75025e+44 1.09602e+28 1.14794e+44 
1.16232e+16 5.10029e+28 5.92818e+44 2.49306e+28 2.89774e+44 2.20190e+28 2.55932e+44 1.50228e+28 1.74614e+44 9.04391e+27 1.05119e+44 
1.28989e+16 4.60347e+28 5.93797e+44 2.34639e+28 3.02658e+44 2.05976e+28 2.65686e+44 1.35653e+28 1.74978e+44 7.44421e+27 9.60221e+43 
1.43146e+16 4.19575e+28 6.00604e+44 2.20294e+28 3.15341e+44 1.92467e+28 2.75509e+44 1.23062e+28 1.76159e+44 6.11582e+27 8.75454e+43 
1.58857e+16 3.85791e+28 6.12854e+44 2.06162e+28 3.27503e+44 1.79499e+28 2.85146e+44 1.12056e+28 1.78009e+44 5.00979e+27 7.95838e+43 
1.76291e+16 3.57254e+28 6.29807e+44 1.92186e+28 3.38808e+44 1.66939e+28 2.94298e+44 1.02263e+28 1.80280e+44 4.08298e+27 7.19794e+43 
1.95640e+16 3.32567e+28 6.50634e+44 1.78424e+28 3.49068e+44 1.54758e+28 3.02769e+44 9.34082e+27 1.82744e+44 3.30309e+27 6.46216e+43 
2.17112e+16 3.10664e+28 6.74488e+44 1.65038e+28 3.58316e+44 1.43029e+28 3.10534e+44 8.53328e+27 1.85267e+44 2.64909e+27 5.75150e+43 
2.40940e+16 2.90672e+28 7.00345e+44 1.52207e+28 3.66728e+44 1.31854e+28 3.17691e+44 7.79493e+27 1.87811e+44 2.10806e+27 5.07917e+43 
2.67384e+16 2.71749e+28 7.26613e+44 1.40009e+28 3.74363e+44 1.21265e+28 3.24244e+44 7.11762e+27 1.90314e+44 1.67035e+27 4.46624e+43 
2.96730e+16 2.52983e+28 7.50676e+44 1.28334e+28 3.80806e+44 1.11145e+28 3.29799e+44 6.48777e+27 1.92512e+44 1.32524e+27 3.93240e+43 
3.29297e+16 2.33415e+28 7.68629e+44 1.16876e+28 3.84868e+44 1.01218e+28 3.33308e+44 5.88449e+27 1.93775e+44 1.05876e+27 3.48647e+43 
3.65438e+16 2.12193e+28 7.75436e+44 1.05225e+28 3.84533e+44 9.11278e+27 3.33016e+44 5.28305e+27 1.93063e+44 8.54003e+26 3.12085e+43 
4.05546e+16 1.88799e+28 7.65666e+44 9.30280e+27 3.77271e+44 8.05646e+27 3.26727e+44 4.66219e+27 1.89073e+44 6.93528e+26 2.81257e+43 
4.50056e+16 1.63253e+28 7.34727e+44 8.01446e+27 3.60695e+44 6.94073e+27 3.12371e+44 4.01213e+27 1.80568e+44 5.62244e+26 2.53041e+43 
4.99451e+16 1.36209e+28 6.80295e+44 6.67485e+27 3.33376e+44 5.78059e+27 2.88712e+44 3.33945e+27 1.66789e+44 4.49527e+26 2.24517e+43 
5.54266e+16 1.08880e+28 6.03486e+44 5.33218e+27 2.95545e+44 4.61781e+27 2.55949e+44 2.66684e+27 1.47814e+44 3.49809e+26 1.93887e+43 
6.15099e+16 8.27976e+27 5.09287e+44 4.05461e+27 2.49399e+44 3.51140e+27 2.15986e+44 2.02756e+27 1.24715e+44 2.61680e+26 1.60959e+43 
6.82607e+16 5.94707e+27 4.05951e+44 2.91281e+27 1.98830e+44 2.52256e+27 1.72192e+44 1.45648e+27 9.94203e+43 1.86121e+26 1.27048e+43 
7.57525e+16 4.00488e+27 3.03380e+44 1.96198e+27 1.48625e+44 1.69912e+27 1.28713e+44 9.81010e+26 7.43139e+43 1.24630e+26 9.44106e+42 
8.40665e+16 2.50892e+27 2.10917e+44 1.22934e+27 1.03346e+44 1.06464e+27 8.95002e+43 6.14672e+26 5.16734e+43 7.78442e+25 6.54409e+42 
9.32930e+16 1.44998e+27 1.35273e+44 7.10552e+26 6.62895e+43 6.15356e+26 5.74084e+43 3.55277e+26 3.31449e+43 4.49366e+25 4.19227e+42 
1.03532e+17 7.66093e+26 7.93153e+43 3.75436e+26 3.88697e+43 3.25137e+26 3.36621e+43 1.87718e+26 1.94349e+43 2.37458e+25 2.45845e+42 
1.14895e+17 3.66393e+26 4.20968e+43 1.79556e+26 2.06301e+43 1.55500e+26 1.78662e+43 8.97781e+25 1.03151e+43 1.13695e+25 1.30630e+42 
1.27505e+17 1.56910e+26 2.00068e+43 7.68923e+25 9.80417e+42 6.65907e+25 8.49066e+42 3.84462e+25 4.90208e+42 4.87808e+24 6.21980e+41 
1.41499e+17 5.94575e+25 8.41318e+42 2.91343e+25 4.12248e+42 2.52310e+25 3.57017e+42 1.45671e+25 2.06124e+42 1.85286e+24 2.62178e+41 
1.57029e+17 1.96741e+25 3.08941e+42 9.63937e+24 1.51366e+42 8.34794e+24 1.31087e+42 4.81969e+24 7.56831e+41 6.14811e+23 9.65432e+40 
1.74263e+17 5.60276e+24 9.76356e+41 2.74475e+24 4.78310e+41 2.37703e+24 4.14229e+41 1.37238e+24 2.39155e+41 1.75625e+23 3.06050e+40 
1.93389e+17 1.35130e+24 2.61326e+41 6.61901e+23 1.28004e+41 5.73223e+23 1.10855e+41 3.30950e+23 6.40022e+40 4.24983e+22 8.21870e+39 
2.14614e+17 2.71166e+23 5.81960e+40 1.32804e+23 2.85017e+40 1.15012e+23 2.46832e+40 6.64022e+22 1.42508e+40 8.55835e+21 1.83674e+39 
2.38169e+17 4.43981e+22 1.05742e+40 2.17405e+22 5.17789e+39 1.88278e+22 4.48419e+39 1.08702e+22 2.58895e+39 1.40664e+21 3.35016e+38 
2.64308e+17 5.80518e+21 1.53436e+39 2.84206e+21 7.51181e+38 2.46130e+21 6.50542e+38 1.42103e+21 3.75590e+38 1.84717e+20 4.88223e+37 
2.93317e+17 5.92152e+20 1.73688e+38 2.89830e+20 8.50118e+37 2.51000e+20 7.36224e+37 1.44915e+20 4.25059e+37 1.89407e+19 5.55563e+36 
3.25509e+17 4.59549e+19 1.49587e+37 2.24849e+19 7.31902e+36 1.94725e+19 6.33846e+36 1.12424e+19 3.65951e+36 1.48021e+18 4.81823e+35 
3.61234e+17 2.64385e+18 9.55048e+35 1.29288e+18 4.67034e+35 1.11967e+18 4.04463e+35 6.46442e+17 2.33517e+35 8.60448e+16 3.10823e+34 
4.00881e+17 1.09988e+17 4.40920e+34 5.37369e+16 2.15421e+34 4.65375e+16 1.86560e+34 2.68684e+16 1.07710e+34 3.64046e+15 1.45939e+33 
4.44878e+17 3.24565e+15 1.44392e+33 1.58316e+15 7.04312e+32 1.37105e+15 6.09952e+32 7.91578e+14 3.52156e+32 1.10581e+14 4.91952e+31 
4.93705e+17 6.75899e+13 3.33695e+31 3.28742e+13 1.62301e+31 2.84699e+13 1.40557e+31 1.64371e+13 8.11507e+30 2.41793e+12 1.19375e+30 
5.47890e+17 1.01137e+12 5.54118e+29 4.89666e+11 2.68283e+29 4.24063e+11 2.32340e+29 2.44833e+11 1.34142e+29 3.88925e+10 2.13088e+28 
6.08022e+17 1.12076e+10 6.81447e+27 5.39580e+09 3.28077e+27 4.67290e+09 2.84123e+27 2.69790e+09 1.64038e+27 4.67854e+08 2.84466e+26 
6.74754e+17 9.12102e+07 6.15445e+25 4.37021e+07 2.94882e+25 3.78471e+07 2.55375e+25 2.18511e+07 1.47441e+25 4.06113e+06 2.74026e+24 
7.48810e+17 5.02028e+05 3.75924e+23 2.39875e+05 1.79621e+23 2.07738e+05 1.55556e+23 1.19938e+05 8.98105e+22 2.31530e+04 1.73372e+22 
8.30994e+17 1.66070e+03 1.38003e+21 7.92570e+02 6.58621e+20 6.86386e+02 5.70382e+20 3.96285e+02 3.29310e+20 7.77103e+01 6.45768e+19 
9.22198e+17 2.96178e+00 2.73135e+18 1.41294e+00 1.30301e+18 1.22364e+00 1.12844e+18 7.06468e-01 6.51504e+17 1.39285e-01 1.28448e+17 
1.02341e+18 2.59387e-03 2.65460e+15 1.23727e-03 1.26624e+15 1.07151e-03 1.09659e+15 6.18635e-04 6.33119e+14 1.22167e-04 1.25027e+14 
1.13573e+18 1.02111e-06 1.15970e+12 4.87049e-07 5.53158e+11 4.21797e-07 4.79049e+11 2.43525e-07 2.76579e+11 4.81122e-08 5.46426e+10 
1.26038e+18 1.64842e-10 2.07764e+08 7.86262e-11 9.90991e+07 6.80923e-11 8.58223e+07 3.93131e-11 4.95496e+07 7.76772e-12 9.79031e+06 
1.39871e+18 9.87960e-15 1.38187e+04 4.71235e-15 6.59122e+03 4.08101e-15 5.70817e+03 2.35617e-15 3.29561e+03 4.65552e-16 6.51173e+02 
1.55223e+18 1.97023e-19 3.05824e-01 9.39756e-20 1.45871e-01 8.13853e-20 1.26328e-01 4.69878e-20 7.29357e-02 9.28402e-21 1.44109e-02 
1.72259e+18 1.15818e-24 1.99506e-06 5.52427e-25 9.51604e-07 4.78416e-25 8.24113e-07 2.76214e-25 4.75802e-07 5.45729e-26 9.40065e-08 
1.91164e+18 1.75470e-30 3.35437e-12 8.36964e-31 1.59998e-12 7.24832e-31 1.38562e-12 4.18482e-31 7.99989e-13 8.26748e-32 1.58045e-13 
2.12145e+18 5.90422e-37 1.25255e-18 2.81625e-37 5.97453e-19 2.43894e-37 5.17410e-19 1.40812e-37 2.98727e-19 2.78142e-38 5.90065e-20 
2.35429e+18 3.74115e-44 8.80773e-26 1.78453e-44 4.20130e-26 1.54545e-44 3.63843e-26 8.92266e-45 2.10065e-26 1.76185e-45 4.14790e-27 
2.61268e+18 3.71882e-52 9.71606e-34 1.77398e-52 4.63484e-34 1.53631e-52 4.01389e-34 8.86992e-53 2.31742e-34 1.75003e-53 4.57227e-35 
2.89942e+18 4.74056e-61 1.37449e-42 2.26172e-61 6.55768e-43 1.95870e-61 5.67911e-43 1.13086e-61 3.27884e-43 2.22672e-62 6.45619e-44 
3.21764e+18 6.21867e-71 2.00095e-52 2.96810e-71 9.55029e-53 2.57045e-71 8.27080e-53 1.48405e-71 4.77515e-53 2.90635e-72 9.35159e-54 
3.57079e+18 6.65465e-82 2.37623e-63 3.17982e-82 1.13545e-63 2.75381e-82 9.83326e-64 1.58991e-82 5.67724e-64 3.06489e-83 1.09441e-64 
3.96269e+18 4.66909e-94 1.85021e-75 2.23839e-94 8.87004e-76 1.93850e-94 7.68168e-76 1.11919e-94 4.43502e-76 2.05913e-95 8.15967e-77 
4.39760e+18 1.86038e-107 8.18121e-89 8.98670e-108 3.95200e-89 7.78271e-108 3.42253e-89 4.49335e-108 1.97600e-89 7.35919e-109 3.23628e-90 
4.88025e+18 3.81175e-122 1.86023e-103 1.85891e-122 9.07197e-104 1.60987e-122 7.85655e-104 9.29457e-123 4.53598e-104 1.28860e-123 6.28869e-105 
5.41587e+18 2.80146e-138 1.51724e-119 1.37319e-138 7.43701e-120 1.18922e-138 6.44064e-120 6.86594e-139 3.71851e-120 8.60333e-140 4.65945e-121 
6.01028e+18 4.04517e-156 2.43126e-137 1.98557e-156 1.19338e-137 1.71955e-156 1.03350e-137 9.92783e-157 5.96690e-138 1.20804e-157 7.26063e-139 
6.66992e+18 6.51380e-176 4.34465e-157 3.19812e-176 2.13312e-157 2.76965e-176 1.84734e-157 1.59906e-176 1.06656e-157 1.93494e-177 1.29059e-158 
7.40196e+18 6.87598e-198 5.08957e-179 3.37607e-198 2.49895e-179 2.92376e-198 2.16416e-179 1.68803e-198 1.24948e-179 2.04091e-199 1.51067e-180 
8.21434e+18 2.76640e-222 2.27242e-203 1.35867e-222 1.11606e-203 1.17664e-222 9.66533e-204 6.79334e-223 5.58028e-204 8.11820e-224 6.66857e-205 
9.11589e+18 4.09875e-241 3.73637e-222 5.36670e-242 4.89222e-223 5.82953e-242 5.31414e-223 6.89138e-242 6.28211e-223 6.21460e-242 5.66516e-223 
1.01164e+19 3.78513e-249 3.82918e-230 4.95680e-250 5.01449e-231 5.38390e-250 5.44656e-231 6.36424e-250 6.43831e-231 5.73903e-250 5.80582e-231 
1.12267e+19 4.46008e-258 5.00719e-239 5.84144e-259 6.55799e-240 6.34436e-259 7.12261e-240 7.49925e-259 8.41916e-240 6.76232e-259 7.59184e-240 
1.24588e+19 5.34808e-268 6.66308e-249 7.00524e-269 8.72771e-250 7.60795e-269 9.47861e-250 8.99250e-269 1.12036e-249 8.10862e-269 1.01024e-249 
1.38262e+19 5.07625e-279 7.01853e-260 6.64978e-280 9.19414e-261 7.22159e-280 9.98473e-261 8.53555e-280 1.18014e-260 7.69643e-280 1.06413e-260 
1.53437e+19 2.88555e-291 4.42750e-272 3.78029e-292 5.80035e-273 4.10521e-292 6.29890e-273 4.85203e-292 7.44480e-273 4.37495e-292 6.71279e-273 
1.70277e+19 7.20715e-305 1.22721e-285 9.44239e-306 1.60782e-286 1.02537e-305 1.74597e-286 1.21188e-305 2.06356e-286 1.09271e-305 1.86064e-286 
1.88965e+19 5.60863e-320 1.05987e-300 7.34676e-321 1.38866e-301 7.97916e-321 1.50793e-301 9.43171e-321 1.78215e-301 8.50287e-321 1.60694e-301 
2.09705e+19 0.00000e+00 0.00000e+00 0.00000e+00 0.00000e+00 0.00000e+00 0.00000e+00 0.00000e+00 0.00000e+00 0.00000e+00 0.00000e+00 
2.32720e+19 0.00000e+00 0.00000e+00 0.00000e+00 0.00000e+00 0.00000e+00 0.00000e+00 0.00000e+00 0.00000e+00 0.00000e+00 0.00000e+00 
2.58262e+19 0.00000e+00 0.00000e+00 0.00000e+00 0.00000e+00 0.00000e+00 0.00000e+00 0.00000e+00 0.00000e+00 0.00000e+00 0.00000e+00 
2.86607e+19 0.00000e+00 0.00000e+00 0.00000e+00 0.00000e+00 0.00000e+00 0.00000e+00 0.00000e+00 0.00000e+00 0.00000e+00 0.00000e+00 
3.18063e+19 0.00000e+00 0.00000e+00 0.00000e+00 0.00000e+00 0.00000e+00 0.00000e+00 0.00000e+00 0.00000e+00 0.00000e+00 0.00000e+00 
3.52971e+19 0.00000e+00 0.00000e+00 0.00000e+00 0.00000e+00 0.00000e+00 0.00000e+00 0.00000e+00 0.00000e+00 0.00000e+00 0.00000e+00 
3.91710e+19 0.00000e+00 0.00000e+00 0.00000e+00 0.00000e+00 0.00000e+00 0.00000e+00 0.00000e+00 0.00000e+00 0.00000e+00 0.00000e+00 
4.34701e+19 0.00000e+00 0.00000e+00 0.00000e+00 0.00000e+00 0.00000e+00 0.00000e+00 0.00000e+00 0.00000e+00 0.00000e+00 0.00000e+00 
4.82411e+19 0.00000e+00 0.00000e+00 0.00000e+00 0.00000e+00 0.00000e+00 0.00000e+00 0.00000e+00 0.00000e+00 0.00000e+00 0.00000e+00 
5.35357e+19 0.00000e+00 0.00000e+00 0.00000e+00 0.00000e+00 0.00000e+00 0.00000e+00 0.00000e+00 0.00000e+00 0.00000e+00 0.00000e+00 
5.94113e+19 0.00000e+00 0.00000e+00 0.00000e+00 0.00000e+00 0.00000e+00 0.00000e+00 0.00000e+00 0.00000e+00 0.00000e+00 0.00000e+00 
6.59319e+19 0.00000e+00 0.00000e+00 0.00000e+00 0.00000e+00 0.00000e+00 0.00000e+00 0.00000e+00 0.00000e+00 0.00000e+00 0.00000e+00 
7.31681e+19 0.00000e+00 0.00000e+00 0.00000e+00 0.00000e+00 0.00000e+00 0.00000e+00 0.00000e+00 0.00000e+00 0.00000e+00 0.00000e+00 
8.11984e+19 0.00000e+00 0.00000e+00 0.00000e+00 0.00000e+00 0.00000e+00 0.00000e+00 0.00000e+00 0.00000e+00 0.00000e+00 0.00000e+00 
9.01102e+19 0.00000e+00 0.00000e+00 0.00000e+00 0.00000e+00 0.00000e+00 0.00000e+00 0.00000e+00 0.00000e+00 0.00000e+00 0.00000e+00 
1.00000e+20 0.00000e+00 0.00000e+00 0.00000e+00 0.00000e+00 0.00000e+00 0.00000e+00 0.00000e+00 0.00000e+00 0.00000e+00 0.00000e+00 
