1.00000e+11 2.25772e+21 2.25772e+32 2.25888e+20 2.25888e+31 3.81751e+20 3.81751e+31 5.73514e+20 5.73514e+31 6.65284e+20 6.65284e+31 
1.10975e+11 2.78048e+21 3.08564e+32 2.78191e+20 3.08723e+31 4.70142e+20 5.21742e+31 7.06305e+20 7.83824e+31 8.19324e+20 9.09247e+31 
1.23155e+11 3.42427e+21 4.21716e+32 3.42604e+20 4.21935e+31 5.78999e+20 7.13067e+31 8.69843e+20 1.07126e+32 1.00903e+21 1.24267e+32 
1.36672e+11 4.21712e+21 5.76360e+32 4.21932e+20 5.76662e+31 7.13060e+20 9.74551e+31 1.07124e+21 1.46409e+32 1.24266e+21 1.69836e+32 
1.51672e+11 5.19354e+21 7.87712e+32 5.19628e+20 7.88128e+31 8.78161e+20 1.33192e+32 1.31928e+21 2.00097e+32 1.53038e+21 2.32115e+32 
1.68318e+11 6.39602e+21 1.07657e+33 6.39943e+20 1.07714e+32 1.08149e+21 1.82034e+32 1.62473e+21 2.73472e+32 1.88471e+21 3.17231e+32 
1.86791e+11 7.87692e+21 1.47134e+33 7.88117e+20 1.47213e+32 1.33189e+21 2.48785e+32 2.00092e+21 3.73754e+32 2.32109e+21 4.33559e+32 
2.07292e+11 9.70067e+21 2.01087e+33 9.70597e+20 2.01197e+32 1.64027e+21 3.40014e+32 2.46419e+21 5.10807e+32 2.85849e+21 5.92543e+32 
2.30043e+11 1.19467e+22 2.74825e+33 1.19533e+21 2.74977e+32 2.02004e+21 4.64696e+32 3.03472e+21 6.98117e+32 3.52031e+21 8.09824e+32 
2.55291e+11 1.47126e+22 3.75600e+33 1.47209e+21 3.75811e+32 2.48774e+21 6.35097e+32 3.73734e+21 9.54109e+32 4.33536e+21 1.10678e+33 
2.83310e+11 1.81190e+22 5.13328e+33 1.81293e+21 5.13622e+32 3.06372e+21 8.67981e+32 4.60263e+21 1.30397e+33 5.33910e+21 1.51262e+33 
3.14404e+11 2.23139e+22 7.01558e+33 2.23269e+21 7.01966e+32 3.77304e+21 1.18626e+33 5.66823e+21 1.78211e+33 6.57521e+21 2.06727e+33 
3.48910e+11 2.74800e+22 9.58805e+33 2.74963e+21 9.59374e+32 4.64658e+21 1.62124e+33 6.98053e+21 2.43558e+33 8.09749e+21 2.82530e+33 
3.87204e+11 3.38420e+22 1.31038e+34 3.38626e+21 1.31117e+33 5.72235e+21 2.21572e+33 8.59663e+21 3.32865e+33 9.97218e+21 3.86126e+33 
4.29700e+11 4.16769e+22 1.79086e+34 4.17027e+21 1.79197e+33 7.04716e+21 3.02817e+33 1.05868e+22 4.54917e+33 1.22808e+22 5.27708e+33 
4.76861e+11 5.13253e+22 2.44751e+34 5.13580e+21 2.44906e+33 8.67866e+21 4.13852e+33 1.30378e+22 6.21720e+33 1.51239e+22 7.21201e+33 
5.29198e+11 6.32073e+22 3.34492e+34 6.32486e+21 3.34710e+33 1.06878e+22 5.65598e+33 1.60560e+22 8.49682e+33 1.86251e+22 9.85637e+33 
5.87279e+11 7.78396e+22 4.57135e+34 7.78919e+21 4.57443e+33 1.31621e+22 7.72981e+33 1.97729e+22 1.16122e+34 2.29367e+22 1.34703e+34 
6.51734e+11 9.58587e+22 6.24744e+34 9.59253e+21 6.25178e+33 1.62091e+22 1.05640e+34 2.43502e+22 1.58698e+34 2.82463e+22 1.84091e+34 
7.23263e+11 1.18049e+23 8.53802e+34 1.18133e+22 8.54415e+33 1.99613e+22 1.44373e+34 2.99868e+22 2.16884e+34 3.47849e+22 2.51586e+34 
8.02643e+11 1.45374e+23 1.16684e+35 1.45482e+22 1.16770e+34 2.45820e+22 1.97306e+34 3.69281e+22 2.96401e+34 4.28367e+22 3.43826e+34 
8.90735e+11 1.79024e+23 1.59463e+35 1.79162e+22 1.59586e+34 3.02722e+22 2.69645e+34 4.54758e+22 4.05069e+34 5.27520e+22 4.69880e+34 
9.88496e+11 2.20461e+23 2.17924e+35 2.20638e+22 2.18100e+34 3.72792e+22 3.68504e+34 5.60015e+22 5.53573e+34 6.49618e+22 6.42144e+34 
1.09699e+12 2.71486e+23 2.97816e+35 2.71715e+22 2.98067e+34 4.59079e+22 5.03603e+34 6.89630e+22 7.56515e+34 7.99970e+22 8.77556e+34 
1.21738e+12 3.34319e+23 4.06994e+35 3.34614e+22 4.07353e+34 5.65332e+22 6.88226e+34 8.49237e+22 1.03385e+35 9.85111e+22 1.19926e+35 
1.35099e+12 4.11689e+23 5.56189e+35 4.12071e+22 5.56705e+34 6.96172e+22 9.40523e+34 1.04577e+23 1.41283e+35 1.21309e+23 1.63888e+35 
1.49927e+12 5.06959e+23 7.60068e+35 5.07454e+22 7.60810e+34 8.57284e+22 1.28530e+35 1.28778e+23 1.93072e+35 1.49381e+23 2.23962e+35 
1.66382e+12 6.24269e+23 1.03867e+36 6.24913e+22 1.03974e+35 1.05567e+23 1.75644e+35 1.58576e+23 2.63842e+35 1.83947e+23 3.06054e+35 
1.84642e+12 7.68713e+23 1.41937e+36 7.69553e+22 1.42092e+35 1.29995e+23 2.40026e+35 1.95267e+23 3.60547e+35 2.26508e+23 4.18229e+35 
2.04907e+12 9.46565e+23 1.93958e+36 9.47663e+22 1.94183e+35 1.60073e+23 3.28002e+35 2.40445e+23 4.92689e+35 2.78912e+23 5.71511e+35 
2.27397e+12 1.16555e+24 2.65041e+36 1.16698e+23 2.65368e+35 1.97108e+23 4.48217e+35 2.96069e+23 6.73251e+35 3.43434e+23 7.80957e+35 
2.52354e+12 1.43516e+24 3.62168e+36 1.43705e+23 3.62645e+35 2.42707e+23 6.12481e+35 3.64555e+23 9.19968e+35 4.22875e+23 1.06714e+36 
2.80050e+12 1.76710e+24 4.94878e+36 1.76960e+23 4.95576e+35 2.98850e+23 8.36930e+35 4.48873e+23 1.25707e+36 5.20680e+23 1.45817e+36 
3.10787e+12 2.17578e+24 6.76202e+36 2.17907e+23 6.77225e+35 3.67971e+23 1.14361e+36 5.52680e+23 1.71766e+36 6.41090e+23 1.99242e+36 
3.44896e+12 2.67889e+24 9.23939e+36 2.68325e+23 9.25442e+35 4.53070e+23 1.56262e+36 6.80477e+23 2.34694e+36 7.89327e+23 2.72236e+36 
3.82749e+12 3.29825e+24 1.26240e+37 3.30403e+23 1.26462e+36 5.57835e+23 2.13511e+36 8.37801e+23 3.20668e+36 9.71810e+23 3.71960e+36 
4.24757e+12 4.06068e+24 1.72480e+37 4.06837e+23 1.72807e+36 6.86805e+23 2.91725e+36 1.03146e+24 4.38122e+36 1.19644e+24 5.08198e+36 
4.71375e+12 4.99918e+24 2.35649e+37 5.00942e+23 2.36132e+36 8.45566e+23 3.98579e+36 1.26985e+24 5.98576e+36 1.47295e+24 6.94312e+36 
5.23110e+12 6.15435e+24 3.21940e+37 6.16802e+23 3.22655e+36 1.04099e+24 5.44552e+36 1.56327e+24 8.17761e+36 1.81328e+24 9.48547e+36 
5.80523e+12 7.57613e+24 4.39811e+37 7.59440e+23 4.40872e+36 1.28153e+24 7.43957e+36 1.92440e+24 1.11716e+37 2.23216e+24 1.29582e+37 
6.44236e+12 9.32592e+24 6.00809e+37 9.35039e+23 6.02386e+36 1.57758e+24 1.01634e+37 2.36885e+24 1.52610e+37 2.74766e+24 1.77014e+37 
7.14943e+12 1.14792e+25 8.20700e+37 1.15121e+24 8.23047e+36 1.94194e+24 1.38837e+37 2.91579e+24 2.08462e+37 3.38202e+24 2.41795e+37 
7.93410e+12 1.41289e+25 1.12100e+38 1.41730e+24 1.12450e+37 2.39031e+24 1.89650e+37 3.58879e+24 2.84738e+37 4.16260e+24 3.30265e+37 
8.80488e+12 1.73891e+25 1.53109e+38 1.74484e+24 1.53632e+37 2.94204e+24 2.59043e+37 4.41685e+24 3.88898e+37 5.12299e+24 4.51073e+37 
9.77124e+12 2.14000e+25 2.09105e+38 2.14799e+24 2.09886e+37 3.62088e+24 3.53805e+37 5.43557e+24 5.31123e+37 6.30449e+24 6.16027e+37 
1.08437e+13 2.63339e+25 2.85556e+38 2.64418e+24 2.86725e+37 4.45604e+24 4.83198e+37 6.68871e+24 7.25301e+37 7.75784e+24 8.41234e+37 
1.20338e+13 3.24026e+25 3.89925e+38 3.25481e+24 3.91677e+37 5.48338e+24 6.59858e+37 8.23002e+24 9.90382e+37 9.54536e+24 1.14867e+38 
1.33545e+13 3.98658e+25 5.32388e+38 4.00625e+24 5.35015e+37 6.74698e+24 9.01026e+37 1.01255e+25 1.35221e+38 1.17435e+25 1.56829e+38 
1.48202e+13 4.90426e+25 7.26821e+38 4.93086e+24 7.30764e+37 8.30093e+24 1.23022e+38 1.24561e+25 1.84602e+38 1.44463e+25 2.14098e+38 
1.64468e+13 6.03246e+25 9.92144e+38 6.06847e+24 9.98067e+37 1.02117e+25 1.67949e+38 1.53213e+25 2.51986e+38 1.77689e+25 2.92241e+38 
1.82518e+13 7.41919e+25 1.35414e+39 7.46797e+24 1.36304e+38 1.25607e+25 2.29256e+38 1.88431e+25 3.43920e+38 2.18527e+25 3.98852e+38 
2.02550e+13 9.12334e+25 1.84793e+39 9.18946e+24 1.86133e+38 1.54480e+25 3.12900e+38 2.31708e+25 4.69324e+38 2.68709e+25 5.44270e+38 
2.24781e+13 1.12171e+26 2.52138e+39 1.13067e+25 2.54153e+38 1.89961e+25 4.26996e+38 2.84876e+25 6.40346e+38 3.30357e+25 7.42579e+38 
2.49451e+13 1.37888e+26 3.43962e+39 1.39104e+25 3.46996e+38 2.33553e+25 5.82600e+38 3.50180e+25 8.73526e+38 4.06073e+25 1.01295e+39 
2.76829e+13 1.69466e+26 4.69130e+39 1.71117e+25 4.73701e+38 2.87095e+25 7.94761e+38 4.30364e+25 1.19137e+39 4.99036e+25 1.38148e+39 
3.07211e+13 2.08228e+26 6.39701e+39 2.10470e+25 6.46589e+38 3.52839e+25 1.08396e+39 5.28787e+25 1.62449e+39 6.13138e+25 1.88363e+39 
3.40929e+13 2.55793e+26 8.72071e+39 2.58838e+25 8.82453e+38 4.33539e+25 1.47806e+39 6.49553e+25 2.21451e+39 7.53134e+25 2.56765e+39 
3.78346e+13 3.14135e+26 1.18852e+40 3.18271e+25 1.20417e+39 5.32561e+25 2.01492e+39 7.97675e+25 3.01797e+39 9.24826e+25 3.49904e+39 
4.19871e+13 3.85663e+26 1.61929e+40 3.91284e+25 1.64289e+39 6.54016e+25 2.74602e+39 9.79265e+25 4.11165e+39 1.13530e+26 4.76677e+39 
4.65953e+13 4.73315e+26 2.20543e+40 4.80953e+25 2.24101e+39 8.02919e+25 3.74122e+39 1.20177e+26 5.59969e+39 1.39317e+26 6.49149e+39 
5.17092e+13 5.80666e+26 3.00258e+40 5.91044e+25 3.05624e+39 9.85383e+25 5.09533e+39 1.47427e+26 7.62331e+39 1.70893e+26 8.83675e+39 
5.73844e+13 7.12062e+26 4.08613e+40 7.26164e+25 4.16705e+39 1.20884e+26 6.93689e+39 1.80777e+26 1.03738e+40 2.09535e+26 1.20240e+40 
6.36825e+13 8.72778e+26 5.55807e+40 8.91937e+25 5.68008e+39 1.48235e+26 9.43997e+39 2.21565e+26 1.41098e+40 2.56788e+26 1.63529e+40 
7.06718e+13 1.06921e+27 7.55627e+40 1.09523e+26 7.74021e+39 1.81687e+26 1.28402e+40 2.71411e+26 1.91811e+40 3.14528e+26 2.22282e+40 
7.84282e+13 1.30908e+27 1.02669e+41 1.34443e+26 1.05441e+40 2.22571e+26 1.74559e+40 3.32275e+26 2.60597e+40 3.85018e+26 3.01962e+40 
8.70359e+13 1.60173e+27 1.39408e+41 1.64972e+26 1.43585e+40 2.72496e+26 2.37169e+40 4.06521e+26 3.53819e+40 4.70990e+26 4.09930e+40 
9.65883e+13 1.95839e+27 1.89158e+41 2.02353e+26 1.95449e+40 3.33402e+26 3.22027e+40 4.96994e+26 4.80038e+40 5.75731e+26 5.56089e+40 
1.07189e+14 2.39256e+27 2.56456e+41 2.48092e+26 2.65928e+40 4.07627e+26 4.36932e+40 6.07109e+26 6.50755e+40 7.03183e+26 7.53736e+40 
1.18953e+14 2.92039e+27 3.47390e+41 3.04019e+26 3.61641e+40 4.97977e+26 5.92361e+40 7.40954e+26 8.81390e+40 8.58061e+26 1.02069e+41 
1.32009e+14 3.56114e+27 4.70102e+41 3.72347e+26 4.91531e+40 6.07813e+26 8.02367e+40 9.03402e+26 1.19257e+41 1.04598e+27 1.38079e+41 
1.46497e+14 4.33772e+27 6.35463e+41 4.55751e+26 6.67662e+40 7.41142e+26 1.08575e+41 1.10024e+27 1.61182e+41 1.27361e+27 1.86581e+41 
1.62576e+14 5.27721e+27 8.57946e+41 5.57453e+26 9.06283e+40 9.02728e+26 1.46762e+41 1.33831e+27 2.17577e+41 1.54883e+27 2.51802e+41 
1.80419e+14 6.41151e+27 1.15676e+42 6.81331e+26 1.22925e+41 1.09821e+27 1.98137e+41 1.62567e+27 2.93301e+41 1.88088e+27 3.39346e+41 
2.00220e+14 7.77792e+27 1.55730e+42 8.32028e+26 1.66589e+41 1.33421e+27 2.67136e+41 1.97171e+27 3.94777e+41 2.28057e+27 4.56616e+41 
2.22195e+14 9.41982e+27 2.09303e+42 1.01509e+27 2.25549e+41 1.61851e+27 3.59625e+41 2.38738e+27 5.30462e+41 2.76042e+27 6.13351e+41 
2.46581e+14 1.13872e+28 2.80787e+42 1.23713e+27 3.05053e+41 1.96014e+27 4.83333e+41 2.88524e+27 7.11445e+41 3.33483e+27 8.22306e+41 
2.73644e+14 1.37373e+28 3.75913e+42 1.50596e+27 4.12098e+41 2.36951e+27 6.48402e+41 3.47967e+27 9.52190e+41 4.02019e+27 1.10010e+42 
3.03677e+14 1.65347e+28 5.02121e+42 1.83081e+27 5.55975e+41 2.85856e+27 8.68078e+41 4.18688e+27 1.27146e+42 4.83498e+27 1.46827e+42 
3.37006e+14 1.98517e+28 6.69014e+42 2.22247e+27 7.48987e+41 3.44078e+27 1.15957e+42 5.02495e+27 1.69344e+42 5.79971e+27 1.95454e+42 
3.73994e+14 2.37677e+28 8.88895e+42 2.69351e+27 1.00736e+42 4.13131e+27 1.54508e+42 6.01371e+27 2.24909e+42 6.93681e+27 2.59432e+42 
4.15040e+14 2.83686e+28 1.17741e+43 3.25844e+27 1.35238e+42 4.94683e+27 2.05313e+42 7.17455e+27 2.97773e+42 8.27032e+27 3.43252e+42 
4.60592e+14 3.37453e+28 1.55428e+43 3.93382e+27 1.81189e+42 5.90545e+27 2.72000e+42 8.52997e+27 3.92884e+42 9.82539e+27 4.52550e+42 
5.11143e+14 3.99912e+28 2.04412e+43 4.73839e+27 2.42200e+42 7.02645e+27 3.59152e+42 1.01030e+28 5.16407e+42 1.16275e+28 5.94332e+42 
5.67243e+14 4.71988e+28 2.67732e+43 5.69300e+27 3.22931e+42 8.32983e+27 4.72503e+42 1.19162e+28 6.75937e+42 1.37014e+28 7.77201e+42 
6.29499e+14 5.54553e+28 3.49090e+43 6.82048e+27 4.29349e+42 9.83568e+27 6.19155e+42 1.39907e+28 8.80713e+42 1.60696e+28 1.01158e+43 
6.98588e+14 6.48364e+28 4.52939e+43 8.14527e+27 5.69019e+42 1.15633e+28 8.07801e+42 1.63445e+28 1.14181e+43 1.87508e+28 1.30991e+43 
7.75260e+14 7.53999e+28 5.84545e+43 9.69278e+27 7.51442e+42 1.35303e+28 1.04895e+43 1.89907e+28 1.47227e+43 2.17575e+28 1.68677e+43 
8.60346e+14 8.71766e+28 7.50021e+43 1.14884e+28 9.88399e+42 1.57507e+28 1.35511e+43 2.19356e+28 1.88722e+43 2.50937e+28 2.15893e+43 
9.54772e+14 1.00161e+29 9.56312e+43 1.35560e+28 1.29429e+43 1.82340e+28 1.74093e+43 2.51759e+28 2.40373e+43 2.87522e+28 2.74518e+43 
1.05956e+15 1.14302e+29 1.21110e+44 1.59160e+28 1.68640e+43 2.09827e+28 2.22324e+43 2.86969e+28 3.04061e+43 3.27117e+28 3.46600e+43 
1.17585e+15 1.29491e+29 1.52262e+44 1.85828e+28 2.18506e+43 2.39904e+28 2.82091e+43 3.24692e+28 3.81790e+43 3.69339e+28 4.34287e+43 
1.30490e+15 1.45549e+29 1.89927e+44 2.15613e+28 2.81354e+43 2.72392e+28 3.55444e+43 3.64464e+28 4.75590e+43 4.13603e+28 5.39711e+43 
1.44812e+15 1.62219e+29 2.34912e+44 2.48435e+28 3.59763e+43 3.06969e+28 4.44528e+43 4.05624e+28 5.87392e+43 4.59097e+28 6.64826e+43 
1.60705e+15 1.79150e+29 2.87904e+44 2.84035e+28 4.56460e+43 3.43147e+28 5.51455e+43 4.47290e+28 7.18819e+43 5.04756e+28 8.11169e+43 
1.78343e+15 1.95894e+29 3.49363e+44 3.21939e+28 5.74156e+43 3.80240e+28 6.78131e+43 4.88344e+28 8.70927e+43 5.49242e+28 9.79536e+43 
1.97917e+15 2.11897e+29 4.19380e+44 3.61410e+28 7.15291e+43 4.17344e+28 8.25994e+43 5.27422e+28 1.04386e+44 5.90949e+28 1.16959e+44 
2.19639e+15 2.26509e+29 4.97501e+44 4.01428e+28 8.81690e+43 4.53337e+28 9.95702e+43 5.62937e+28 1.23643e+44 6.28019e+28 1.37937e+44 
2.43744e+15 2.39001e+29 5.82552e+44 4.40675e+28 1.07412e+44 4.86882e+28 1.18675e+44 5.93131e+28 1.44572e+44 6.58422e+28 1.60487e+44 
2.70496e+15 2.48609e+29 6.72477e+44 4.77571e+28 1.29181e+44 5.16486e+28 1.39707e+44 6.16171e+28 1.66672e+44 6.80072e+28 1.83957e+44 
3.00184e+15 2.54594e+29 7.64248e+44 5.10336e+28 1.53194e+44 5.40578e+28 1.62273e+44 6.30305e+28 1.89207e+44 6.91018e+28 2.07432e+44 
3.33129e+15 2.56328e+29 8.53903e+44 5.37113e+28 1.78928e+44 5.57641e+28 1.85767e+44 6.34055e+28 2.11222e+44 6.89688e+28 2.29755e+44 
3.69691e+15 2.53388e+29 9.36752e+44 5.56136e+28 2.05599e+44 5.66369e+28 2.09382e+44 6.26441e+28 2.31590e+44 6.75143e+28 2.49595e+44 
4.10266e+15 2.45645e+29 1.00780e+45 5.65931e+28 2.32182e+44 5.65838e+28 2.32144e+44 6.07180e+28 2.49105e+44 6.47325e+28 2.65575e+44 
4.55294e+15 2.33327e+29 1.06232e+45 5.65528e+28 2.57481e+44 5.55666e+28 2.52991e+44 5.76829e+28 2.62626e+44 6.07197e+28 2.76453e+44 
5.05263e+15 2.17032e+29 1.09658e+45 5.54637e+28 2.80237e+44 5.36116e+28 2.70880e+44 5.36818e+28 2.71234e+44 5.56754e+28 2.81307e+44 
5.60717e+15 1.97684e+29 1.10845e+45 5.33749e+28 2.99282e+44 5.08118e+28 2.84910e+44 4.89342e+28 2.74382e+44 4.98858e+28 2.79718e+44 
6.22257e+15 1.76424e+29 1.09781e+45 5.04118e+28 3.13691e+44 4.73195e+28 2.94449e+44 4.37125e+28 2.72004e+44 4.36902e+28 2.71865e+44 
6.90551e+15 1.54464e+29 1.06665e+45 4.67608e+28 3.22908e+44 4.33289e+28 2.99208e+44 3.83083e+28 2.64539e+44 3.74374e+28 2.58524e+44 
7.66341e+15 1.32922e+29 1.01864e+45 4.26439e+28 3.26797e+44 3.90510e+28 2.99264e+44 3.29959e+28 2.52861e+44 3.14401e+28 2.40939e+44 
8.50449e+15 1.12688e+29 9.58352e+44 3.82861e+28 3.25604e+44 3.46878e+28 2.95002e+44 2.79994e+28 2.38121e+44 2.59378e+28 2.20588e+44 
9.43788e+15 9.43405e+28 8.90374e+44 3.38870e+28 3.19822e+44 3.04090e+28 2.86996e+44 2.34724e+28 2.21529e+44 2.10763e+28 1.98916e+44 
1.04737e+16 7.81422e+28 8.18439e+44 2.96003e+28 3.10025e+44 2.63380e+28 2.75856e+44 1.94912e+28 2.04145e+44 1.69078e+28 1.77088e+44 
1.16232e+16 6.40959e+28 7.45001e+44 2.55279e+28 2.96717e+44 2.25494e+28 2.62097e+44 1.60637e+28 1.86712e+44 1.34085e+28 1.55850e+44 
1.28989e+16 5.20431e+28 6.71298e+44 2.17280e+28 2.80267e+44 1.90776e+28 2.46080e+44 1.31490e+28 1.69607e+44 1.05071e+28 1.35529e+44 
1.43146e+16 4.17673e+28 5.97882e+44 1.82309e+28 2.60968e+44 1.59315e+28 2.28053e+44 1.06817e+28 1.52905e+44 8.11459e+27 1.16157e+44 
1.58857e+16 3.30717e+28 5.25365e+44 1.50571e+28 2.39193e+44 1.31122e+28 2.08296e+44 8.59519e+27 1.36540e+44 6.14839e+27 9.76712e+43 
1.76291e+16 2.58117e+28 4.55038e+44 1.22291e+28 2.15588e+44 1.06240e+28 1.87292e+44 6.83592e+27 1.20511e+44 4.54396e+27 8.01061e+43 
1.95640e+16 1.98871e+28 3.89070e+44 9.77289e+27 1.91197e+44 8.47739e+27 1.65851e+44 5.36841e+27 1.05028e+44 3.25568e+27 6.36941e+43 
2.17112e+16 1.52073e+28 3.30168e+44 7.71050e+27 1.67404e+44 6.68258e+27 1.45087e+44 4.17036e+27 9.05433e+43 2.24984e+27 4.88466e+43 
2.40940e+16 1.16547e+28 2.80810e+44 6.04689e+27 1.45694e+44 5.23841e+27 1.26214e+44 3.22271e+27 7.76481e+43 1.49532e+27 3.60282e+43 
2.67384e+16 9.06541e+27 2.42395e+44 4.75995e+27 1.27274e+44 4.12270e+27 1.10235e+44 2.50043e+27 6.68575e+43 9.57000e+26 2.55887e+43 
2.96730e+16 7.23426e+27 2.14662e+44 3.79864e+27 1.12717e+44 3.28983e+27 9.76192e+43 1.96814e+27 5.84008e+43 5.94241e+26 1.76329e+43 
3.29297e+16 5.94134e+27 1.95646e+44 3.09097e+27 1.01785e+44 2.67688e+27 8.81489e+43 1.58224e+27 5.21027e+43 3.63859e+26 1.19818e+43 
3.65438e+16 4.98514e+27 1.82176e+44 2.55870e+27 9.35047e+43 2.21590e+27 8.09776e+43 1.29744e+27 4.74136e+43 2.25256e+26 8.23174e+42 
4.05546e+16 4.20951e+27 1.70715e+44 2.13273e+27 8.64921e+43 1.84700e+27 7.49044e+43 1.07439e+27 4.35715e+43 1.44857e+26 5.87460e+42 
4.50056e+16 3.51586e+27 1.58233e+44 1.76375e+27 7.93784e+43 1.52745e+27 6.87437e+43 8.84926e+26 3.98266e+43 9.82122e+25 4.42010e+42 
4.99451e+16 2.85986e+27 1.42836e+44 1.42545e+27 7.11944e+43 1.23448e+27 6.16562e+43 7.13590e+26 3.56403e+43 6.96494e+25 3.47864e+42 
5.54266e+16 2.23759e+27 1.24022e+44 1.11118e+27 6.15889e+43 9.62309e+26 5.33376e+43 5.55638e+26 3.07971e+43 5.03535e+25 2.79092e+42 
6.15099e+16 1.66754e+27 1.02570e+44 8.26529e+26 5.08397e+43 7.15795e+26 4.40285e+43 4.13103e+26 2.54099e+43 3.60268e+25 2.21600e+42 
6.82607e+16 1.17400e+27 8.01382e+43 5.81414e+26 3.96877e+43 5.03519e+26 3.43706e+43 2.90553e+26 1.98334e+43 2.48896e+25 1.69898e+42 
7.57525e+16 7.75023e+26 5.87099e+43 3.83712e+26 2.90672e+43 3.32305e+26 2.51729e+43 1.91760e+26 1.45263e+43 1.63066e+25 1.23526e+42 
8.40665e+16 4.76236e+26 4.00355e+43 2.35777e+26 1.98209e+43 2.04189e+26 1.71654e+43 1.17840e+26 9.90643e+42 9.99681e+24 8.40397e+41 
9.32930e+16 2.70323e+26 2.52192e+43 1.33842e+26 1.24866e+43 1.15911e+26 1.08137e+43 6.69010e+25 6.24140e+42 5.67369e+24 5.29316e+41 
1.03532e+17 1.40589e+26 1.45555e+43 6.96152e+25 7.20741e+42 6.02885e+25 6.24180e+42 3.48004e+25 3.60296e+42 2.95276e+24 3.05706e+41 
1.14895e+17 6.64007e+25 7.62911e+42 3.28820e+25 3.77798e+42 2.84766e+25 3.27183e+42 1.64388e+25 1.88874e+42 1.39609e+24 1.60404e+41 
1.27505e+17 2.82044e+25 3.59620e+42 1.39675e+25 1.78093e+42 1.20962e+25 1.54233e+42 6.98320e+24 8.90394e+41 5.93951e+23 7.57319e+40 
1.41499e+17 1.06598e+25 1.50835e+42 5.27890e+24 7.46960e+41 4.57166e+24 6.46886e+41 2.63934e+24 3.73464e+41 2.25071e+23 3.18473e+40 
1.57029e+17 3.54334e+24 5.56407e+41 1.75459e+24 2.75522e+41 1.51952e+24 2.38609e+41 8.77278e+23 1.37758e+41 7.51428e+22 1.17996e+40 
1.74263e+17 1.02300e+24 1.78272e+41 5.06495e+23 8.82634e+40 4.38637e+23 7.64384e+40 2.53245e+23 4.41313e+40 2.18496e+22 3.80758e+39 
1.93389e+17 2.53165e+23 4.89595e+40 1.25313e+23 2.42341e+40 1.08524e+23 2.09873e+40 6.26560e+22 1.21170e+40 5.46740e+21 1.05734e+39 
2.14614e+17 5.29831e+22 1.13709e+40 2.62158e+22 5.62627e+39 2.27035e+22 4.87250e+39 1.31079e+22 2.81313e+39 1.16326e+21 2.49653e+38 
2.38169e+17 9.25496e+21 2.20424e+39 4.57679e+21 1.09005e+39 3.96361e+21 9.44008e+38 2.28839e+21 5.45023e+38 2.08037e+20 4.95479e+37 
2.64308e+17 1.33345e+21 3.52443e+38 6.58920e+20 1.74158e+38 5.70641e+20 1.50825e+38 3.29460e+20 8.70789e+37 3.09497e+19 8.18025e+36 
2.93317e+17 1.56964e+20 4.60402e+37 7.74851e+19 2.27277e+37 6.71041e+19 1.96827e+37 3.87426e+19 1.13638e+37 3.79560e+18 1.11331e+36 
3.25509e+17 1.49900e+19 4.87939e+36 7.39073e+18 2.40575e+36 6.40056e+18 2.08344e+36 3.69536e+18 1.20287e+36 3.80375e+17 1.23815e+35 
3.61234e+17 1.15403e+18 4.16877e+35 5.68226e+17 2.05263e+35 4.92098e+17 1.77763e+35 2.84113e+17 1.02631e+35 3.07994e+16 1.11258e+34 
4.00881e+17 7.08446e+16 2.84002e+34 3.48388e+16 1.39662e+34 3.01713e+16 1.20951e+34 1.74194e+16 6.98311e+33 1.97880e+15 7.93264e+32 
4.44878e+17 3.39224e+15 1.50914e+33 1.66656e+15 7.41415e+32 1.44328e+15 6.42084e+32 8.33279e+14 3.70708e+32 9.80711e+13 4.36297e+31 
4.93705e+17 1.22190e+14 6.03257e+31 5.99935e+13 2.96191e+31 5.19559e+13 2.56509e+31 2.99968e+13 1.48095e+31 3.60894e+12 1.78175e+30 
5.47890e+17 3.15829e+12 1.73039e+30 1.55023e+12 8.49354e+29 1.34254e+12 7.35563e+29 7.75114e+11 4.24677e+29 9.42708e+10 5.16500e+28 
6.08022e+17 5.55899e+10 3.37999e+28 2.72838e+10 1.65892e+28 2.36285e+10 1.43666e+28 1.36419e+10 8.29458e+27 1.66527e+09 1.01252e+27 
6.74754e+17 6.31409e+08 4.26046e+26 3.09906e+08 2.09110e+26 2.68386e+08 1.81095e+26 1.54953e+08 1.04555e+26 1.89156e+07 1.27634e+25 
7.48810e+17 4.38131e+06 3.28077e+24 2.15055e+06 1.61035e+24 1.86243e+06 1.39461e+24 1.07527e+06 8.05176e+23 1.31076e+05 9.81512e+22 
8.30994e+17 1.75377e+04 1.45737e+22 8.60888e+03 7.15393e+21 7.45551e+03 6.19549e+21 4.30444e+03 3.57697e+21 5.23795e+02 4.35271e+20 
9.22198e+17 3.80635e+01 3.51021e+19 1.86857e+01 1.72319e+19 1.61823e+01 1.49233e+19 9.34287e+00 8.61597e+18 1.13506e+00 1.04675e+18 
1.02341e+18 4.18301e-02 4.28094e+16 2.05358e-02 2.10166e+16 1.77845e-02 1.82009e+16 1.02679e-02 1.05083e+16 1.24575e-03 1.27492e+15 
1.13573e+18 2.15636e-05 2.44905e+13 1.05867e-05 1.20237e+13 9.16835e-06 1.04128e+13 5.29335e-06 6.01183e+12 6.41529e-07 7.28606e+11 
1.26038e+18 4.78686e-09 6.03328e+09 2.35019e-09 2.96214e+09 2.03532e-09 2.56529e+09 1.17510e-09 1.48107e+09 1.42301e-10 1.79354e+08 
1.39871e+18 4.15881e-13 5.81698e+05 2.04188e-13 2.85600e+05 1.76832e-13 2.47337e+05 1.02094e-13 1.42800e+05 1.23562e-14 1.72827e+04 
1.55223e+18 1.27133e-17 1.97339e+01 6.24204e-18 9.68905e+00 5.40576e-18 8.39096e+00 3.12102e-18 4.84452e+00 3.77576e-19 5.86083e-01 
1.72259e+18 1.21517e-22 2.09323e-04 5.96633e-23 1.02775e-04 5.16699e-23 8.90059e-05 2.98317e-23 5.13876e-05 3.60801e-24 6.21511e-06 
1.91164e+18 3.18651e-28 6.09147e-10 1.56455e-28 2.99087e-10 1.35494e-28 2.59017e-10 7.82276e-29 1.49543e-10 9.45965e-30 1.80835e-11 
2.12145e+18 1.98377e-34 4.20847e-16 9.74019e-35 2.06633e-16 8.43525e-35 1.78950e-16 4.87009e-35 1.03317e-16 5.88851e-36 1.24922e-17 
2.35429e+18 2.49862e-41 5.88246e-23 1.22681e-41 2.88826e-23 1.06245e-41 2.50131e-23 6.13404e-42 1.44413e-23 7.41629e-43 1.74601e-24 
2.61268e+18 5.33436e-49 1.39370e-30 2.61915e-49 6.84299e-31 2.26825e-49 5.92621e-31 1.30958e-49 3.42150e-31 1.58327e-50 4.13656e-32 
2.89942e+18 1.58688e-57 4.60104e-39 7.79153e-58 2.25910e-39 6.74767e-58 1.95643e-39 3.89577e-58 1.12955e-39 4.70985e-59 1.36558e-40 
3.21764e+18 5.29430e-67 1.70352e-48 2.59948e-67 8.36420e-49 2.25122e-67 7.24361e-49 1.29974e-67 4.18210e-49 1.57132e-68 5.05596e-50 
3.57079e+18 1.55729e-77 5.56075e-59 7.64624e-78 2.73031e-59 6.62184e-78 2.36452e-59 3.82312e-78 1.36515e-59 4.62194e-79 1.65040e-60 
3.96269e+18 3.09271e-89 1.22554e-70 1.51851e-89 6.01738e-71 1.31507e-89 5.21120e-71 7.59254e-90 3.00869e-71 9.17894e-91 3.63733e-72 
4.39760e+18 3.08435e-102 1.35638e-83 1.51441e-102 6.65977e-84 1.31152e-102 5.76753e-84 7.57204e-103 3.32988e-84 9.15414e-104 4.02563e-85 
4.88025e+18 1.11230e-116 5.42830e-98 5.46135e-117 2.66528e-98 4.72967e-117 2.30820e-98 2.73068e-117 1.33264e-98 3.30122e-118 1.61108e-99 
5.41587e+18 1.00752e-132 5.45659e-114 4.94688e-133 2.67917e-114 4.28413e-133 2.32023e-114 2.47344e-133 1.33958e-114 2.99024e-134 1.61947e-115 
6.01028e+18 1.52983e-150 9.19469e-132 7.51141e-151 4.51456e-132 6.50507e-151 3.90973e-132 3.75570e-151 2.25728e-132 4.54042e-152 2.72892e-133 
6.66992e+18 2.48603e-170 1.65816e-151 1.22063e-170 8.14152e-152 1.05710e-170 7.05076e-152 6.10316e-171 4.07076e-152 7.37835e-172 4.92130e-153 
7.40196e+18 2.62774e-192 1.94504e-173 1.29021e-192 9.55010e-174 1.11736e-192 8.27063e-174 6.45106e-193 4.77505e-174 7.79881e-194 5.77265e-175 
8.21434e+18 1.05738e-216 8.68566e-198 5.19312e-217 4.26581e-198 4.49737e-217 3.69430e-198 2.59656e-217 2.13290e-198 3.10292e-218 2.54885e-199 
9.11589e+18 1.56665e-235 1.42814e-216 2.05130e-236 1.86994e-217 2.22820e-236 2.03121e-217 2.63407e-236 2.40119e-217 2.37539e-236 2.16538e-217 
1.01164e+19 1.44678e-243 1.46362e-224 1.89462e-244 1.91667e-225 2.05787e-244 2.08182e-225 2.43259e-244 2.46090e-225 2.19361e-244 2.21914e-225 
1.12267e+19 1.70476e-252 1.91388e-233 2.23276e-253 2.50664e-234 2.42498e-253 2.72245e-234 2.86641e-253 3.21803e-234 2.58474e-253 2.90181e-234 
1.24588e+19 2.04418e-262 2.54681e-243 2.67759e-263 3.33597e-244 2.90796e-263 3.62298e-244 3.43718e-263 4.28232e-244 3.09933e-263 3.86141e-244 
1.38262e+19 1.94028e-273 2.68267e-254 2.54173e-274 3.51425e-255 2.76029e-274 3.81643e-255 3.26252e-274 4.51083e-255 2.94178e-274 4.06737e-255 
1.53437e+19 1.10294e-285 1.69231e-266 1.44493e-286 2.21705e-267 1.56912e-286 2.40761e-267 1.85458e-286 2.84560e-267 1.67223e-286 2.56581e-267 
1.70277e+19 2.75477e-299 4.69073e-280 3.60914e-300 6.14553e-281 3.91925e-300 6.67357e-281 4.63215e-300 7.88748e-281 4.17664e-300 7.11186e-281 
1.88965e+19 2.14383e-314 4.05110e-295 2.80883e-315 5.30771e-296 3.05012e-315 5.76367e-296 3.60488e-315 6.81198e-296 3.25037e-315 6.14206e-296 
2.09705e+19 0.00000e+00 0.00000e+00 0.00000e+00 0.00000e+00 0.00000e+00 0.00000e+00 0.00000e+00 0.00000e+00 0.00000e+00 0.00000e+00 
2.32720e+19 0.00000e+00 0.00000e+00 0.00000e+00 0.00000e+00 0.00000e+00 0.00000e+00 0.00000e+00 0.00000e+00 0.00000e+00 0.00000e+00 
2.58262e+19 0.00000e+00 0.00000e+00 0.00000e+00 0.00000e+00 0.00000e+00 0.00000e+00 0.00000e+00 0.00000e+00 0.00000e+00 0.00000e+00 
2.86607e+19 0.00000e+00 0.00000e+00 0.00000e+00 0.00000e+00 0.00000e+00 0.00000e+00 0.00000e+00 0.00000e+00 0.00000e+00 0.00000e+00 
3.18063e+19 0.00000e+00 0.00000e+00 0.00000e+00 0.00000e+00 0.00000e+00 0.00000e+00 0.00000e+00 0.00000e+00 0.00000e+00 0.00000e+00 
3.52971e+19 0.00000e+00 0.00000e+00 0.00000e+00 0.00000e+00 0.00000e+00 0.00000e+00 0.00000e+00 0.00000e+00 0.00000e+00 0.00000e+00 
3.91710e+19 0.00000e+00 0.00000e+00 0.00000e+00 0.00000e+00 0.00000e+00 0.00000e+00 0.00000e+00 0.00000e+00 0.00000e+00 0.00000e+00 
4.34701e+19 0.00000e+00 0.00000e+00 0.00000e+00 0.00000e+00 0.00000e+00 0.00000e+00 0.00000e+00 0.00000e+00 0.00000e+00 0.00000e+00 
4.82411e+19 0.00000e+00 0.00000e+00 0.00000e+00 0.00000e+00 0.00000e+00 0.00000e+00 0.00000e+00 0.00000e+00 0.00000e+00 0.00000e+00 
5.35357e+19 0.00000e+00 0.00000e+00 0.00000e+00 0.00000e+00 0.00000e+00 0.00000e+00 0.00000e+00 0.00000e+00 0.00000e+00 0.00000e+00 
5.94113e+19 0.00000e+00 0.00000e+00 0.00000e+00 0.00000e+00 0.00000e+00 0.00000e+00 0.00000e+00 0.00000e+00 0.00000e+00 0.00000e+00 
6.59319e+19 0.00000e+00 0.00000e+00 0.00000e+00 0.00000e+00 0.00000e+00 0.00000e+00 0.00000e+00 0.00000e+00 0.00000e+00 0.00000e+00 
7.31681e+19 0.00000e+00 0.00000e+00 0.00000e+00 0.00000e+00 0.00000e+00 0.00000e+00 0.00000e+00 0.00000e+00 0.00000e+00 0.00000e+00 
8.11984e+19 0.00000e+00 0.00000e+00 0.00000e+00 0.00000e+00 0.00000e+00 0.00000e+00 0.00000e+00 0.00000e+00 0.00000e+00 0.00000e+00 
9.01102e+19 0.00000e+00 0.00000e+00 0.00000e+00 0.00000e+00 0.00000e+00 0.00000e+00 0.00000e+00 0.00000e+00 0.00000e+00 0.00000e+00 
1.00000e+20 0.00000e+00 0.00000e+00 0.00000e+00 0.00000e+00 0.00000e+00 0.00000e+00 0.00000e+00 0.00000e+00 0.00000e+00 0.00000e+00 
