1.00000e+11 3.60817e+20 3.60817e+31 3.20829e+19 3.20829e+30 6.22538e+19 6.22538e+30 9.44367e+19 9.44367e+30 1.06631e+20 1.06631e+31 
1.10975e+11 4.44360e+20 4.93129e+31 3.95116e+19 4.38481e+30 7.66681e+19 8.50826e+30 1.16302e+20 1.29067e+31 1.31321e+20 1.45733e+31 
1.23155e+11 5.47246e+20 6.73961e+31 4.86603e+19 5.99276e+30 9.44198e+19 1.16283e+31 1.43231e+20 1.76396e+31 1.61726e+20 1.99174e+31 
1.36672e+11 6.73953e+20 9.21102e+31 5.99274e+19 8.19037e+30 1.16282e+20 1.58924e+31 1.76394e+20 2.41080e+31 1.99171e+20 2.72211e+31 
1.51672e+11 8.29995e+20 1.25887e+32 7.38033e+19 1.11939e+31 1.43205e+20 2.17201e+31 2.17235e+20 3.29484e+31 2.45286e+20 3.72030e+31 
1.68318e+11 1.02217e+21 1.72049e+32 9.08920e+19 1.52988e+31 1.76362e+20 2.96849e+31 2.67532e+20 4.50304e+31 3.02077e+20 5.08451e+31 
1.86791e+11 1.25883e+21 2.35138e+32 1.11937e+20 2.09089e+31 2.17196e+20 4.05702e+31 3.29474e+20 6.15428e+31 3.72017e+20 6.94896e+31 
2.07292e+11 1.55028e+21 3.21361e+32 1.37856e+20 2.85764e+31 2.67483e+20 5.54472e+31 4.05756e+20 8.41100e+31 4.58149e+20 9.49707e+31 
2.30043e+11 1.90921e+21 4.39201e+32 1.69775e+20 3.90556e+31 3.29413e+20 7.57792e+31 4.99699e+20 1.14952e+32 5.64222e+20 1.29795e+32 
2.55291e+11 2.35124e+21 6.00249e+32 2.09085e+20 5.33775e+31 4.05681e+20 1.03567e+32 6.15390e+20 1.57103e+32 6.94851e+20 1.77389e+32 
2.83310e+11 2.89559e+21 8.20350e+32 2.57497e+20 7.29513e+31 4.99606e+20 1.41543e+32 7.57865e+20 2.14710e+32 8.55722e+20 2.42434e+32 
3.14404e+11 3.56597e+21 1.12115e+33 3.17117e+20 9.97027e+31 6.15276e+20 1.93445e+32 9.33323e+20 2.93440e+32 1.05383e+21 3.31329e+32 
3.48910e+11 4.39154e+21 1.53225e+33 3.90541e+20 1.36264e+32 7.57723e+20 2.64377e+32 1.14940e+21 4.01037e+32 1.29781e+21 4.52818e+32 
3.87204e+11 5.40822e+21 2.09408e+33 4.80966e+20 1.86232e+32 9.33147e+20 3.61318e+32 1.41549e+21 5.48085e+32 1.59826e+21 6.18852e+32 
4.29700e+11 6.66024e+21 2.86191e+33 5.92326e+20 2.54523e+32 1.14918e+21 4.93804e+32 1.74319e+21 7.49048e+32 1.96826e+21 8.45761e+32 
4.76861e+11 8.20207e+21 3.91125e+33 7.29469e+20 3.47855e+32 1.41522e+21 6.74865e+32 2.14673e+21 1.02369e+33 2.42390e+21 1.15586e+33 
5.29198e+11 1.01008e+22 5.34532e+33 8.98363e+20 4.75412e+32 1.74285e+21 9.22313e+32 2.64369e+21 1.39903e+33 2.98501e+21 1.57966e+33 
5.87279e+11 1.24390e+22 7.30515e+33 1.10636e+21 6.49742e+32 2.14631e+21 1.26048e+33 3.25566e+21 1.91198e+33 3.67599e+21 2.15883e+33 
6.51734e+11 1.53183e+22 9.98349e+33 1.36251e+21 8.87995e+32 2.64316e+21 1.72264e+33 4.00928e+21 2.61298e+33 4.52689e+21 2.95033e+33 
7.23263e+11 1.88641e+22 1.36437e+34 1.67796e+21 1.21361e+33 3.25501e+21 2.35423e+33 4.93732e+21 3.57098e+33 5.57472e+21 4.03199e+33 
8.02643e+11 2.32304e+22 1.86458e+34 2.06645e+21 1.65862e+33 4.00847e+21 3.21737e+33 6.08012e+21 4.88017e+33 6.86503e+21 5.51017e+33 
8.90735e+11 2.86072e+22 2.54814e+34 2.54487e+21 2.26680e+33 4.93630e+21 4.39694e+33 7.48738e+21 6.66928e+33 8.45393e+21 7.53022e+33 
9.88496e+11 3.52281e+22 3.48228e+34 3.13404e+21 3.09798e+33 6.07885e+21 6.00892e+33 9.22028e+21 9.11421e+33 1.04105e+22 1.02907e+34 
1.09699e+12 4.33810e+22 4.75883e+34 3.85960e+21 4.23392e+33 7.48579e+21 8.21181e+33 1.13541e+22 1.24553e+34 1.28197e+22 1.40631e+34 
1.21738e+12 5.34200e+22 6.50326e+34 4.75311e+21 5.78636e+33 9.21828e+21 1.12222e+34 1.39817e+22 1.70211e+34 1.57863e+22 1.92180e+34 
1.35099e+12 6.57816e+22 8.88705e+34 5.85346e+21 7.90798e+33 1.13516e+22 1.53360e+34 1.72171e+22 2.32602e+34 1.94392e+22 2.62623e+34 
1.49927e+12 8.10025e+22 1.21445e+35 7.20850e+21 1.08075e+34 1.39785e+22 2.09576e+34 2.12009e+22 3.17858e+34 2.39371e+22 3.58881e+34 
1.66382e+12 9.97439e+22 1.65956e+35 8.87718e+21 1.47700e+34 1.72131e+22 2.86394e+34 2.61061e+22 4.34358e+34 2.94751e+22 4.90412e+34 
1.84642e+12 1.22820e+23 2.26777e+35 1.09321e+22 2.01853e+34 2.11958e+22 3.91365e+34 3.21457e+22 5.93547e+34 3.62939e+22 6.70139e+34 
2.04907e+12 1.51231e+23 3.09883e+35 1.34626e+22 2.75858e+34 2.60997e+22 5.34803e+34 3.95819e+22 8.11063e+34 4.46892e+22 9.15715e+34 
2.27397e+12 1.86211e+23 4.23437e+35 1.65787e+22 3.76994e+34 3.21376e+22 7.30798e+34 4.87373e+22 1.10827e+35 5.50253e+22 1.25126e+35 
2.52354e+12 2.29276e+23 5.78588e+35 2.04159e+22 5.15204e+34 3.95715e+22 9.98604e+34 6.00090e+22 1.51435e+35 6.77505e+22 1.70971e+35 
2.80050e+12 2.82295e+23 7.90568e+35 2.51411e+22 7.04077e+34 4.87241e+22 1.36452e+35 7.38857e+22 2.06917e+35 8.34164e+22 2.33608e+35 
3.10787e+12 3.47564e+23 1.08018e+36 3.09596e+22 9.62182e+34 5.99921e+22 1.86447e+35 9.09689e+22 2.82719e+35 1.02702e+23 3.19183e+35 
3.44896e+12 4.27912e+23 1.47585e+36 3.81243e+22 1.31489e+35 7.38641e+22 2.54754e+35 1.11999e+23 3.86279e+35 1.26442e+23 4.36093e+35 
3.82749e+12 5.26815e+23 2.01638e+36 4.69465e+22 1.79687e+35 9.09411e+22 3.48076e+35 1.37885e+23 5.27754e+35 1.55664e+23 5.95802e+35 
4.24757e+12 6.48554e+23 2.75478e+36 5.78095e+22 2.45550e+35 1.11963e+23 4.75569e+35 1.69748e+23 7.21018e+35 1.91632e+23 8.13970e+35 
4.71375e+12 7.98392e+23 3.76342e+36 7.11851e+22 3.35549e+35 1.37839e+23 6.49737e+35 2.08966e+23 9.85015e+35 2.35901e+23 1.11198e+36 
5.23110e+12 9.82803e+23 5.14114e+36 8.76540e+22 4.58527e+35 1.69688e+23 8.87656e+35 2.57233e+23 1.34561e+36 2.90382e+23 1.51902e+36 
5.80523e+12 1.20975e+24 7.02285e+36 1.07931e+23 6.26565e+35 2.08888e+23 1.21264e+36 3.16632e+23 1.83812e+36 3.57426e+23 2.07494e+36 
6.44236e+12 1.48901e+24 9.59273e+36 1.32897e+23 8.56169e+35 2.57131e+23 1.65653e+36 3.89726e+23 2.51075e+36 4.39924e+23 2.83415e+36 
7.14943e+12 1.83262e+24 1.31022e+37 1.63633e+23 1.16988e+36 3.16499e+23 2.26279e+36 4.79662e+23 3.42931e+36 5.41427e+23 3.87089e+36 
7.93410e+12 2.25537e+24 1.78943e+37 2.01474e+23 1.59851e+36 3.89552e+23 3.09074e+36 5.90312e+23 4.68359e+36 6.66301e+23 5.28650e+36 
8.80488e+12 2.77543e+24 2.44373e+37 2.48059e+23 2.18413e+36 4.79434e+23 4.22136e+36 7.26431e+23 6.39614e+36 8.19910e+23 7.21921e+36 
9.77124e+12 3.41510e+24 3.33698e+37 3.05406e+23 2.98419e+36 5.90012e+23 5.76515e+36 8.93861e+23 8.73413e+36 1.00884e+24 9.85762e+36 
1.08437e+13 4.20181e+24 4.55630e+37 3.75998e+23 4.07720e+36 7.26035e+23 7.87288e+36 1.09977e+24 1.19256e+37 1.24118e+24 1.34589e+37 
1.20338e+13 5.16920e+24 6.22050e+37 4.62891e+23 5.57032e+36 8.93338e+23 1.07502e+37 1.35298e+24 1.62815e+37 1.52686e+24 1.83739e+37 
1.33545e+13 6.35856e+24 8.49154e+37 5.69841e+23 7.60995e+36 1.09908e+24 1.46777e+37 1.66429e+24 2.22258e+37 1.87806e+24 2.50806e+37 
1.48202e+13 7.82055e+24 1.15902e+38 7.01471e+23 1.03959e+37 1.35206e+24 2.00379e+37 2.04696e+24 3.03364e+37 2.30973e+24 3.42307e+37 
1.64468e+13 9.61729e+24 1.58173e+38 8.63463e+23 1.42012e+37 1.66307e+24 2.73521e+37 2.51725e+24 4.14007e+37 2.84018e+24 4.67118e+37 
1.82518e+13 1.18249e+25 2.15827e+38 1.06281e+24 1.93982e+37 2.04534e+24 3.73311e+37 3.09510e+24 5.64913e+37 3.49187e+24 6.37331e+37 
2.02550e+13 1.45367e+25 2.94442e+38 1.30809e+24 2.64954e+37 2.51509e+24 5.09432e+37 3.80492e+24 7.70687e+37 4.29229e+24 8.69403e+37 
2.24781e+13 1.78669e+25 4.01613e+38 1.60988e+24 3.61869e+37 3.09221e+24 6.95069e+37 4.67660e+24 1.05121e+38 5.27508e+24 1.18573e+38 
2.49451e+13 2.19551e+25 5.47671e+38 1.98113e+24 4.94195e+37 3.80105e+24 9.48176e+37 5.74671e+24 1.43352e+38 6.48139e+24 1.61679e+38 
2.76829e+13 2.69721e+25 7.46665e+38 2.43781e+24 6.74854e+37 4.67143e+24 1.29318e+38 7.05997e+24 1.95440e+38 7.96153e+24 2.20398e+38 
3.07211e+13 3.31266e+25 1.01769e+39 2.99947e+24 9.21470e+37 5.73978e+24 1.76333e+38 8.67099e+24 2.66383e+38 9.77690e+24 3.00357e+38 
3.40929e+13 4.06732e+25 1.38667e+39 3.69015e+24 1.25808e+38 7.05068e+24 2.40378e+38 1.06464e+25 3.62967e+38 1.20024e+25 4.09196e+38 
3.78346e+13 4.99223e+25 1.88879e+39 4.53936e+24 1.71745e+38 8.65854e+24 3.27593e+38 1.30676e+25 4.94407e+38 1.47293e+25 5.57279e+38 
4.19871e+13 6.12519e+25 2.57179e+39 5.58329e+24 2.34426e+38 1.06297e+25 4.46311e+38 1.60334e+25 6.73194e+38 1.80688e+25 7.58655e+38 
4.65953e+13 7.51218e+25 3.50032e+39 6.86632e+24 3.19938e+38 1.30451e+25 6.07842e+38 1.96642e+25 9.16259e+38 2.21558e+25 1.03235e+39 
5.17092e+13 9.20901e+25 4.76191e+39 8.44287e+24 4.36574e+38 1.60033e+25 8.27516e+38 2.41063e+25 1.24652e+39 2.71541e+25 1.40412e+39 
5.73844e+13 1.12834e+26 6.47491e+39 1.03796e+25 5.95628e+38 1.96238e+25 1.12610e+39 2.95368e+25 1.69495e+39 3.32623e+25 1.90874e+39 
6.36825e+13 1.38173e+26 8.79918e+39 1.27582e+25 8.12472e+38 2.40521e+25 1.53170e+39 3.61704e+25 2.30342e+39 4.07204e+25 2.59318e+39 
7.06718e+13 1.69096e+26 1.19503e+40 1.56784e+25 1.10802e+39 2.94641e+25 2.08228e+39 4.42661e+25 3.12837e+39 4.98180e+25 3.52073e+39 
7.84282e+13 2.06796e+26 1.62186e+40 1.92625e+25 1.51073e+39 3.60730e+25 2.82914e+39 5.41364e+25 4.24582e+39 6.09036e+25 4.77656e+39 
8.70359e+13 2.52706e+26 2.19945e+40 2.36597e+25 2.05925e+39 4.41358e+25 3.84140e+39 6.61566e+25 5.75800e+39 7.43955e+25 6.47508e+39 
9.65883e+13 3.08545e+26 2.98019e+40 2.90522e+25 2.80610e+39 5.39621e+25 5.21211e+39 8.07769e+25 7.80210e+39 9.07945e+25 8.76969e+39 
1.07189e+14 3.76366e+26 4.03423e+40 3.56621e+25 3.82259e+39 6.59241e+25 7.06634e+39 9.85349e+25 1.05619e+40 1.10698e+26 1.18656e+40 
1.18953e+14 4.58611e+26 5.45534e+40 4.37601e+25 5.20542e+39 8.04671e+25 9.57183e+39 1.20071e+26 1.42828e+40 1.34814e+26 1.60366e+40 
1.32009e+14 5.58178e+26 7.36844e+40 5.36755e+25 7.08564e+39 9.81232e+25 1.29531e+40 1.46143e+26 1.92922e+40 1.63982e+26 2.16471e+40 
1.46497e+14 6.78483e+26 9.93958e+40 6.58083e+25 9.64072e+39 1.19525e+26 1.75101e+40 1.77648e+26 2.60249e+40 1.99188e+26 2.91805e+40 
1.62576e+14 8.23538e+26 1.33887e+41 8.06436e+25 1.31107e+40 1.45423e+26 2.36422e+40 2.15636e+26 3.50571e+40 2.41587e+26 3.92761e+40 
1.80419e+14 9.98022e+26 1.80062e+41 9.87692e+25 1.78198e+40 1.76700e+26 3.18800e+40 2.61333e+26 4.71494e+40 2.92518e+26 5.27758e+40 
2.00220e+14 1.20736e+27 2.41737e+41 1.20895e+26 2.42056e+40 2.14395e+26 4.29263e+40 3.16161e+26 6.33018e+40 3.53529e+26 7.07836e+40 
2.22195e+14 1.45777e+27 3.23910e+41 1.47878e+26 3.28576e+40 2.59719e+26 5.77081e+40 3.81752e+26 8.48233e+40 4.26386e+26 9.47407e+40 
2.46581e+14 1.75637e+27 4.33088e+41 1.80746e+26 4.45687e+40 3.14074e+26 7.74448e+40 4.59969e+26 1.13420e+41 5.13090e+26 1.26518e+41 
2.73644e+14 2.11116e+27 5.77708e+41 2.20737e+26 6.04034e+40 3.79078e+26 1.03732e+41 5.52909e+26 1.51300e+41 6.15876e+26 1.68531e+41 
3.03677e+14 2.53108e+27 7.68630e+41 2.69326e+26 8.17883e+40 4.56576e+26 1.38652e+41 6.62913e+26 2.01311e+41 7.37212e+26 2.23874e+41 
3.37006e+14 3.02593e+27 1.01976e+42 3.28274e+26 1.10630e+41 5.48660e+26 1.84902e+41 7.92553e+26 2.67095e+41 8.79778e+26 2.96491e+41 
3.73994e+14 3.60636e+27 1.34876e+42 3.99668e+26 1.49473e+41 6.57676e+26 2.45967e+41 9.44617e+26 3.53281e+41 1.04643e+27 3.91358e+41 
4.15040e+14 4.28372e+27 1.77792e+42 4.85973e+26 2.01699e+41 7.86233e+26 3.26319e+41 1.12207e+27 4.65705e+41 1.24014e+27 5.14710e+41 
4.60592e+14 5.06985e+27 2.33513e+42 5.90087e+26 2.71789e+41 9.37198e+26 4.31666e+41 1.32801e+27 6.11671e+41 1.46395e+27 6.74282e+41 
5.11143e+14 5.97689e+27 3.05505e+42 7.15392e+26 3.65668e+41 1.11369e+27 5.69256e+41 1.56559e+27 8.00243e+41 1.72081e+27 8.79583e+41 
5.67243e+14 7.01698e+27 3.98033e+42 8.65810e+26 4.91124e+41 1.31908e+27 7.48237e+41 1.83797e+27 1.04258e+42 2.01358e+27 1.14219e+42 
6.29499e+14 8.20202e+27 5.16316e+42 1.04585e+27 6.58364e+41 1.55695e+27 9.80099e+41 2.14821e+27 1.35230e+42 2.34483e+27 1.47607e+42 
6.98588e+14 9.54348e+27 6.66696e+42 1.26067e+27 8.80686e+41 1.83112e+27 1.27920e+42 2.49923e+27 1.74593e+42 2.71678e+27 1.89791e+42 
7.75260e+14 1.10523e+28 8.56838e+42 1.51604e+27 1.17533e+42 2.14563e+27 1.66342e+42 2.89376e+27 2.24341e+42 3.13128e+27 2.42756e+42 
8.60346e+14 1.27388e+28 1.09598e+43 1.81844e+27 1.56449e+42 2.50475e+27 2.15495e+42 3.33433e+27 2.86868e+42 3.58977e+27 3.08844e+42 
9.54772e+14 1.46134e+28 1.39525e+43 2.17492e+27 2.07655e+42 2.91299e+27 2.78124e+42 3.82334e+27 3.65042e+42 4.09332e+27 3.90819e+42 
1.05956e+15 1.66863e+28 1.76802e+43 2.59308e+27 2.74752e+42 3.37516e+27 3.57619e+42 4.36312e+27 4.62299e+42 4.64278e+27 4.91930e+42 
1.17585e+15 1.89684e+28 2.23039e+43 3.08090e+27 3.62267e+42 3.89633e+27 4.58150e+42 4.95595e+27 5.82745e+42 5.23878e+27 6.16001e+42 
1.30490e+15 2.14704e+28 2.80168e+43 3.64649e+27 4.75831e+42 4.48174e+27 5.84823e+42 5.60401e+27 7.31269e+42 5.88173e+27 7.67508e+42 
1.44812e+15 2.42027e+28 3.50484e+43 4.29776e+27 6.22366e+42 5.13654e+27 7.43831e+42 6.30914e+27 9.13638e+42 6.57150e+27 9.51632e+42 
1.60705e+15 2.71724e+28 4.36675e+43 5.04196e+27 8.10269e+42 5.86539e+27 9.42600e+42 7.07218e+27 1.13654e+43 7.30677e+27 1.17424e+43 
1.78343e+15 3.03797e+28 5.41801e+43 5.88504e+27 1.04956e+43 6.67176e+27 1.18986e+43 7.89206e+27 1.40749e+43 8.08388e+27 1.44170e+43 
1.97917e+15 3.38132e+28 6.69219e+43 6.83093e+27 1.35196e+43 7.55698e+27 1.49565e+43 8.76449e+27 1.73464e+43 8.89541e+27 1.76055e+43 
2.19639e+15 3.74440e+28 8.22414e+43 7.88059e+27 1.73088e+43 8.51920e+27 1.87115e+43 9.68060e+27 2.12623e+43 9.72864e+27 2.13678e+43 
2.43744e+15 4.12214e+28 1.00475e+44 9.03098e+27 2.20125e+43 9.55238e+27 2.32834e+43 1.06257e+28 2.58995e+43 1.05642e+28 2.57496e+43 
2.70496e+15 4.50698e+28 1.21912e+44 1.02740e+28 2.77907e+43 1.06453e+28 2.87952e+43 1.15786e+28 3.13196e+43 1.13754e+28 3.07701e+43 
3.00184e+15 4.88893e+28 1.46758e+44 1.15953e+28 3.48072e+43 1.17813e+28 3.53656e+43 1.25116e+28 3.75579e+43 1.21290e+28 3.64092e+43 
3.33129e+15 5.25598e+28 1.75092e+44 1.29738e+28 4.32197e+43 1.29380e+28 4.31004e+43 1.33920e+28 4.46127e+43 1.27861e+28 4.25943e+43 
3.69691e+15 5.59490e+28 2.06839e+44 1.43814e+28 5.31669e+43 1.40882e+28 5.20829e+43 1.41836e+28 5.24356e+43 1.33059e+28 4.91906e+43 
4.10266e+15 5.89241e+28 2.41746e+44 1.57836e+28 6.47547e+43 1.52012e+28 6.23652e+43 1.48504e+28 6.09260e+43 1.36487e+28 5.59958e+43 
4.55294e+15 6.13651e+28 2.79392e+44 1.71413e+28 7.80430e+43 1.62450e+28 7.39622e+43 1.53600e+28 6.99330e+43 1.37811e+28 6.27445e+43 
5.05263e+15 6.31800e+28 3.19225e+44 1.84139e+28 9.30385e+43 1.71893e+28 8.68511e+43 1.56881e+28 7.92663e+43 1.36806e+28 6.91233e+43 
5.60717e+15 6.43179e+28 3.60641e+44 1.95635e+28 1.09696e+44 1.80089e+28 1.00979e+44 1.58227e+28 8.87205e+43 1.33401e+28 7.48001e+43 
6.22257e+15 6.47775e+28 4.03083e+44 2.05589e+28 1.27929e+44 1.86867e+28 1.16280e+44 1.57665e+28 9.81083e+43 1.27703e+28 7.94644e+43 
6.90551e+15 6.46080e+28 4.46151e+44 2.13794e+28 1.47636e+44 1.92156e+28 1.32693e+44 1.55382e+28 1.07299e+44 1.20010e+28 8.28732e+43 
7.66341e+15 6.38990e+28 4.89684e+44 2.20159e+28 1.68717e+44 1.95979e+28 1.50187e+44 1.51699e+28 1.16253e+44 1.10776e+28 8.48923e+43 
8.50449e+15 6.27611e+28 5.33751e+44 2.24693e+28 1.91090e+44 1.98429e+28 1.68754e+44 1.47016e+28 1.25030e+44 1.00560e+28 8.55211e+43 
9.43788e+15 6.12999e+28 5.78541e+44 2.27450e+28 2.14665e+44 1.99605e+28 1.88384e+44 1.41736e+28 1.33769e+44 8.99463e+27 8.48902e+43 
1.04737e+16 5.95890e+28 6.24118e+44 2.28454e+28 2.39276e+44 1.99541e+28 2.08993e+44 1.36176e+28 1.42627e+44 7.94656e+27 8.32299e+43 
1.16232e+16 5.76511e+28 6.70092e+44 2.27614e+28 2.64561e+44 1.98145e+28 2.30308e+44 1.30497e+28 1.51680e+44 6.95280e+27 8.08139e+43 
1.28989e+16 5.54508e+28 7.15254e+44 2.24685e+28 2.89819e+44 1.95161e+28 2.51737e+44 1.24671e+28 1.60812e+44 6.03860e+27 7.78913e+43 
1.43146e+16 5.29048e+28 7.57310e+44 2.19274e+28 3.13882e+44 1.90200e+28 2.72263e+44 1.18496e+28 1.69622e+44 5.21328e+27 7.46259e+43 
1.58857e+16 4.99077e+28 7.92816e+44 2.10929e+28 3.35074e+44 1.82816e+28 2.90414e+44 1.11668e+28 1.77392e+44 4.47320e+27 7.10596e+43 
1.76291e+16 4.63679e+28 8.17426e+44 1.99282e+28 3.51317e+44 1.72647e+28 3.04362e+44 1.03883e+28 1.83136e+44 3.80683e+27 6.71111e+43 
1.95640e+16 4.22466e+28 8.26511e+44 1.84217e+28 3.60401e+44 1.59562e+28 3.12167e+44 9.49437e+27 1.85748e+44 3.20054e+27 6.26153e+43 
2.17112e+16 3.75880e+28 8.16079e+44 1.66003e+28 3.60411e+44 1.43772e+28 3.12145e+44 8.48552e+27 1.84231e+44 2.64359e+27 5.73955e+43 
2.40940e+16 3.25321e+28 7.83829e+44 1.45345e+28 3.50195e+44 1.25875e+28 3.03284e+44 7.38569e+27 1.77951e+44 2.13130e+27 5.13517e+43 
2.67384e+16 2.73030e+28 7.30039e+44 1.23329e+28 3.29762e+44 1.06807e+28 2.85584e+44 6.24010e+27 1.66850e+44 1.66570e+27 4.45383e+43 
2.96730e+16 2.21730e+28 6.57940e+44 1.01254e+28 3.00452e+44 8.76889e+27 2.60199e+44 5.10696e+27 1.51539e+44 1.25366e+27 3.72000e+43 
3.29297e+16 1.74112e+28 5.73346e+44 8.04052e+27 2.64772e+44 6.96330e+27 2.29299e+44 4.04563e+27 1.33221e+44 9.03360e+26 2.97474e+43 
3.65438e+16 1.32314e+28 4.83526e+44 6.18221e+27 2.25921e+44 5.35395e+27 1.95654e+44 3.10473e+27 1.13459e+44 6.20385e+26 2.26713e+43 
4.05546e+16 9.75609e+27 3.95655e+44 4.61402e+27 1.87120e+44 3.99586e+27 1.62051e+44 2.31366e+27 9.38298e+43 4.04978e+26 1.64237e+43 
4.50056e+16 7.00689e+27 3.15349e+44 3.35440e+27 1.50966e+44 2.90499e+27 1.30741e+44 1.67998e+27 7.56087e+43 2.51304e+26 1.13101e+43 
4.99451e+16 4.92181e+27 2.45820e+44 2.38361e+27 1.19050e+44 2.06427e+27 1.03100e+44 1.19265e+27 5.95668e+43 1.48804e+26 7.43204e+42 
5.54266e+16 3.38965e+27 1.87877e+44 1.65842e+27 9.19208e+43 1.43624e+27 7.96057e+43 8.29203e+26 4.59600e+43 8.47866e+25 4.69944e+42 
6.15099e+16 2.28656e+27 1.40646e+44 1.12797e+27 6.93812e+43 9.76850e+26 6.00859e+43 5.63699e+26 3.46730e+43 4.70773e+25 2.89572e+42 
6.82607e+16 1.50251e+27 1.02563e+44 7.45676e+26 5.09004e+43 6.45775e+26 4.40810e+43 3.72530e+26 2.54292e+43 2.58198e+25 1.76248e+42 
7.57525e+16 9.52561e+26 7.21589e+43 4.74641e+26 3.59553e+43 4.11051e+26 3.11382e+43 2.37079e+26 1.79593e+43 1.41008e+25 1.06817e+42 
8.40665e+16 5.75599e+26 4.83886e+43 2.87506e+26 2.41696e+43 2.48987e+26 2.09315e+43 1.43592e+26 1.20713e+43 7.64097e+24 6.42350e+41 
9.32930e+16 3.27202e+26 3.05257e+43 1.63652e+26 1.52676e+43 1.41727e+26 1.32221e+43 8.17304e+25 7.62487e+42 4.04516e+24 3.77385e+41 
1.03532e+17 1.72726e+26 1.78827e+43 8.64459e+25 8.94993e+42 7.48643e+25 7.75087e+42 4.31719e+25 4.46968e+42 2.04659e+24 2.11888e+41 
1.14895e+17 8.36224e+25 9.60780e+42 4.18618e+25 4.80972e+42 3.62534e+25 4.16534e+42 2.09065e+25 2.40205e+42 9.67593e+23 1.11172e+41 
1.27505e+17 3.66785e+25 4.67669e+42 1.83617e+25 2.34121e+42 1.59017e+25 2.02755e+42 9.17045e+24 1.16928e+42 4.19102e+23 5.34377e+40 
1.41499e+17 1.43964e+25 2.03707e+42 7.20611e+24 1.01966e+42 6.24068e+24 8.83051e+41 3.59915e+24 5.09276e+41 1.63488e+23 2.31334e+40 
1.57029e+17 4.99124e+24 7.83770e+41 2.49784e+24 3.92233e+41 2.16319e+24 3.39684e+41 1.24764e+24 1.95916e+41 5.65488e+22 8.87980e+39 
1.74263e+17 1.50731e+24 2.62668e+41 7.54112e+23 1.31414e+41 6.53081e+23 1.13808e+41 3.76701e+23 6.56451e+40 1.70790e+22 2.97625e+39 
1.93389e+17 3.90455e+23 7.55099e+40 1.95283e+23 3.77657e+40 1.69120e+23 3.27060e+40 9.75581e+22 1.88667e+40 4.43226e+21 8.57151e+38 
2.14614e+17 8.53039e+22 1.83074e+40 4.26488e+22 9.15304e+39 3.69350e+22 7.92677e+39 2.13082e+22 4.57305e+39 9.71285e+20 2.08451e+38 
2.38169e+17 1.54262e+22 3.67403e+39 7.70964e+21 1.83619e+39 6.67674e+21 1.59019e+39 3.85228e+21 9.17493e+38 1.76326e+20 4.19954e+37 
2.64308e+17 2.26167e+21 5.97777e+38 1.12990e+21 2.98643e+38 9.78526e+20 2.58632e+38 5.64638e+20 1.49238e+38 2.59638e+19 6.86244e+36 
2.93317e+17 2.62727e+20 7.70623e+37 1.31208e+20 3.84855e+37 1.13629e+20 3.33294e+37 6.55740e+19 1.92339e+37 3.02952e+18 8.88608e+35 
3.25509e+17 2.35742e+19 7.67362e+36 1.17691e+19 3.83096e+36 1.01924e+19 3.31771e+36 5.88243e+18 1.91478e+36 2.72997e+17 8.88629e+34 
3.61234e+17 1.58849e+18 5.73815e+35 7.92792e+17 2.86384e+35 6.86578e+17 2.48016e+35 3.96285e+17 1.43152e+35 1.84662e+16 6.67061e+33 
4.00881e+17 7.79048e+16 3.12305e+34 3.88712e+16 1.55827e+34 3.36634e+16 1.34950e+34 1.94316e+16 7.78973e+33 9.08622e+14 3.64249e+32 
4.44878e+17 2.68595e+15 1.19492e+33 1.33989e+15 5.96087e+32 1.16038e+15 5.16226e+32 6.69845e+14 2.98000e+32 3.14096e+13 1.39735e+31 
4.93705e+17 6.26330e+13 3.09222e+31 3.12393e+13 1.54230e+31 2.70540e+13 1.33567e+31 1.56181e+13 7.71072e+30 7.33894e+11 3.62327e+29 
5.47890e+17 9.46207e+11 5.18417e+29 4.71878e+11 2.58537e+29 4.08658e+11 2.23900e+29 2.35924e+11 1.29260e+29 1.11027e+10 6.08307e+27 
6.08022e+17 8.82675e+09 5.36686e+27 4.40156e+09 2.67625e+27 3.81186e+09 2.31770e+27 2.20070e+09 1.33807e+27 1.03669e+08 6.30333e+25 
6.74754e+17 4.81948e+07 3.25197e+25 2.40316e+07 1.62154e+25 2.08119e+07 1.40429e+25 1.20155e+07 8.10752e+24 5.66376e+05 3.82165e+23 
7.48810e+17 1.45103e+05 1.08655e+23 7.23506e+04 5.41769e+22 6.26575e+04 4.69186e+22 3.61749e+04 2.70881e+22 1.70584e+03 1.27735e+21 
8.30994e+17 2.25415e+02 1.87319e+20 1.12393e+02 9.33982e+19 9.73355e+01 8.08852e+19 5.61963e+01 4.66988e+19 2.65063e+00 2.20266e+18 
9.22198e+17 1.67823e-01 1.54766e+17 8.36765e-02 7.71663e+16 7.24660e-02 6.68280e+16 4.18382e-02 3.85831e+16 1.97382e-03 1.82025e+15 
1.02341e+18 5.51635e-05 5.64549e+13 2.75044e-05 2.81483e+13 2.38195e-05 2.43771e+13 1.37522e-05 1.40741e+13 6.48957e-07 6.64150e+11 
1.13573e+18 7.30772e-09 8.29962e+09 3.64360e-09 4.13815e+09 3.15545e-09 3.58375e+09 1.82180e-09 2.06908e+09 8.60077e-11 9.76818e+07 
1.26038e+18 3.52357e-13 4.44105e+05 1.75683e-13 2.21427e+05 1.52146e-13 1.91762e+05 8.78413e-14 1.10714e+05 4.15171e-15 5.23274e+03 
1.39871e+18 5.50290e-18 7.69697e+00 2.74365e-18 3.83759e+00 2.37607e-18 3.32345e+00 1.37183e-18 1.91879e+00 6.50919e-20 9.10450e-02 
1.55223e+18 2.39880e-23 3.72348e-05 1.19591e-23 1.85632e-05 1.03569e-23 1.60762e-05 5.97954e-24 9.28159e-06 2.88699e-25 4.48126e-07 
1.72259e+18 2.15161e-29 3.70633e-11 1.07210e-29 1.84679e-11 9.28468e-30 1.59937e-11 5.36051e-30 9.23394e-12 2.88943e-31 4.97730e-13 
1.91164e+18 -3.44303e-36 -6.58185e-18 -1.72640e-36 -3.30025e-18 -1.49510e-36 -2.85810e-18 -8.63198e-37 -1.65013e-18 1.07274e-38 2.05070e-20 
2.12145e+18 -3.02629e-42 -6.42012e-24 -1.51197e-42 -3.20758e-24 -1.30941e-42 -2.77784e-24 -7.55986e-43 -1.60379e-24 -1.93666e-44 -4.10854e-26 
2.35429e+18 -1.96280e-49 -4.62099e-31 -9.80468e-50 -2.30830e-31 -8.49110e-50 -1.99905e-31 -4.90234e-50 -1.15415e-31 -1.34605e-51 -3.16899e-33 
2.61268e+18 -1.82987e-57 -4.78085e-39 -9.14050e-58 -2.38812e-39 -7.91591e-58 -2.06817e-39 -4.57025e-58 -1.19406e-39 -1.26381e-59 -3.30193e-41 
2.89942e+18 -2.14442e-66 -6.21757e-48 -1.07117e-66 -3.10577e-48 -9.27660e-67 -2.68968e-48 -5.35585e-67 -1.55289e-48 -1.48201e-68 -4.29697e-50 
3.21764e+18 -2.53912e-76 -8.16998e-58 -1.26833e-76 -4.08103e-58 -1.09841e-76 -3.53428e-58 -6.34165e-77 -2.04052e-58 -1.75487e-78 -5.64655e-60 
3.57079e+18 -2.36410e-87 -8.44168e-69 -1.18090e-87 -4.21675e-69 -1.02269e-87 -3.65182e-69 -5.90452e-88 -2.10838e-69 -1.63391e-89 -5.83434e-71 
3.96269e+18 -1.30940e-99 -5.18875e-81 -6.54067e-100 -2.59186e-81 -5.66438e-100 -2.24462e-81 -3.27033e-100 -1.29593e-81 -9.04973e-102 -3.58613e-83 
4.39760e+18 -3.16517e-113 -1.39192e-94 -1.58105e-113 -6.95285e-95 -1.36923e-113 -6.02135e-95 -7.90527e-114 -3.47643e-95 -2.18756e-115 -9.62004e-97 
4.88025e+18 -2.36792e-128 -1.15560e-109 -1.18281e-128 -5.77243e-110 -1.02435e-128 -4.99907e-110 -5.91407e-129 -2.88622e-110 -1.63655e-130 -7.98680e-112 
5.41587e+18 -3.74392e-145 -2.02766e-126 -1.87015e-145 -1.01285e-126 -1.61959e-145 -8.77151e-127 -9.35073e-146 -5.06424e-127 -2.58755e-147 -1.40139e-128 
6.01028e+18 -8.19291e-164 -4.92416e-145 -4.09249e-164 -2.45970e-145 -3.54420e-164 -2.13016e-145 -2.04624e-164 -1.22985e-145 -5.66241e-166 -3.40326e-147 
6.66992e+18 -1.55128e-184 -1.03469e-165 -7.74888e-185 -5.16844e-166 -6.71073e-185 -4.47600e-166 -3.87444e-185 -2.58422e-166 -1.07214e-186 -7.15111e-168 
7.40196e+18 -1.50896e-207 -1.11692e-188 -7.53748e-208 -5.57921e-189 -6.52765e-208 -4.83174e-189 -3.76874e-208 -2.78960e-189 -1.04289e-209 -7.71945e-191 
8.21434e+18 -4.22811e-233 -3.47312e-214 -2.11201e-233 -1.73488e-214 -1.82905e-233 -1.50245e-214 -1.05601e-233 -8.67439e-215 -2.92220e-235 -2.40040e-216 
9.11589e+18 -1.79586e-261 -1.63708e-242 -8.97059e-262 -8.17749e-243 -7.76876e-262 -7.08192e-243 -4.48530e-262 -4.08875e-243 -1.24118e-263 -1.13145e-244 
1.01164e+19 0.00000e+00 0.00000e+00 0.00000e+00 0.00000e+00 0.00000e+00 0.00000e+00 0.00000e+00 0.00000e+00 0.00000e+00 0.00000e+00 
1.12267e+19 0.00000e+00 0.00000e+00 0.00000e+00 0.00000e+00 0.00000e+00 0.00000e+00 0.00000e+00 0.00000e+00 0.00000e+00 0.00000e+00 
1.24588e+19 0.00000e+00 0.00000e+00 0.00000e+00 0.00000e+00 0.00000e+00 0.00000e+00 0.00000e+00 0.00000e+00 0.00000e+00 0.00000e+00 
1.38262e+19 0.00000e+00 0.00000e+00 0.00000e+00 0.00000e+00 0.00000e+00 0.00000e+00 0.00000e+00 0.00000e+00 0.00000e+00 0.00000e+00 
1.53437e+19 0.00000e+00 0.00000e+00 0.00000e+00 0.00000e+00 0.00000e+00 0.00000e+00 0.00000e+00 0.00000e+00 0.00000e+00 0.00000e+00 
1.70277e+19 0.00000e+00 0.00000e+00 0.00000e+00 0.00000e+00 0.00000e+00 0.00000e+00 0.00000e+00 0.00000e+00 0.00000e+00 0.00000e+00 
1.88965e+19 0.00000e+00 0.00000e+00 0.00000e+00 0.00000e+00 0.00000e+00 0.00000e+00 0.00000e+00 0.00000e+00 0.00000e+00 0.00000e+00 
2.09705e+19 0.00000e+00 0.00000e+00 0.00000e+00 0.00000e+00 0.00000e+00 0.00000e+00 0.00000e+00 0.00000e+00 0.00000e+00 0.00000e+00 
2.32720e+19 0.00000e+00 0.00000e+00 0.00000e+00 0.00000e+00 0.00000e+00 0.00000e+00 0.00000e+00 0.00000e+00 0.00000e+00 0.00000e+00 
2.58262e+19 0.00000e+00 0.00000e+00 0.00000e+00 0.00000e+00 0.00000e+00 0.00000e+00 0.00000e+00 0.00000e+00 0.00000e+00 0.00000e+00 
2.86607e+19 0.00000e+00 0.00000e+00 0.00000e+00 0.00000e+00 0.00000e+00 0.00000e+00 0.00000e+00 0.00000e+00 0.00000e+00 0.00000e+00 
3.18063e+19 0.00000e+00 0.00000e+00 0.00000e+00 0.00000e+00 0.00000e+00 0.00000e+00 0.00000e+00 0.00000e+00 0.00000e+00 0.00000e+00 
3.52971e+19 0.00000e+00 0.00000e+00 0.00000e+00 0.00000e+00 0.00000e+00 0.00000e+00 0.00000e+00 0.00000e+00 0.00000e+00 0.00000e+00 
3.91710e+19 0.00000e+00 0.00000e+00 0.00000e+00 0.00000e+00 0.00000e+00 0.00000e+00 0.00000e+00 0.00000e+00 0.00000e+00 0.00000e+00 
4.34701e+19 0.00000e+00 0.00000e+00 0.00000e+00 0.00000e+00 0.00000e+00 0.00000e+00 0.00000e+00 0.00000e+00 0.00000e+00 0.00000e+00 
4.82411e+19 0.00000e+00 0.00000e+00 0.00000e+00 0.00000e+00 0.00000e+00 0.00000e+00 0.00000e+00 0.00000e+00 0.00000e+00 0.00000e+00 
5.35357e+19 0.00000e+00 0.00000e+00 0.00000e+00 0.00000e+00 0.00000e+00 0.00000e+00 0.00000e+00 0.00000e+00 0.00000e+00 0.00000e+00 
5.94113e+19 0.00000e+00 0.00000e+00 0.00000e+00 0.00000e+00 0.00000e+00 0.00000e+00 0.00000e+00 0.00000e+00 0.00000e+00 0.00000e+00 
6.59319e+19 0.00000e+00 0.00000e+00 0.00000e+00 0.00000e+00 0.00000e+00 0.00000e+00 0.00000e+00 0.00000e+00 0.00000e+00 0.00000e+00 
7.31681e+19 0.00000e+00 0.00000e+00 0.00000e+00 0.00000e+00 0.00000e+00 0.00000e+00 0.00000e+00 0.00000e+00 0.00000e+00 0.00000e+00 
8.11984e+19 0.00000e+00 0.00000e+00 0.00000e+00 0.00000e+00 0.00000e+00 0.00000e+00 0.00000e+00 0.00000e+00 0.00000e+00 0.00000e+00 
9.01102e+19 0.00000e+00 0.00000e+00 0.00000e+00 0.00000e+00 0.00000e+00 0.00000e+00 0.00000e+00 0.00000e+00 0.00000e+00 0.00000e+00 
1.00000e+20 0.00000e+00 0.00000e+00 0.00000e+00 0.00000e+00 0.00000e+00 0.00000e+00 0.00000e+00 0.00000e+00 0.00000e+00 0.00000e+00 
