1.00000e+11 1.05369e+21 1.05369e+32 1.74357e+20 1.74357e+31 2.20833e+20 2.20833e+31 2.82313e+20 2.82313e+31 3.01791e+20 3.01791e+31 
1.10975e+11 1.29766e+21 1.44008e+32 2.14729e+20 2.38296e+31 2.71966e+20 3.01814e+31 3.47681e+20 3.85840e+31 3.71668e+20 4.12460e+31 
1.23155e+11 1.59812e+21 1.96817e+32 2.64448e+20 3.25681e+31 3.34937e+20 4.12492e+31 4.28183e+20 5.27329e+31 4.57725e+20 5.63711e+31 
1.36672e+11 1.96815e+21 2.68991e+32 3.25679e+20 4.45111e+31 4.12489e+20 5.63755e+31 5.27325e+20 7.20703e+31 5.63706e+20 7.70426e+31 
1.51672e+11 2.42386e+21 3.67631e+32 4.01088e+20 6.08337e+31 5.07996e+20 7.70487e+31 6.49421e+20 9.84987e+31 6.94225e+20 1.05294e+32 
1.68318e+11 2.98507e+21 5.02441e+32 4.93957e+20 8.31418e+31 6.25617e+20 1.05303e+32 7.99786e+20 1.34618e+32 8.54964e+20 1.43906e+32 
1.86791e+11 3.67622e+21 6.86687e+32 6.08328e+20 1.13630e+32 7.70471e+20 1.43917e+32 9.84965e+20 1.83983e+32 1.05292e+21 1.96676e+32 
2.07292e+11 4.52740e+21 9.38494e+32 7.49180e+20 1.55299e+32 9.48864e+20 1.96692e+32 1.21302e+21 2.51449e+32 1.29670e+21 2.68797e+32 
2.30043e+11 5.57563e+21 1.28264e+33 9.22643e+20 2.12248e+32 1.16856e+21 2.68819e+32 1.49387e+21 3.43655e+32 1.59693e+21 3.67363e+32 
2.55291e+11 6.86657e+21 1.75297e+33 1.13627e+21 2.90079e+32 1.43912e+21 3.67394e+32 1.83975e+21 4.69671e+32 1.96667e+21 5.02073e+32 
2.83310e+11 8.45637e+21 2.39577e+33 1.39936e+21 3.96451e+32 1.77232e+21 5.02115e+32 2.26570e+21 6.41896e+32 2.42201e+21 6.86179e+32 
3.14404e+11 1.04142e+22 3.27427e+33 1.72335e+21 5.41829e+32 2.18266e+21 6.86237e+32 2.79027e+21 8.77272e+32 2.98277e+21 9.37792e+32 
3.48910e+11 1.28254e+22 4.47490e+33 2.12237e+21 7.40515e+32 2.68801e+21 9.37872e+32 3.43629e+21 1.19896e+33 3.67334e+21 1.28167e+33 
3.87204e+11 1.57947e+22 6.11577e+33 2.61376e+21 1.01206e+33 3.31034e+21 1.28178e+33 4.23186e+21 1.63859e+33 4.52379e+21 1.75163e+33 
4.29700e+11 1.94515e+22 8.35830e+33 3.21892e+21 1.38317e+33 4.07676e+21 1.75178e+33 5.21160e+21 2.23943e+33 5.57112e+21 2.39391e+33 
4.76861e+11 2.39547e+22 1.14231e+34 3.96418e+21 1.89036e+33 5.02060e+21 2.39413e+33 6.41816e+21 3.06057e+33 6.86090e+21 3.27170e+33 
5.29198e+11 2.95005e+22 1.56116e+34 4.88197e+21 2.58353e+33 6.18294e+21 3.27200e+33 7.90402e+21 4.18279e+33 8.44925e+21 4.47133e+33 
5.87279e+11 3.63300e+22 2.13358e+34 6.01224e+21 3.53086e+33 7.61435e+21 4.47174e+33 9.73384e+21 5.71648e+33 1.04053e+22 6.11080e+33 
6.51734e+11 4.47403e+22 2.91588e+34 7.40418e+21 4.82555e+33 9.37711e+21 6.11138e+33 1.19872e+22 7.81248e+33 1.28141e+22 8.35137e+33 
7.23263e+11 5.50975e+22 3.98500e+34 9.11833e+21 6.59496e+33 1.15479e+22 8.35219e+33 1.47622e+22 1.06770e+34 1.57804e+22 1.14134e+34 
8.02643e+11 6.78519e+22 5.44608e+34 1.12293e+22 9.01312e+33 1.42212e+22 1.14146e+34 1.81795e+22 1.45916e+34 1.94334e+22 1.55981e+34 
8.90735e+11 8.35583e+22 7.44283e+34 1.38289e+22 1.23179e+34 1.75133e+22 1.55997e+34 2.23877e+22 1.99415e+34 2.39318e+22 2.13169e+34 
9.88496e+11 1.02900e+23 1.01716e+35 1.70303e+22 1.68344e+34 2.15673e+22 2.13192e+34 2.75698e+22 2.72527e+34 2.94713e+22 2.91322e+34 
1.09699e+12 1.26717e+23 1.39007e+35 2.09727e+22 2.30067e+34 2.65595e+22 2.91354e+34 3.39513e+22 3.72441e+34 3.62927e+22 3.98126e+34 
1.21738e+12 1.56047e+23 1.89969e+35 2.58276e+22 3.14420e+34 3.27072e+22 3.98172e+34 4.18095e+22 5.08981e+34 4.46927e+22 5.44082e+34 
1.35099e+12 1.92163e+23 2.59611e+35 3.18061e+22 4.29698e+34 4.02775e+22 5.44147e+34 5.14861e+22 6.95574e+34 5.50364e+22 7.43539e+34 
1.49927e+12 2.36636e+23 3.54781e+35 3.91683e+22 5.87238e+34 4.95996e+22 7.43631e+34 6.34017e+22 9.50561e+34 6.77735e+22 1.01611e+35 
1.66382e+12 2.91399e+23 4.84834e+35 4.82343e+22 8.02530e+34 6.10787e+22 1.01624e+35 7.80741e+22 1.29901e+35 8.34573e+22 1.38858e+35 
1.84642e+12 3.58830e+23 6.62553e+35 5.93982e+22 1.09674e+35 7.52138e+22 1.38877e+35 9.61410e+22 1.77517e+35 1.02769e+23 1.89756e+35 
2.04907e+12 4.41860e+23 9.05404e+35 7.31454e+22 1.49880e+35 9.26189e+22 1.89783e+35 1.18387e+23 2.42584e+35 1.26549e+23 2.59307e+35 
2.27397e+12 5.44094e+23 1.23725e+36 9.00735e+22 2.04824e+35 1.14050e+23 2.59346e+35 1.45779e+23 3.31496e+35 1.55828e+23 3.54346e+35 
2.52354e+12 6.69972e+23 1.69070e+36 1.10918e+23 2.79906e+35 1.40439e+23 3.54403e+35 1.79505e+23 4.52988e+35 1.91878e+23 4.84210e+35 
2.80050e+12 8.24958e+23 2.31030e+36 1.36585e+23 3.82506e+35 1.72930e+23 4.84292e+35 2.21030e+23 6.18997e+35 2.36263e+23 6.61656e+35 
3.10787e+12 1.01578e+24 3.15690e+36 1.68188e+23 5.22707e+35 2.12935e+23 6.61774e+35 2.72157e+23 8.45826e+35 2.90910e+23 9.04111e+35 
3.44896e+12 1.25071e+24 4.31364e+36 2.07102e+23 7.14286e+35 2.62190e+23 9.04283e+35 3.35101e+23 1.15575e+36 3.58189e+23 1.23538e+36 
3.82749e+12 1.53993e+24 5.89409e+36 2.55014e+23 9.76065e+35 3.22831e+23 1.23563e+36 4.12594e+23 1.57920e+36 4.41017e+23 1.68799e+36 
4.24757e+12 1.89599e+24 8.05337e+36 3.14005e+23 1.33376e+36 3.97488e+23 1.68836e+36 5.07994e+23 2.15774e+36 5.42982e+23 2.30636e+36 
4.71375e+12 2.33431e+24 1.10034e+37 3.86635e+23 1.82250e+36 4.89397e+23 2.30689e+36 6.25433e+23 2.94814e+36 6.68502e+23 3.15115e+36 
5.23110e+12 2.87387e+24 1.50335e+37 4.76053e+23 2.49028e+36 6.02540e+23 3.15194e+36 7.69997e+23 4.02793e+36 8.23010e+23 4.30525e+36 
5.80523e+12 3.53801e+24 2.05390e+37 5.86136e+23 3.40265e+36 7.41816e+23 4.30641e+36 9.47941e+23 5.50301e+36 1.01319e+24 5.88180e+36 
6.44236e+12 4.35546e+24 2.80594e+37 7.21656e+23 4.64917e+36 9.13254e+23 5.88351e+36 1.16696e+24 7.51798e+36 1.24726e+24 8.03533e+36 
7.14943e+12 5.36153e+24 3.83319e+37 8.88482e+23 6.35214e+36 1.12427e+24 8.03787e+36 1.43652e+24 1.02703e+37 1.53534e+24 1.09768e+37 
7.93410e+12 6.59967e+24 5.23624e+37 1.09384e+24 8.67860e+36 1.38397e+24 1.09806e+37 1.76826e+24 1.40295e+37 1.88986e+24 1.49944e+37 
8.80488e+12 8.12328e+24 7.15245e+37 1.34660e+24 1.18567e+37 1.70359e+24 1.49999e+37 2.17648e+24 1.91637e+37 2.32611e+24 2.04811e+37 
9.77124e+12 9.99802e+24 9.76930e+37 1.65771e+24 1.61979e+37 2.09691e+24 2.04894e+37 2.67878e+24 2.61751e+37 2.86287e+24 2.79738e+37 
1.08437e+13 1.23046e+25 1.33427e+38 2.04060e+24 2.21276e+37 2.58088e+24 2.79862e+37 3.29679e+24 3.57493e+37 3.52325e+24 3.82049e+37 
1.20338e+13 1.51421e+25 1.82217e+38 2.51180e+24 3.02264e+37 3.17633e+24 3.82233e+37 4.05706e+24 4.88218e+37 4.33561e+24 5.21738e+37 
1.33545e+13 1.86325e+25 2.48828e+38 3.09162e+24 4.12871e+37 3.90888e+24 5.22012e+37 4.99225e+24 6.66690e+37 5.33481e+24 7.12438e+37 
1.48202e+13 2.29252e+25 3.39756e+38 3.80506e+24 5.63917e+37 4.80998e+24 7.12849e+37 6.14242e+24 9.10320e+37 6.56366e+24 9.72748e+37 
1.64468e+13 2.82040e+25 4.63865e+38 4.68279e+24 7.70168e+37 5.91826e+24 9.73362e+37 7.55681e+24 1.24285e+38 8.07470e+24 1.32803e+38 
1.82518e+13 3.46944e+25 6.33237e+38 5.76255e+24 1.05177e+38 7.28116e+24 1.32895e+38 9.29582e+24 1.69666e+38 9.93240e+24 1.81285e+38 
2.02550e+13 4.26729e+25 8.64340e+38 7.09067e+24 1.43622e+38 8.95692e+24 1.81423e+38 1.14336e+25 2.31587e+38 1.22159e+25 2.47433e+38 
2.24781e+13 5.24787e+25 1.17962e+39 8.72404e+24 1.96100e+38 1.10170e+25 2.47640e+38 1.40609e+25 3.16062e+38 1.50221e+25 3.37668e+38 
2.49451e+13 6.45276e+25 1.60965e+39 1.07325e+25 2.67724e+38 1.35489e+25 3.37979e+38 1.72893e+25 4.31283e+38 1.84700e+25 4.60736e+38 
2.76829e+13 7.93291e+25 2.19606e+39 1.32018e+25 3.65465e+38 1.66602e+25 4.61203e+38 2.12552e+25 5.88405e+38 2.27051e+25 6.28543e+38 
3.07211e+13 9.75069e+25 2.99552e+39 1.62371e+25 4.98823e+38 2.04825e+25 6.29245e+38 2.61258e+25 8.02614e+38 2.79057e+25 8.57295e+38 
3.40929e+13 1.19824e+26 4.08515e+39 1.99674e+25 6.80745e+38 2.51769e+25 8.58352e+38 3.21056e+25 1.09457e+39 3.42898e+25 1.16904e+39 
3.78346e+13 1.47214e+26 5.56979e+39 2.45506e+25 9.28863e+38 3.09406e+25 1.17063e+39 3.94446e+25 1.49237e+39 4.21239e+25 1.59374e+39 
4.19871e+13 1.80817e+26 7.59198e+39 3.01804e+25 1.26719e+39 3.80150e+25 1.59614e+39 4.84484e+25 2.03421e+39 5.17335e+25 2.17214e+39 
4.65953e+13 2.22025e+26 1.03453e+40 3.70937e+25 1.72839e+39 4.66947e+25 2.17575e+39 5.94899e+25 2.77195e+39 6.35160e+25 2.95954e+39 
5.17092e+13 2.72534e+26 1.40925e+40 4.55805e+25 2.35693e+39 5.73395e+25 2.96498e+39 7.30239e+25 3.77601e+39 7.79553e+25 4.03100e+39 
5.73844e+13 3.34412e+26 1.91901e+40 5.59951e+25 3.21325e+39 7.03885e+25 4.03920e+39 8.96044e+25 5.14189e+39 9.56409e+25 5.48830e+39 
6.36825e+13 4.10174e+26 2.61209e+40 6.87704e+25 4.37947e+39 8.63762e+25 5.50065e+39 1.09905e+26 6.99903e+39 1.17289e+26 7.46929e+39 
7.06718e+13 5.02874e+26 3.55390e+40 8.44345e+25 5.96714e+39 1.05953e+26 7.48791e+39 1.34745e+26 9.52266e+39 1.43771e+26 1.01606e+40 
7.84282e+13 6.16216e+26 4.83288e+40 1.03631e+26 8.12762e+39 1.29910e+26 1.01886e+40 1.65116e+26 1.29498e+40 1.76140e+26 1.38144e+40 
8.70359e+13 7.54687e+26 6.56849e+40 1.27144e+26 1.10661e+40 1.59206e+26 1.38567e+40 2.02221e+26 1.76005e+40 2.15673e+26 1.87713e+40 
9.65883e+13 9.23704e+26 8.92190e+40 1.55927e+26 1.50607e+40 1.95003e+26 1.88350e+40 2.47512e+26 2.39068e+40 2.63909e+26 2.54905e+40 
1.07189e+14 1.12980e+27 1.21102e+41 1.91136e+26 2.04877e+40 2.38704e+26 2.55865e+40 3.02740e+26 3.24505e+40 3.22702e+26 3.45902e+40 
1.18953e+14 1.38083e+27 1.64254e+41 2.34173e+26 2.78557e+40 2.92003e+26 3.47347e+40 3.70010e+26 4.40140e+40 3.94281e+26 4.69011e+40 
1.32009e+14 1.68621e+27 2.22595e+41 2.86735e+26 3.78515e+40 3.56936e+26 4.71188e+40 4.51845e+26 5.96476e+40 4.81314e+26 6.35377e+40 
1.46497e+14 2.05719e+27 3.01373e+41 3.50867e+26 5.14011e+40 4.35948e+26 6.38651e+40 5.51263e+26 8.07584e+40 5.86982e+26 8.59912e+40 
1.62576e+14 2.50717e+27 4.07605e+41 4.29036e+26 6.97508e+40 5.31960e+26 8.64836e+40 6.71852e+26 1.09227e+41 7.15070e+26 1.16253e+41 
1.80419e+14 3.05204e+27 5.50644e+41 5.24201e+26 9.45757e+40 6.48452e+26 1.16993e+41 8.17871e+26 1.47559e+41 8.70055e+26 1.56974e+41 
2.00220e+14 3.71052e+27 7.42920e+41 6.39904e+26 1.28122e+41 7.89557e+26 1.58085e+41 9.94342e+26 1.99087e+41 1.05721e+27 2.11674e+41 
2.22195e+14 4.50460e+27 1.00090e+42 7.80369e+26 1.73394e+41 9.60151e+26 2.13340e+41 1.20716e+27 2.68224e+41 1.28269e+27 2.85008e+41 
2.46581e+14 5.45991e+27 1.34631e+42 9.50613e+26 2.34403e+41 1.16596e+27 2.87505e+41 1.46318e+27 3.60793e+41 1.55368e+27 3.83109e+41 
2.73644e+14 6.60610e+27 1.80772e+42 1.15657e+27 3.16487e+41 1.41368e+27 3.86846e+41 1.77037e+27 4.84451e+41 1.87845e+27 5.14026e+41 
3.03677e+14 7.97718e+27 2.42249e+42 1.40520e+27 4.26727e+41 1.71106e+27 5.19609e+41 2.13783e+27 6.49210e+41 2.26643e+27 6.88261e+41 
3.37006e+14 9.61178e+27 3.23923e+42 1.70465e+27 5.74478e+41 2.06700e+27 6.96592e+41 2.57592e+27 8.68100e+41 2.72829e+27 9.19452e+41 
3.73994e+14 1.15532e+28 4.32084e+42 2.06436e+27 7.72056e+41 2.49163e+27 9.31855e+41 3.09624e+27 1.15797e+42 3.27595e+27 1.22519e+42 
4.15040e+14 1.38495e+28 5.74811e+42 2.49515e+27 1.03559e+42 2.99636e+27 1.24361e+42 3.71162e+27 1.54047e+42 3.92247e+27 1.62798e+42 
4.60592e+14 1.65526e+28 7.62401e+42 3.00935e+27 1.38608e+42 3.59382e+27 1.65529e+42 4.43601e+27 2.04319e+42 4.68190e+27 2.15645e+42 
5.11143e+14 1.97180e+28 1.00787e+43 3.62076e+27 1.85073e+42 4.29779e+27 2.19679e+42 5.28419e+27 2.70098e+42 5.56901e+27 2.84656e+42 
5.67243e+14 2.34027e+28 1.32750e+43 4.34463e+27 2.46446e+42 5.12298e+27 2.90597e+42 6.27142e+27 3.55742e+42 6.59880e+27 3.74312e+42 
6.29499e+14 2.76638e+28 1.74143e+43 5.19743e+27 3.27178e+42 6.08462e+27 3.83026e+42 7.41286e+27 4.66639e+42 7.78584e+27 4.90118e+42 
6.98588e+14 3.25549e+28 2.27425e+43 6.19651e+27 4.32881e+42 7.19800e+27 5.02843e+42 8.72269e+27 6.09356e+42 9.14337e+27 6.38744e+42 
7.75260e+14 3.81223e+28 2.95547e+43 7.35948e+27 5.70551e+42 8.47756e+27 6.57231e+42 1.02131e+28 7.91779e+42 1.06821e+28 8.28137e+42 
8.60346e+14 4.44003e+28 3.81996e+43 8.70332e+27 7.48787e+42 9.93593e+27 8.54834e+42 1.18928e+28 1.02319e+43 1.24086e+28 1.06757e+43 
9.54772e+14 5.14045e+28 4.90795e+43 1.02431e+28 9.77981e+42 1.15824e+28 1.10586e+43 1.37653e+28 1.31427e+43 1.43238e+28 1.36760e+43 
1.05956e+15 5.91249e+28 6.26464e+43 1.19902e+28 1.27043e+43 1.34215e+28 1.42209e+43 1.58271e+28 1.67698e+43 1.64207e+28 1.73988e+43 
1.17585e+15 6.75176e+28 7.93905e+43 1.39501e+28 1.64033e+43 1.54503e+28 1.81672e+43 1.80651e+28 2.12419e+43 1.86821e+28 2.19673e+43 
1.30490e+15 7.64957e+28 9.98194e+43 1.61200e+28 2.10350e+43 1.76566e+28 2.30401e+43 2.04543e+28 2.66908e+43 2.10780e+28 2.75047e+43 
1.44812e+15 8.59208e+28 1.24423e+44 1.84850e+28 2.67684e+43 2.00161e+28 2.89856e+43 2.29550e+28 3.32415e+43 2.35636e+28 3.41229e+43 
1.60705e+15 9.55940e+28 1.53625e+44 2.10155e+28 3.37730e+43 2.24895e+28 3.61419e+43 2.55107e+28 4.09970e+43 2.60769e+28 4.19070e+43 
1.78343e+15 1.05251e+29 1.87708e+44 2.36637e+28 4.22025e+43 2.50207e+28 4.46227e+43 2.80465e+28 5.00190e+43 2.85375e+28 5.08947e+43 
1.97917e+15 1.14559e+29 2.26731e+44 2.63612e+28 5.21733e+43 2.75349e+28 5.44961e+43 3.04683e+28 6.03019e+43 3.08464e+28 6.10502e+43 
2.19639e+15 1.23124e+29 2.70428e+44 2.90185e+28 6.37358e+43 2.99389e+28 6.57574e+43 3.26646e+28 7.17442e+43 3.28880e+28 7.22348e+43 
2.43744e+15 1.30507e+29 3.18102e+44 3.15263e+28 7.68437e+43 3.21243e+28 7.83013e+43 3.45111e+28 8.41189e+43 3.45354e+28 8.41781e+43 
2.70496e+15 1.36250e+29 3.68551e+44 3.37616e+28 9.13238e+43 3.39734e+28 9.18966e+43 3.58789e+28 9.70509e+43 3.56590e+28 9.64562e+43 
3.00184e+15 1.39929e+29 4.20044e+44 3.55972e+28 1.06857e+44 3.53697e+28 1.06174e+44 3.66478e+28 1.10011e+44 3.61402e+28 1.08487e+44 
3.33129e+15 1.41208e+29 4.70405e+44 3.69168e+28 1.22981e+44 3.62132e+28 1.20637e+44 3.67232e+28 1.22336e+44 3.58880e+28 1.19554e+44 
3.69691e+15 1.39909e+29 5.17230e+44 3.76336e+28 1.39128e+44 3.64377e+28 1.34707e+44 3.60553e+28 1.33293e+44 3.48584e+28 1.28868e+44 
4.10266e+15 1.36072e+29 5.58255e+44 3.77097e+28 1.54710e+44 3.60287e+28 1.47813e+44 3.46573e+28 1.42187e+44 3.30707e+28 1.35678e+44 
4.55294e+15 1.29995e+29 5.91860e+44 3.71724e+28 1.69243e+44 3.50373e+28 1.59522e+44 3.26167e+28 1.48502e+44 3.06181e+28 1.39402e+44 
5.05263e+15 1.22232e+29 6.17593e+44 3.61221e+28 1.82512e+44 3.35838e+28 1.69686e+44 3.00950e+28 1.52059e+44 2.76652e+28 1.39782e+44 
5.60717e+15 1.13531e+29 6.36585e+44 3.47259e+28 1.94714e+44 3.18482e+28 1.78579e+44 2.73130e+28 1.53148e+44 2.44315e+28 1.36992e+44 
6.22257e+15 1.04727e+29 6.51668e+44 3.31946e+28 2.06556e+44 3.00456e+28 1.86961e+44 2.45193e+28 1.52573e+44 2.11601e+28 1.31670e+44 
6.90551e+15 9.65994e+28 6.67068e+44 3.17465e+28 2.19226e+44 2.83889e+28 1.96040e+44 2.19501e+28 1.51577e+44 1.80781e+28 1.24839e+44 
7.66341e+15 8.97320e+28 6.87654e+44 3.05646e+28 2.34229e+44 2.70489e+28 2.07287e+44 1.97877e+28 1.51641e+44 1.53594e+28 1.17706e+44 
8.50449e+15 8.44127e+28 7.17887e+44 2.97594e+28 2.53088e+44 2.61211e+28 2.22147e+44 1.81307e+28 1.54192e+44 1.30990e+28 1.11401e+44 
9.43788e+15 8.06078e+28 7.60767e+44 2.93474e+28 2.76977e+44 2.56098e+28 2.41702e+44 1.69832e+28 1.60285e+44 1.13081e+28 1.06725e+44 
1.04737e+16 7.80113e+28 8.17068e+44 2.92531e+28 3.06389e+44 2.54333e+28 2.66381e+44 1.62667e+28 1.70373e+44 9.92921e+27 1.03996e+44 
1.16232e+16 7.61463e+28 8.85066e+44 2.93296e+28 3.40904e+44 2.54465e+28 2.95770e+44 1.58478e+28 1.84202e+44 8.86468e+27 1.03036e+44 
1.28989e+16 7.44830e+28 9.60749e+44 2.93917e+28 3.79120e+44 2.54734e+28 3.28579e+44 1.55714e+28 2.00854e+44 8.00812e+27 1.03296e+44 
1.43146e+16 7.25344e+28 1.03830e+45 2.92501e+28 4.18703e+44 2.53387e+28 3.62714e+44 1.52904e+28 2.18876e+44 7.26768e+27 1.04034e+44 
1.58857e+16 6.99150e+28 1.11064e+45 2.87397e+28 4.56550e+44 2.48919e+28 3.95423e+44 1.48848e+28 2.36455e+44 6.57726e+27 1.04484e+44 
1.76291e+16 6.63649e+28 1.16996e+45 2.77394e+28 4.89021e+44 2.40237e+28 4.23518e+44 1.42706e+28 2.51578e+44 5.89696e+27 1.03958e+44 
1.95640e+16 6.17574e+28 1.20822e+45 2.61850e+28 5.12283e+44 2.26771e+28 4.43654e+44 1.34029e+28 2.62214e+44 5.20785e+27 1.01886e+44 
2.17112e+16 5.61022e+28 1.21804e+45 2.40782e+28 5.22766e+44 2.08524e+28 4.52729e+44 1.22758e+28 2.66523e+44 4.50626e+27 9.78361e+43 
2.40940e+16 4.95473e+28 1.19380e+45 2.14884e+28 5.17743e+44 1.86096e+28 4.48379e+44 1.09207e+28 2.63125e+44 3.79987e+27 9.15543e+43 
2.67384e+16 4.23708e+28 1.13293e+45 1.85475e+28 4.95932e+44 1.60626e+28 4.29490e+44 9.40147e+27 2.51380e+44 3.10531e+27 8.30312e+43 
2.96730e+16 3.49505e+28 1.03709e+45 1.54330e+28 4.57943e+44 1.33653e+28 3.96590e+44 7.80543e+27 2.31611e+44 2.44542e+27 7.25629e+43 
3.29297e+16 2.77103e+28 9.12492e+44 1.23419e+28 4.06417e+44 1.06884e+28 3.51967e+44 6.23012e+27 2.05156e+44 1.84525e+27 6.07636e+43 
3.65438e+16 2.10502e+28 7.69257e+44 9.46008e+27 3.45708e+44 8.19267e+27 2.99392e+44 4.76726e+27 1.74214e+44 1.32694e+27 4.84915e+43 
4.05546e+16 1.52796e+28 6.19659e+44 6.93280e+27 2.81157e+44 6.00398e+27 2.43489e+44 3.48835e+27 1.41469e+44 9.04767e+26 3.66925e+43 
4.50056e+16 1.05727e+28 4.75830e+44 4.84658e+27 2.18123e+44 4.19726e+27 1.88900e+44 2.43531e+27 1.09603e+44 5.82250e+26 2.62045e+43 
4.99451e+16 6.95896e+27 3.47566e+44 3.22474e+27 1.61060e+44 2.79271e+27 1.39482e+44 1.61842e+27 8.08320e+43 3.52201e+26 1.75907e+43 
5.54266e+16 4.34717e+27 2.40949e+44 2.03692e+27 1.12900e+44 1.76403e+27 9.77742e+43 1.02123e+27 5.66034e+43 1.99530e+26 1.10593e+43 
6.15099e+16 2.56986e+27 1.58072e+44 1.21740e+27 7.48819e+43 1.05430e+27 6.48496e+43 6.09838e+26 3.75111e+43 1.05516e+26 6.49029e+42 
6.82607e+16 1.43162e+27 9.77231e+43 6.85225e+26 4.67740e+43 5.93422e+26 4.05074e+43 3.43030e+26 2.34155e+43 5.19051e+25 3.54308e+42 
7.57525e+16 7.46839e+26 5.65749e+43 3.60806e+26 2.73320e+43 3.12467e+26 2.36702e+43 1.80537e+26 1.36761e+43 2.36414e+25 1.79089e+42 
8.40665e+16 3.61522e+26 3.03919e+43 1.76064e+26 1.48011e+43 1.52476e+26 1.28181e+43 8.80694e+25 7.40368e+42 9.89451e+24 8.31797e+41 
9.32930e+16 1.60290e+26 1.49540e+43 7.85901e+25 7.33191e+42 6.80610e+25 6.34962e+42 3.93039e+25 3.66678e+42 3.75157e+24 3.49996e+41 
1.03532e+17 6.38983e+25 6.61554e+42 3.15072e+25 3.26201e+42 2.72860e+25 2.82498e+42 1.57554e+25 1.63119e+42 1.25241e+24 1.29665e+41 
1.14895e+17 2.22663e+25 2.55829e+42 1.10356e+25 1.26794e+42 9.55714e+24 1.09807e+42 5.51811e+24 6.34003e+41 3.44719e+23 3.96065e+40 
1.27505e+17 6.45171e+24 8.22626e+41 3.21632e+24 4.10098e+41 2.78542e+24 3.55155e+41 1.60820e+24 2.05054e+41 6.28901e+22 8.01881e+39 
1.41499e+17 1.37707e+24 1.94855e+41 6.93961e+23 9.81949e+40 6.00988e+23 8.50393e+40 3.46985e+23 4.90980e+40 -3.74162e+21 -5.29436e+38 
1.57029e+17 1.11944e+23 1.75785e+40 6.04083e+22 9.48586e+39 5.23152e+22 8.21500e+39 3.02045e+22 4.74298e+39 -1.01138e+22 -1.58816e+39 
1.74263e+17 -7.06108e+22 -1.23049e+40 -3.32301e+22 -5.79079e+39 -2.87781e+22 -5.01497e+39 -1.66150e+22 -2.89539e+39 -5.68996e+21 -9.91551e+38 
1.93389e+17 -4.49986e+22 -8.70225e+39 -2.17486e+22 -4.20595e+39 -1.88349e+22 -3.64246e+39 -1.08743e+22 -2.10298e+39 -2.22290e+21 -4.29885e+38 
2.14614e+17 -1.58419e+22 -3.39989e+39 -7.69822e+21 -1.65215e+39 -6.66686e+21 -1.43080e+39 -3.84911e+21 -8.26074e+38 -6.82447e+20 -1.46463e+38 
2.38169e+17 -4.01370e+21 -9.55938e+38 -1.95203e+21 -4.64912e+38 -1.69051e+21 -4.02626e+38 -9.76016e+20 -2.32456e+38 -1.69532e+20 -4.03772e+37 
2.64308e+17 -7.61800e+20 -2.01350e+38 -3.69768e+20 -9.77326e+37 -3.20228e+20 -8.46389e+37 -1.84884e+20 -4.88663e+37 -3.41219e+19 -9.01870e+36 
2.93317e+17 -1.05515e+20 -3.09493e+37 -5.09178e+19 -1.49351e+37 -4.40961e+19 -1.29341e+37 -2.54589e+19 -7.46753e+36 -5.49683e+18 -1.61231e+36 
3.25509e+17 -9.51491e+18 -3.09719e+36 -4.51481e+18 -1.46961e+36 -3.90994e+18 -1.27272e+36 -2.25741e+18 -7.34806e+35 -6.93196e+17 -2.25641e+35 
3.61234e+17 -2.87041e+17 -1.03689e+35 -1.18582e+17 -4.28359e+34 -1.02695e+17 -3.70970e+34 -5.92911e+16 -2.14180e+34 -6.61833e+16 -2.39077e+34 
4.00881e+17 6.02237e+16 2.41425e+34 3.20517e+16 1.28489e+34 2.77576e+16 1.11275e+34 1.60258e+16 6.42445e+33 -4.53954e+15 -1.81981e+33 
4.44878e+17 1.09491e+16 4.87104e+33 5.58472e+15 2.48452e+33 4.83651e+15 2.15166e+33 2.79236e+15 1.24226e+33 -2.02091e+14 -8.99058e+31 
4.93705e+17 9.51137e+14 4.69581e+32 4.79922e+14 2.36940e+32 4.15625e+14 2.05196e+32 2.39961e+14 1.18470e+32 -4.14760e+12 -2.04769e+30 
5.47890e+17 5.09733e+13 2.79278e+31 2.55981e+13 1.40249e+31 2.21686e+13 1.21460e+31 1.27990e+13 7.01247e+30 9.13479e+10 5.00486e+28 
6.08022e+17 1.75252e+12 1.06557e+30 8.77846e+11 5.33750e+29 7.60237e+11 4.62241e+29 4.38923e+11 2.66875e+29 8.91331e+09 5.41949e+27 
6.74754e+17 3.83535e+10 2.58792e+28 1.91826e+10 1.29435e+28 1.66126e+10 1.12094e+28 9.59128e+09 6.47176e+27 2.69549e+08 1.81880e+26 
7.48810e+17 5.20179e+08 3.89515e+26 2.59926e+08 1.94635e+26 2.25102e+08 1.68559e+26 1.29963e+08 9.73176e+25 4.27865e+06 3.20390e+24 
8.30994e+17 4.20962e+06 3.49817e+24 2.10226e+06 1.74696e+24 1.82061e+06 1.51291e+24 1.05113e+06 8.73482e+23 3.77689e+04 3.13857e+22 
9.22198e+17 1.94035e+04 1.78939e+22 9.68652e+03 8.93289e+21 8.38877e+03 7.73611e+21 4.84326e+03 4.46644e+21 1.82984e+02 1.68748e+20 
1.02341e+18 4.82448e+01 4.93743e+19 2.40793e+01 2.46430e+19 2.08533e+01 2.13415e+19 1.20396e+01 1.23215e+19 4.67978e-01 4.78934e+17 
1.13573e+18 6.07918e-02 6.90433e+16 3.03379e-02 3.44558e+16 2.62734e-02 2.98396e+16 1.51690e-02 1.72279e+16 5.98629e-04 6.79883e+14 
1.26038e+18 3.61589e-05 4.55740e+13 1.80439e-05 2.27422e+13 1.56264e-05 1.96953e+13 9.02193e-06 1.13711e+13 3.58631e-07 4.52012e+11 
1.39871e+18 9.36728e-09 1.31021e+10 4.67430e-09 6.53800e+09 4.04806e-09 5.66207e+09 2.33715e-09 3.26900e+09 9.31612e-11 1.30306e+08 
1.55223e+18 9.65180e-13 1.49818e+06 4.81623e-13 7.47587e+05 4.17098e-13 6.47430e+05 2.40811e-13 3.73794e+05 9.60372e-15 1.49071e+04 
1.72259e+18 3.57190e-17 6.15291e+01 1.78237e-17 3.07029e+01 1.54358e-17 2.65895e+01 8.91186e-18 1.53514e+01 3.55244e-19 6.11938e-01 
1.91164e+18 4.23579e-22 8.09732e-04 2.11365e-22 4.04055e-04 1.83048e-22 3.49922e-04 1.05683e-22 2.02027e-04 4.20957e-24 8.04721e-06 
2.12145e+18 1.41739e-27 3.00693e-09 7.07278e-28 1.50046e-09 6.12521e-28 1.29943e-09 3.53639e-28 7.50228e-10 1.40762e-29 2.98619e-11 
2.35429e+18 1.16198e-33 2.73564e-15 5.79831e-34 1.36509e-15 5.02148e-34 1.18220e-15 2.89915e-34 6.82544e-16 1.15330e-35 2.71519e-17 
2.61268e+18 1.99520e-40 5.21281e-22 9.95610e-41 2.60120e-22 8.62223e-41 2.25271e-22 4.97805e-41 1.30060e-22 1.97942e-42 5.17158e-24 
2.89942e+18 6.03112e-48 1.74868e-29 3.00955e-48 8.72595e-30 2.60634e-48 7.55689e-30 1.50477e-48 4.36297e-30 5.98155e-50 1.73430e-31 
3.21764e+18 2.64750e-56 8.51869e-38 1.32111e-56 4.25085e-38 1.14411e-56 3.68135e-38 6.60554e-57 2.12543e-38 2.62517e-58 8.44687e-40 
3.57079e+18 1.36356e-65 4.86897e-47 6.80419e-66 2.42963e-47 5.89260e-66 2.10412e-47 3.40210e-66 1.21482e-47 1.35187e-67 4.82724e-49 
3.96269e+18 6.50530e-76 2.57785e-57 3.24617e-76 1.28636e-57 2.81126e-76 1.11402e-57 1.62308e-76 6.43178e-58 6.44899e-78 2.55554e-59 
4.39760e+18 2.21229e-87 9.72876e-69 1.10394e-87 4.85469e-69 9.56039e-88 4.20428e-69 5.51970e-88 2.42734e-69 2.19303e-89 9.64406e-71 
4.88025e+18 4.01091e-100 1.95742e-81 2.00146e-100 9.76762e-82 1.73331e-100 8.45901e-82 1.00073e-100 4.88381e-82 3.97588e-102 1.94033e-83 
5.41587e+18 2.80907e-114 1.52136e-95 1.40174e-114 7.59163e-96 1.21394e-114 6.57455e-96 7.00869e-115 3.79582e-96 2.78450e-116 1.50805e-97 
6.01028e+18 5.31624e-130 3.19521e-111 2.65282e-130 1.59442e-111 2.29741e-130 1.38081e-111 1.32641e-130 7.97210e-112 5.26970e-132 3.16723e-113 
6.66992e+18 1.82887e-147 1.21984e-128 9.12612e-148 6.08705e-129 7.90345e-148 5.27154e-129 4.56306e-148 3.04352e-129 1.81285e-149 1.20916e-130 
7.40196e+18 7.36617e-167 5.45241e-148 3.67575e-167 2.72077e-148 3.18329e-167 2.35626e-148 1.83787e-167 1.36039e-148 7.30165e-169 5.40465e-150 
8.21434e+18 2.13196e-188 1.75126e-169 1.06386e-188 8.73887e-170 9.21326e-189 7.56809e-170 5.31928e-189 4.36944e-170 2.11328e-190 1.73592e-171 
9.11589e+18 1.87060e-205 1.70522e-186 2.44927e-206 2.23273e-187 2.66050e-206 2.42528e-187 3.14511e-206 2.86705e-187 2.83624e-206 2.58548e-187 
1.01164e+19 1.72747e-213 1.74758e-194 2.26220e-214 2.28853e-195 2.45712e-214 2.48572e-195 2.90454e-214 2.93834e-195 2.61920e-214 2.64968e-195 
1.12267e+19 2.03551e-222 2.28520e-203 2.66594e-223 2.99296e-204 2.89546e-223 3.25064e-204 3.42253e-223 3.84237e-204 3.08621e-223 3.46479e-204 
1.24588e+19 2.44077e-232 3.04092e-213 3.19708e-233 3.98318e-214 3.47214e-233 4.32588e-214 4.10403e-233 5.11314e-214 3.70064e-233 4.61057e-214 
1.38262e+19 2.31671e-243 3.20314e-224 3.03485e-244 4.19605e-225 3.29581e-244 4.55686e-225 3.89549e-244 5.38598e-225 3.51252e-244 4.85649e-225 
1.53437e+19 1.31692e-255 2.02064e-236 1.72526e-256 2.64718e-237 1.87355e-256 2.87471e-237 2.21438e-256 3.39768e-237 1.99666e-256 3.06361e-237 
1.70277e+19 3.28922e-269 5.60079e-250 4.30935e-270 7.33783e-251 4.67963e-270 7.96832e-251 5.53084e-270 9.41774e-251 4.98696e-270 8.49164e-251 
1.88965e+19 2.55976e-284 4.83706e-265 3.35378e-285 6.33747e-266 3.64188e-285 6.88188e-266 4.30427e-285 8.13358e-266 3.88097e-285 7.33369e-266 
2.09705e+19 4.23861e-301 8.88856e-282 5.55353e-302 1.16460e-282 6.03053e-302 1.26463e-282 7.12731e-302 1.49463e-282 6.42635e-302 1.34763e-282 
2.32720e+19 9.78052e-320 2.27612e-300 1.28161e-320 2.98228e-301 1.39129e-320 3.23838e-301 1.64474e-320 3.82733e-301 1.48269e-320 3.45090e-301 
2.58262e+19 0.00000e+00 0.00000e+00 0.00000e+00 0.00000e+00 0.00000e+00 0.00000e+00 0.00000e+00 0.00000e+00 0.00000e+00 0.00000e+00 
2.86607e+19 0.00000e+00 0.00000e+00 0.00000e+00 0.00000e+00 0.00000e+00 0.00000e+00 0.00000e+00 0.00000e+00 0.00000e+00 0.00000e+00 
3.18063e+19 0.00000e+00 0.00000e+00 0.00000e+00 0.00000e+00 0.00000e+00 0.00000e+00 0.00000e+00 0.00000e+00 0.00000e+00 0.00000e+00 
3.52971e+19 0.00000e+00 0.00000e+00 0.00000e+00 0.00000e+00 0.00000e+00 0.00000e+00 0.00000e+00 0.00000e+00 0.00000e+00 0.00000e+00 
3.91710e+19 0.00000e+00 0.00000e+00 0.00000e+00 0.00000e+00 0.00000e+00 0.00000e+00 0.00000e+00 0.00000e+00 0.00000e+00 0.00000e+00 
4.34701e+19 0.00000e+00 0.00000e+00 0.00000e+00 0.00000e+00 0.00000e+00 0.00000e+00 0.00000e+00 0.00000e+00 0.00000e+00 0.00000e+00 
4.82411e+19 0.00000e+00 0.00000e+00 0.00000e+00 0.00000e+00 0.00000e+00 0.00000e+00 0.00000e+00 0.00000e+00 0.00000e+00 0.00000e+00 
5.35357e+19 0.00000e+00 0.00000e+00 0.00000e+00 0.00000e+00 0.00000e+00 0.00000e+00 0.00000e+00 0.00000e+00 0.00000e+00 0.00000e+00 
5.94113e+19 0.00000e+00 0.00000e+00 0.00000e+00 0.00000e+00 0.00000e+00 0.00000e+00 0.00000e+00 0.00000e+00 0.00000e+00 0.00000e+00 
6.59319e+19 0.00000e+00 0.00000e+00 0.00000e+00 0.00000e+00 0.00000e+00 0.00000e+00 0.00000e+00 0.00000e+00 0.00000e+00 0.00000e+00 
7.31681e+19 0.00000e+00 0.00000e+00 0.00000e+00 0.00000e+00 0.00000e+00 0.00000e+00 0.00000e+00 0.00000e+00 0.00000e+00 0.00000e+00 
8.11984e+19 0.00000e+00 0.00000e+00 0.00000e+00 0.00000e+00 0.00000e+00 0.00000e+00 0.00000e+00 0.00000e+00 0.00000e+00 0.00000e+00 
9.01102e+19 0.00000e+00 0.00000e+00 0.00000e+00 0.00000e+00 0.00000e+00 0.00000e+00 0.00000e+00 0.00000e+00 0.00000e+00 0.00000e+00 
1.00000e+20 0.00000e+00 0.00000e+00 0.00000e+00 0.00000e+00 0.00000e+00 0.00000e+00 0.00000e+00 0.00000e+00 0.00000e+00 0.00000e+00 
