1.00000e+11 1.68361e+21 1.68361e+32 1.75363e+20 1.75363e+31 2.94109e+20 2.94109e+31 4.28288e+20 4.28288e+31 4.92373e+20 4.92373e+31 
1.10975e+11 2.07343e+21 2.30100e+32 2.15968e+20 2.39671e+31 3.62207e+20 4.01960e+31 5.27454e+20 5.85343e+31 6.06377e+20 6.72929e+31 
1.23155e+11 2.55352e+21 3.14478e+32 2.65974e+20 3.27561e+31 4.46073e+20 5.49361e+31 6.49580e+20 7.99991e+31 7.46777e+20 9.19694e+31 
1.36672e+11 3.14475e+21 4.29798e+32 3.27559e+20 4.47680e+31 5.49356e+20 7.50814e+31 7.99983e+20 1.09335e+32 9.19684e+20 1.25695e+32 
1.51672e+11 3.87288e+21 5.87406e+32 4.03403e+20 6.11848e+31 6.76553e+20 1.02614e+32 9.85209e+20 1.49428e+32 1.13262e+21 1.71787e+32 
1.68318e+11 4.76959e+21 8.02808e+32 4.96808e+20 8.36217e+31 8.33201e+20 1.40243e+32 1.21332e+21 2.04223e+32 1.39487e+21 2.34781e+32 
1.86791e+11 5.87391e+21 1.09720e+33 6.11839e+20 1.14286e+32 1.02612e+21 1.91670e+32 1.49424e+21 2.79112e+32 1.71783e+21 3.20875e+32 
2.07292e+11 7.23391e+21 1.49953e+33 7.53505e+20 1.56196e+32 1.26370e+21 2.61955e+32 1.84021e+21 3.81461e+32 2.11556e+21 4.38538e+32 
2.30043e+11 8.90877e+21 2.04940e+33 9.27971e+20 2.13473e+32 1.55628e+21 3.58012e+32 2.26627e+21 5.21340e+32 2.60537e+21 5.99347e+32 
2.55291e+11 1.09714e+22 2.80090e+33 1.14283e+21 2.91755e+32 1.91661e+21 4.89293e+32 2.79098e+21 7.12510e+32 3.20858e+21 8.19121e+32 
2.83310e+11 1.35116e+22 3.82795e+33 1.40744e+21 3.98741e+32 2.36036e+21 6.68713e+32 3.43716e+21 9.73779e+32 3.95145e+21 1.11948e+33 
3.14404e+11 1.66398e+22 5.23161e+33 1.73331e+21 5.44959e+32 2.90684e+21 9.13922e+32 4.23293e+21 1.33085e+33 4.86629e+21 1.52998e+33 
3.48910e+11 2.04922e+22 7.14994e+33 2.13463e+21 7.44795e+32 3.57985e+21 1.24904e+33 5.21294e+21 1.81885e+33 5.99292e+21 2.09099e+33 
3.87204e+11 2.52365e+22 9.77166e+33 2.62887e+21 1.01791e+33 4.40865e+21 1.70705e+33 6.41981e+21 2.48578e+33 7.38037e+21 2.85771e+33 
4.29700e+11 3.10790e+22 1.33547e+34 3.23753e+21 1.39117e+33 5.42933e+21 2.33298e+33 7.90607e+21 3.39724e+33 9.08901e+21 3.90555e+33 
4.76861e+11 3.82741e+22 1.82514e+34 3.98711e+21 1.90130e+33 6.68629e+21 3.18843e+33 9.73639e+21 4.64291e+33 1.11932e+22 5.33759e+33 
5.29198e+11 4.71346e+22 2.49436e+34 4.91022e+21 2.59848e+33 8.23422e+21 4.35753e+33 1.19904e+22 6.34529e+33 1.37844e+22 7.29468e+33 
5.87279e+11 5.80462e+22 3.40893e+34 6.04705e+21 3.55130e+33 1.01405e+22 5.95528e+33 1.47661e+22 8.67183e+33 1.69754e+22 9.96931e+33 
6.51734e+11 7.14835e+22 4.65882e+34 7.44705e+21 4.85350e+33 1.24880e+22 8.13884e+33 1.81844e+22 1.18514e+34 2.09051e+22 1.36246e+34 
7.23263e+11 8.80309e+22 6.36695e+34 9.17116e+21 6.63317e+33 1.53789e+22 1.11230e+34 2.23938e+22 1.61966e+34 2.57443e+22 1.86199e+34 
8.02643e+11 1.08408e+23 8.70131e+34 1.12944e+22 9.06537e+33 1.89389e+22 1.52012e+34 2.75774e+22 2.21348e+34 3.17034e+22 2.54466e+34 
8.90735e+11 1.33501e+23 1.18914e+35 1.39091e+22 1.23894e+34 2.33228e+22 2.07745e+34 3.39608e+22 3.02501e+34 3.90418e+22 3.47759e+34 
9.88496e+11 1.64402e+23 1.62511e+35 1.71291e+22 1.69321e+34 2.87214e+22 2.83910e+34 4.18214e+22 4.13403e+34 4.80783e+22 4.75252e+34 
1.09699e+12 2.02453e+23 2.22088e+35 2.10945e+22 2.31404e+34 3.53694e+22 3.87997e+34 5.15010e+22 5.64958e+34 5.92060e+22 6.49481e+34 
1.21738e+12 2.49309e+23 3.03505e+35 2.59777e+22 3.16248e+34 4.35558e+22 5.30240e+34 6.34204e+22 7.72069e+34 7.29084e+22 8.87575e+34 
1.35099e+12 3.07007e+23 4.14764e+35 3.19912e+22 4.32198e+34 5.36364e+22 7.24625e+34 7.80976e+22 1.05509e+35 8.97813e+22 1.21294e+35 
1.49927e+12 3.78053e+23 5.66803e+35 3.93964e+22 5.90658e+34 6.60496e+22 9.90261e+34 9.61706e+22 1.44186e+35 1.10558e+23 1.65756e+35 
1.66382e+12 4.65535e+23 7.74565e+35 4.85155e+22 8.07209e+34 8.13347e+22 1.35326e+35 1.18424e+23 1.97037e+35 1.36140e+23 2.26512e+35 
1.84642e+12 5.73253e+23 1.05847e+36 5.97450e+22 1.10315e+35 1.00156e+23 1.84930e+35 1.45826e+23 2.69256e+35 1.67640e+23 3.09535e+35 
2.04907e+12 7.05884e+23 1.44641e+36 7.35730e+22 1.50757e+35 1.23331e+23 2.52714e+35 1.79565e+23 3.67942e+35 2.06425e+23 4.22981e+35 
2.27397e+12 8.69188e+23 1.97650e+36 9.06008e+22 2.06023e+35 1.51866e+23 3.45338e+35 2.21106e+23 5.02788e+35 2.54180e+23 5.77996e+35 
2.52354e+12 1.07025e+24 2.70082e+36 1.11568e+23 2.81547e+35 1.87000e+23 4.71902e+35 2.72253e+23 6.87041e+35 3.12975e+23 7.89806e+35 
2.80050e+12 1.31780e+24 3.69051e+36 1.37387e+23 3.84753e+35 2.30258e+23 6.44839e+35 3.35224e+23 9.38796e+35 3.85363e+23 1.07921e+36 
3.10787e+12 1.62257e+24 5.04273e+36 1.69179e+23 5.25784e+35 2.83518e+23 8.81136e+35 4.12751e+23 1.28277e+36 4.74483e+23 1.47463e+36 
3.44896e+12 1.99778e+24 6.89025e+36 2.08324e+23 7.18501e+35 3.49089e+23 1.20399e+36 5.08194e+23 1.75274e+36 5.84198e+23 2.01488e+36 
3.82749e+12 2.45968e+24 9.41440e+36 2.56523e+23 9.81839e+35 4.29815e+23 1.64511e+36 6.25691e+23 2.39483e+36 7.19261e+23 2.75297e+36 
4.24757e+12 3.02828e+24 1.28628e+37 3.15868e+23 1.34167e+36 5.29194e+23 2.24779e+36 7.70329e+23 3.27203e+36 8.85522e+23 3.76132e+36 
4.71375e+12 3.72820e+24 1.75738e+37 3.88936e+23 1.83335e+36 6.51530e+23 3.07115e+36 9.48369e+23 4.47038e+36 1.09018e+24 5.13882e+36 
5.23110e+12 4.58971e+24 2.40092e+37 4.78896e+23 2.50515e+36 8.02122e+23 4.19598e+36 1.16752e+24 6.10739e+36 1.34208e+24 7.02054e+36 
5.80523e+12 5.65007e+24 3.27999e+37 5.89650e+23 3.42305e+36 9.87484e+23 5.73257e+36 1.43724e+24 8.34350e+36 1.65211e+24 9.59087e+36 
6.44236e+12 6.95508e+24 4.48072e+37 7.26000e+23 4.67716e+36 1.21563e+24 7.83154e+36 1.76919e+24 1.13978e+37 2.03367e+24 1.31016e+37 
7.14943e+12 8.56107e+24 6.12068e+37 8.93855e+23 6.39055e+36 1.49642e+24 1.06986e+37 2.17770e+24 1.55693e+37 2.50321e+24 1.78965e+37 
7.93410e+12 1.05373e+25 8.36039e+37 1.10049e+24 8.73136e+36 1.84198e+24 1.46144e+37 2.68038e+24 2.12664e+37 3.08098e+24 2.44448e+37 
8.80488e+12 1.29689e+25 1.14190e+38 1.35483e+24 1.19292e+37 2.26720e+24 1.99624e+37 3.29889e+24 2.90463e+37 3.79186e+24 3.33869e+37 
9.77124e+12 1.59605e+25 1.55954e+38 1.66791e+24 1.62975e+37 2.79041e+24 2.72658e+37 4.05982e+24 3.96695e+37 4.66642e+24 4.55967e+37 
1.08437e+13 1.96406e+25 2.12976e+38 2.05324e+24 2.22646e+37 3.43413e+24 3.72385e+37 4.99588e+24 5.41737e+37 5.74222e+24 6.22666e+37 
1.20338e+13 2.41672e+25 2.90822e+38 2.52747e+24 3.04151e+37 4.22602e+24 5.08549e+37 6.14723e+24 7.39744e+37 7.06540e+24 8.50234e+37 
1.33545e+13 2.97341e+25 3.97084e+38 3.11108e+24 4.15470e+37 5.20007e+24 6.94444e+37 7.56317e+24 1.01002e+38 8.69261e+24 1.16086e+38 
1.48202e+13 3.65795e+25 5.42115e+38 3.82922e+24 5.67499e+37 6.39803e+24 9.48201e+37 9.30426e+24 1.37891e+38 1.06934e+25 1.58478e+38 
1.64468e+13 4.49954e+25 7.40029e+38 4.71284e+24 7.75109e+37 7.87113e+24 1.29455e+38 1.14448e+25 1.88229e+38 1.31531e+25 2.16325e+38 
1.82518e+13 5.53404e+25 1.01006e+39 5.79994e+24 1.05860e+38 9.68228e+24 1.76719e+38 1.40759e+25 2.56910e+38 1.61763e+25 2.95247e+38 
2.02550e+13 6.80538e+25 1.37843e+39 7.13724e+24 1.44565e+38 1.19086e+25 2.41210e+38 1.73092e+25 3.50599e+38 1.98914e+25 4.02901e+38 
2.24781e+13 8.36743e+25 1.88084e+39 8.78211e+24 1.97405e+38 1.46448e+25 3.29187e+38 2.12819e+25 4.78375e+38 2.44556e+25 5.49714e+38 
2.49451e+13 1.02862e+26 2.56589e+39 1.08050e+25 2.69532e+38 1.80068e+25 4.49181e+38 2.61615e+25 6.52601e+38 3.00614e+25 7.49885e+38 
2.76829e+13 1.26423e+26 3.49976e+39 1.32924e+25 3.67973e+38 2.21367e+25 6.12806e+38 3.21534e+25 8.90099e+38 3.69446e+25 1.02273e+39 
3.07211e+13 1.55348e+26 4.77246e+39 1.63506e+25 5.02308e+38 2.72084e+25 8.35872e+38 3.95088e+25 1.21376e+39 4.53933e+25 1.39453e+39 
3.40929e+13 1.90842e+26 6.50636e+39 2.01096e+25 6.85592e+38 3.34347e+25 1.13989e+39 4.85347e+25 1.65469e+39 5.57598e+25 1.90101e+39 
3.78346e+13 2.34383e+26 8.86778e+39 2.47291e+25 9.35616e+38 4.10760e+25 1.55409e+39 5.96060e+25 2.25517e+39 6.84742e+25 2.59069e+39 
4.19871e+13 2.87769e+26 1.20826e+40 3.04049e+25 1.27661e+39 5.04500e+25 2.11825e+39 7.31803e+25 3.07263e+39 8.40611e+25 3.52948e+39 
4.65953e+13 3.53196e+26 1.64573e+40 3.73765e+25 1.74157e+39 6.19448e+25 2.88634e+39 8.98152e+25 4.18496e+39 1.03160e+26 4.80676e+39 
5.17092e+13 4.33335e+26 2.24074e+40 4.59374e+25 2.37539e+39 7.60334e+25 3.93163e+39 1.10189e+26 5.69781e+39 1.26548e+26 6.54372e+39 
5.73844e+13 5.31436e+26 3.04961e+40 5.64464e+25 3.23914e+39 9.32920e+25 5.35351e+39 1.35129e+26 7.75427e+39 1.55172e+26 8.90448e+39 
6.36825e+13 6.51442e+26 4.14855e+40 6.93423e+25 4.41589e+39 1.14421e+26 7.28663e+39 1.65634e+26 1.05480e+40 1.90179e+26 1.21111e+40 
7.06718e+13 7.98137e+26 5.64058e+40 8.51608e+25 6.01847e+39 1.40272e+26 9.91329e+39 2.02921e+26 1.43408e+40 2.32959e+26 1.64636e+40 
7.84282e+13 9.77306e+26 7.66484e+40 1.04556e+26 8.20011e+39 1.71877e+26 1.34800e+40 2.48458e+26 1.94861e+40 2.85191e+26 2.23670e+40 
8.70359e+13 1.19593e+27 1.04089e+41 1.28324e+26 1.11688e+40 2.10485e+26 1.83197e+40 3.04018e+26 2.64604e+40 3.48904e+26 3.03672e+40 
9.65883e+13 1.46244e+27 1.41254e+41 1.57435e+26 1.52063e+40 2.57604e+26 2.48816e+40 3.71736e+26 3.59053e+40 4.26538e+26 4.11986e+40 
1.07189e+14 1.78692e+27 1.91539e+41 1.93068e+26 2.06948e+40 3.15055e+26 3.37704e+40 4.54177e+26 4.86828e+40 5.21020e+26 5.58477e+40 
1.18953e+14 2.18150e+27 2.59497e+41 2.36655e+26 2.81510e+40 3.85023e+26 4.57997e+40 5.54411e+26 6.59491e+40 6.35853e+26 7.56368e+40 
1.32009e+14 2.66063e+27 3.51226e+41 2.89932e+26 3.82735e+40 4.70129e+26 6.20611e+40 6.76103e+26 8.92516e+40 7.75212e+26 1.02335e+41 
1.46497e+14 3.24149e+27 4.74869e+41 3.54995e+26 5.20057e+40 5.73504e+26 8.40167e+40 8.23608e+26 1.20656e+41 9.44055e+26 1.38301e+41 
1.62576e+14 3.94444e+27 6.41269e+41 4.34378e+26 7.06193e+40 6.98878e+26 1.13620e+41 1.00208e+27 1.62913e+41 1.14824e+27 1.86676e+41 
1.80419e+14 4.79345e+27 8.64827e+41 5.31131e+26 9.58259e+40 8.50668e+26 1.53476e+41 1.21758e+27 2.19674e+41 1.39465e+27 2.51621e+41 
2.00220e+14 5.81659e+27 1.16460e+42 6.48915e+26 1.29926e+41 1.03409e+27 2.07045e+41 1.47722e+27 2.95769e+41 1.69133e+27 3.38639e+41 
2.22195e+14 7.04655e+27 1.56571e+42 7.92113e+26 1.76003e+41 1.25526e+27 2.78911e+41 1.78924e+27 3.97560e+41 2.04762e+27 4.54970e+41 
2.46581e+14 8.52104e+27 2.10113e+42 9.65951e+26 2.38185e+41 1.52131e+27 3.75125e+41 2.16317e+27 5.33398e+41 2.47425e+27 6.10102e+41 
2.73644e+14 1.02832e+28 2.81394e+42 1.17664e+27 3.21981e+41 1.84050e+27 5.03642e+41 2.60990e+27 7.14184e+41 2.98345e+27 8.16403e+41 
3.03677e+14 1.23820e+28 3.76014e+42 1.43152e+27 4.34721e+41 2.22232e+27 6.74869e+41 3.14173e+27 9.54072e+41 3.58902e+27 1.08990e+42 
3.37006e+14 1.48722e+28 5.01201e+42 1.73923e+27 5.86133e+41 2.67757e+27 9.02357e+41 3.77241e+27 1.27133e+42 4.30628e+27 1.45125e+42 
3.73994e+14 1.78139e+28 6.66229e+42 2.10986e+27 7.89074e+41 3.21837e+27 1.20365e+42 4.51706e+27 1.68935e+42 5.15201e+27 1.92682e+42 
4.15040e+14 2.12726e+28 8.82900e+42 2.55511e+27 1.06047e+42 3.85822e+27 1.60132e+42 5.39201e+27 2.23790e+42 6.14419e+27 2.55009e+42 
4.60592e+14 2.53175e+28 1.16611e+43 3.08845e+27 1.42251e+42 4.61185e+27 2.12418e+42 6.41450e+27 2.95447e+42 7.30161e+27 3.36307e+42 
5.11143e+14 3.00200e+28 1.53445e+43 3.72521e+27 1.90412e+42 5.49509e+27 2.80878e+42 7.60223e+27 3.88583e+42 8.64334e+27 4.41798e+42 
5.67243e+14 3.54509e+28 2.01093e+43 4.48266e+27 2.54276e+42 6.52452e+27 3.70099e+42 8.97266e+27 5.08967e+42 1.01878e+28 5.77897e+42 
6.29499e+14 4.16774e+28 2.62359e+43 5.37991e+27 3.38665e+42 7.71707e+27 4.85789e+42 1.05421e+28 6.63626e+42 1.19519e+28 7.52370e+42 
6.98588e+14 4.87583e+28 3.40620e+43 6.43779e+27 4.49736e+42 9.08935e+27 6.34971e+42 1.23248e+28 8.60994e+42 1.39493e+28 9.74480e+42 
7.75260e+14 5.67389e+28 4.39874e+43 7.67843e+27 5.95278e+42 1.06569e+28 8.26184e+42 1.43311e+28 1.11103e+43 1.61892e+28 1.25508e+43 
8.60346e+14 6.56446e+28 5.64771e+43 9.12466e+27 7.85037e+42 1.24330e+28 1.06967e+43 1.65664e+28 1.42529e+43 1.86742e+28 1.60663e+43 
9.54772e+14 7.54741e+28 7.20605e+43 1.07991e+28 1.03106e+43 1.44277e+28 1.37751e+43 1.90292e+28 1.81686e+43 2.13986e+28 2.04308e+43 
1.05956e+15 8.61922e+28 9.13259e+43 1.27226e+28 1.34804e+43 1.66463e+28 1.76378e+43 2.17094e+28 2.30024e+43 2.43463e+28 2.57963e+43 
1.17585e+15 9.77223e+28 1.14907e+44 1.49128e+28 1.75352e+43 1.90878e+28 2.24443e+43 2.45865e+28 2.89100e+43 2.74884e+28 3.23222e+43 
1.30490e+15 1.09939e+29 1.43459e+44 1.73813e+28 2.26809e+43 2.17430e+28 2.83725e+43 2.76280e+28 3.60518e+43 3.07823e+28 4.01679e+43 
1.44812e+15 1.22660e+29 1.77627e+44 2.01311e+28 2.91522e+43 2.45930e+28 3.56136e+43 3.07880e+28 4.45846e+43 3.41695e+28 4.94815e+43 
1.60705e+15 1.35643e+29 2.17986e+44 2.31529e+28 3.72079e+43 2.76071e+28 4.43661e+43 3.40062e+28 5.46497e+43 3.75746e+28 6.03844e+43 
1.78343e+15 1.48577e+29 2.64977e+44 2.64215e+28 4.71208e+43 3.07405e+28 5.48236e+43 3.72069e+28 6.63559e+43 4.09049e+28 7.29511e+43 
1.97917e+15 1.61082e+29 3.18807e+44 2.98914e+28 5.91600e+43 3.39329e+28 6.71588e+43 4.02990e+28 7.97584e+43 4.40503e+28 8.71830e+43 
2.19639e+15 1.72708e+29 3.79334e+44 3.34933e+28 7.35643e+43 3.71065e+28 8.15001e+43 4.31768e+28 9.48329e+43 4.68853e+28 1.02978e+44 
2.43744e+15 1.82950e+29 4.45929e+44 3.71312e+28 9.05052e+43 4.01656e+28 9.79013e+43 4.57225e+28 1.11446e+44 4.92721e+28 1.20098e+44 
2.70496e+15 1.91259e+29 5.17347e+44 4.06803e+28 1.10039e+44 4.29968e+28 1.16304e+44 4.78101e+28 1.29324e+44 5.10673e+28 1.38135e+44 
3.00184e+15 1.97080e+29 5.91600e+44 4.39887e+28 1.32047e+44 4.54712e+28 1.36497e+44 4.93123e+28 1.48028e+44 5.21311e+28 1.56489e+44 
3.33129e+15 1.99891e+29 6.65897e+44 4.68814e+28 1.56176e+44 4.74496e+28 1.58069e+44 5.01095e+28 1.66930e+44 5.23398e+28 1.74359e+44 
3.69691e+15 1.99264e+29 7.36663e+44 4.91695e+28 1.81775e+44 4.87899e+28 1.80372e+44 5.01007e+28 1.85218e+44 5.16006e+28 1.90763e+44 
4.10266e+15 1.94921e+29 7.99696e+44 5.06647e+28 2.07860e+44 4.93586e+28 2.02502e+44 4.92156e+28 2.01915e+44 4.98664e+28 2.04585e+44 
4.55294e+15 1.86797e+29 8.50475e+44 5.11989e+28 2.33105e+44 4.90461e+28 2.23304e+44 4.74275e+28 2.15934e+44 4.71502e+28 2.14672e+44 
5.05263e+15 1.75087e+29 8.84652e+44 5.06486e+28 2.55909e+44 4.77840e+28 2.41435e+44 4.47634e+28 2.26173e+44 4.35337e+28 2.19960e+44 
5.60717e+15 1.60273e+29 8.98678e+44 4.89599e+28 2.74526e+44 4.55632e+28 2.55481e+44 4.13118e+28 2.31642e+44 3.91698e+28 2.19632e+44 
6.22257e+15 1.43108e+29 8.90501e+44 4.61713e+28 2.87304e+44 4.24499e+28 2.64148e+44 3.72232e+28 2.31624e+44 3.42749e+28 2.13278e+44 
6.90551e+15 1.24568e+29 8.60204e+44 4.24272e+28 2.92981e+44 3.85936e+28 2.66508e+44 3.27049e+28 2.25844e+44 2.91121e+28 2.01034e+44 
7.66341e+15 1.05752e+29 8.10418e+44 3.79751e+28 2.91019e+44 3.42229e+28 2.62264e+44 2.80049e+28 2.14613e+44 2.39646e+28 1.83650e+44 
8.50449e+15 8.77566e+28 7.46325e+44 3.31446e+28 2.81878e+44 2.96275e+28 2.51967e+44 2.33889e+28 1.98911e+44 1.91029e+28 1.62461e+44 
9.43788e+15 7.15367e+28 6.75155e+44 2.83057e+28 2.67146e+44 2.51227e+28 2.37105e+44 1.91092e+28 1.80351e+44 1.47527e+28 1.39234e+44 
1.04737e+16 5.77774e+28 6.05144e+44 2.38136e+28 2.49416e+44 2.10048e+28 2.19998e+44 1.53723e+28 1.61005e+44 1.10667e+28 1.15910e+44 
1.16232e+16 4.68166e+28 5.44160e+44 1.99510e+28 2.31895e+44 1.75037e+28 2.03449e+44 1.23108e+28 1.43091e+44 8.11078e+27 9.42734e+43 
1.28989e+16 3.86317e+28 4.98307e+44 1.68839e+28 2.17784e+44 1.47467e+28 1.90216e+44 9.96771e+27 1.28572e+44 5.86467e+27 7.56478e+43 
1.43146e+16 3.28970e+28 4.70907e+44 1.46423e+28 2.09598e+44 1.27447e+28 1.82434e+44 8.29823e+27 1.18786e+44 4.24049e+27 6.07009e+43 
1.58857e+16 2.90940e+28 4.62176e+44 1.31337e+28 2.08637e+44 1.14043e+28 1.81164e+44 7.18948e+27 1.14210e+44 3.11136e+27 4.94259e+43 
1.76291e+16 2.66388e+28 4.69619e+44 1.21820e+28 2.14757e+44 1.05628e+28 1.86213e+44 6.49187e+27 1.14446e+44 2.34250e+27 4.12962e+43 
1.95640e+16 2.49904e+28 4.88911e+44 1.15793e+28 2.26537e+44 1.00329e+28 1.96284e+44 6.05253e+27 1.18412e+44 1.81562e+27 3.55209e+43 
2.17112e+16 2.37151e+28 5.14884e+44 1.11322e+28 2.41693e+44 9.64245e+27 2.09349e+44 5.74092e+27 1.24642e+44 1.44164e+27 3.12997e+43 
2.40940e+16 2.25066e+28 5.42274e+44 1.06906e+28 2.57580e+44 9.25884e+27 2.23083e+44 5.46151e+27 1.31590e+44 1.16174e+27 2.79910e+43 
2.67384e+16 2.11727e+28 5.66123e+44 1.01571e+28 2.71584e+44 8.79642e+27 2.35202e+44 5.15436e+27 1.37819e+44 9.41171e+26 2.51654e+43 
2.96730e+16 1.96117e+28 5.81937e+44 9.48173e+27 2.81352e+44 8.21144e+27 2.43658e+44 4.78867e+27 1.42094e+44 7.60795e+26 2.25751e+43 
3.29297e+16 1.77899e+28 5.85815e+44 8.65196e+27 2.84907e+44 7.49282e+27 2.46737e+44 4.35478e+27 1.43402e+44 6.10073e+26 2.00895e+43 
3.65438e+16 1.57270e+28 5.74726e+44 7.68303e+27 2.80767e+44 6.65370e+27 2.43152e+44 3.85797e+27 1.40985e+44 4.82779e+26 1.76426e+43 
4.05546e+16 1.34863e+28 5.46933e+44 6.61119e+27 2.68114e+44 5.72546e+27 2.32194e+44 3.31446e+27 1.34417e+44 3.74953e+26 1.52061e+43 
4.50056e+16 1.11647e+28 5.02472e+44 5.48816e+27 2.46998e+44 4.75288e+27 2.13906e+44 2.74856e+27 1.23701e+44 2.84055e+26 1.27841e+43 
4.99451e+16 8.87891e+27 4.43458e+44 4.37445e+27 2.18482e+44 3.78839e+27 1.89211e+44 2.18935e+27 1.09347e+44 2.08510e+26 1.04140e+43 
5.54266e+16 6.74846e+27 3.74045e+44 3.33117e+27 1.84636e+44 2.88488e+27 1.59899e+44 1.66651e+27 9.23693e+43 1.47263e+26 8.16227e+42 
6.15099e+16 4.87582e+27 2.99911e+44 2.41073e+27 1.48283e+44 2.08775e+27 1.28417e+44 1.20574e+27 7.41649e+43 9.93494e+25 6.11097e+42 
6.82607e+16 3.33006e+27 2.27312e+44 1.64879e+27 1.12548e+44 1.42789e+27 9.74690e+43 8.24533e+26 5.62832e+43 6.35570e+25 4.33844e+42 
7.57525e+16 2.13736e+27 1.61910e+44 1.05956e+27 8.02644e+43 9.17607e+26 6.95110e+43 5.29827e+26 4.01357e+43 3.82723e+25 2.89922e+42 
8.40665e+16 1.28138e+27 1.07721e+44 6.35912e+26 5.34589e+43 5.50716e+26 4.62968e+43 3.17969e+26 2.67306e+43 2.15343e+25 1.81032e+42 
9.32930e+16 7.12977e+26 6.65158e+43 3.54171e+26 3.30417e+43 3.06721e+26 2.86150e+43 1.77089e+26 1.65212e+43 1.12395e+25 1.04857e+42 
1.03532e+17 3.65700e+26 3.78617e+43 1.81818e+26 1.88240e+43 1.57459e+26 1.63021e+43 9.09096e+25 9.41207e+42 5.40296e+24 5.59380e+41 
1.14895e+17 1.71646e+26 1.97213e+43 8.54044e+25 9.81255e+42 7.39624e+25 8.49791e+42 4.27023e+25 4.90628e+42 2.37537e+24 2.72918e+41 
1.27505e+17 7.31241e+25 9.32370e+42 3.64083e+25 4.64225e+42 3.15305e+25 4.02031e+42 1.82042e+25 2.32112e+42 9.48324e+23 1.20916e+41 
1.41499e+17 2.80135e+25 3.96388e+42 1.39560e+25 1.97477e+42 1.20863e+25 1.71020e+42 6.97801e+24 9.87382e+41 3.41201e+23 4.82797e+40 
1.57029e+17 9.54728e+24 1.49920e+42 4.75871e+24 7.47255e+41 4.12116e+24 6.47142e+41 2.37935e+24 3.73627e+41 1.09675e+23 1.72222e+40 
1.74263e+17 2.85860e+24 4.98150e+41 1.42540e+24 2.48395e+41 1.23443e+24 2.15116e+41 7.12699e+23 1.24197e+41 3.11640e+22 5.43074e+39 
1.93389e+17 7.41094e+23 1.43320e+41 3.69650e+23 7.14864e+40 3.20127e+23 6.19090e+40 1.84825e+23 3.57431e+40 7.72548e+21 1.49402e+39 
2.14614e+17 1.63606e+23 3.51121e+40 8.16240e+22 1.75177e+40 7.06885e+22 1.51707e+40 4.08120e+22 8.75882e+39 1.64400e+21 3.52826e+38 
2.38169e+17 3.01821e+22 7.18844e+39 1.50606e+22 3.58696e+39 1.30429e+22 3.10640e+39 7.53029e+21 1.79348e+39 2.94600e+20 7.01643e+37 
2.64308e+17 4.55610e+21 1.20421e+39 2.27372e+21 6.00963e+38 1.96910e+21 5.20449e+38 1.13686e+21 3.00481e+38 4.34847e+19 1.14934e+37 
2.93317e+17 5.49819e+20 1.61271e+38 2.74410e+20 8.04890e+37 2.37646e+20 6.97055e+37 1.37205e+20 4.02444e+37 5.15871e+18 1.51314e+36 
3.25509e+17 5.16997e+19 1.68287e+37 2.58044e+19 8.39955e+36 2.23472e+19 7.27422e+36 1.29022e+19 4.19977e+36 4.78797e+17 1.55853e+35 
3.61234e+17 3.68234e+18 1.33019e+36 1.83801e+18 6.63952e+35 1.59176e+18 5.75000e+35 9.19004e+17 3.31976e+35 3.37620e+16 1.21960e+34 
4.00881e+17 1.92573e+17 7.71986e+34 9.61239e+16 3.85342e+34 8.32457e+16 3.33716e+34 4.80619e+16 1.92671e+34 1.75175e+15 7.02244e+32 
4.44878e+17 7.14385e+15 3.17815e+33 3.56599e+15 1.58643e+33 3.08823e+15 1.37389e+33 1.78299e+15 7.93214e+32 6.45715e+13 2.87265e+31 
4.93705e+17 1.80937e+14 8.93297e+31 9.03200e+13 4.45914e+31 7.82194e+13 3.86173e+31 4.51600e+13 2.22957e+31 1.62647e+12 8.02995e+29 
5.47890e+17 2.99756e+12 1.64233e+30 1.49635e+12 8.19835e+29 1.29588e+12 7.09998e+29 7.48174e+11 4.09917e+29 2.67902e+10 1.46781e+28 
6.08022e+17 3.09102e+10 1.87941e+28 1.54307e+10 9.38223e+27 1.33634e+10 8.12525e+27 7.71536e+09 4.69111e+27 2.73553e+08 1.66326e+26 
6.74754e+17 1.85888e+08 1.25428e+26 9.28115e+07 6.26250e+25 8.03771e+07 5.42348e+25 4.64057e+07 3.13125e+25 1.59400e+06 1.07556e+24 
7.48810e+17 5.71420e+05 4.27885e+23 2.85535e+05 2.13811e+23 2.47280e+05 1.85166e+23 1.42767e+05 1.06906e+23 4.10355e+03 3.07278e+21 
8.30994e+17 3.53913e+02 2.94099e+20 1.79409e+02 1.49088e+20 1.55373e+02 1.29114e+20 8.97045e+01 7.45439e+19 -6.19924e+00 -5.15153e+18 
9.22198e+17 -3.52868e+00 -3.25414e+18 -1.74648e+00 -1.61060e+18 -1.51249e+00 -1.39482e+18 -8.73238e-01 -8.05298e+17 -8.25024e-02 -7.60835e+16 
1.02341e+18 -1.30969e-02 -1.34035e+16 -6.49345e-03 -6.64547e+15 -5.62350e-03 -5.75515e+15 -3.24673e-03 -3.32274e+15 -2.67480e-04 -2.73742e+14 
1.13573e+18 -2.00572e-05 -2.27796e+13 -9.94614e-06 -1.12962e+13 -8.61361e-06 -9.78276e+12 -4.97307e-06 -5.64808e+12 -4.03511e-07 -4.58280e+11 
1.26038e+18 -1.40434e-08 -1.77001e+10 -6.96406e-09 -8.77738e+09 -6.03105e-09 -7.60144e+09 -3.48203e-09 -4.38869e+09 -2.82176e-10 -3.55650e+08 
1.39871e+18 -4.23480e-12 -5.92327e+06 -2.10000e-12 -2.93730e+06 -1.81866e-12 -2.54378e+06 -1.05000e-12 -1.46865e+06 -8.51019e-14 -1.19033e+05 
1.55223e+18 -5.03673e-16 -7.81813e+02 -2.49767e-16 -3.87695e+02 -2.16305e-16 -3.35753e+02 -1.24884e-16 -1.93847e+02 -1.01229e-17 -1.57130e+01 
1.72259e+18 -2.13800e-20 -3.68290e-02 -1.06022e-20 -1.82632e-02 -9.18176e-21 -1.58164e-02 -5.30109e-21 -9.13159e-03 -4.29696e-22 -7.40188e-04 
1.91164e+18 -2.89871e-25 -5.54130e-07 -1.43745e-25 -2.74789e-07 -1.24487e-25 -2.37974e-07 -7.18724e-26 -1.37394e-07 -5.82519e-27 -1.11357e-08 
2.12145e+18 -1.10981e-30 -2.35441e-12 -5.50349e-31 -1.16754e-12 -4.76616e-31 -1.01112e-12 -2.75174e-31 -5.83769e-13 -2.22985e-32 -4.73051e-14 
2.35429e+18 -1.04653e-36 -2.46383e-18 -5.18970e-37 -1.22180e-18 -4.49441e-37 -1.05811e-18 -2.59485e-37 -6.10902e-19 -2.10220e-38 -4.94918e-20 
2.61268e+18 -2.08797e-43 -5.45518e-25 -1.03542e-43 -2.70521e-25 -8.96699e-44 -2.34278e-25 -5.17710e-44 -1.35261e-25 -4.19303e-45 -1.09550e-26 
2.89942e+18 -7.44414e-51 -2.15837e-32 -3.69156e-51 -1.07034e-32 -3.19698e-51 -9.26940e-33 -1.84578e-51 -5.35169e-33 -1.49449e-52 -4.33316e-34 
3.21764e+18 -3.93075e-59 -1.26478e-40 -1.94927e-59 -6.27206e-41 -1.68812e-59 -5.43176e-41 -9.74636e-60 -3.13603e-41 -7.88909e-61 -2.53843e-42 
3.57079e+18 -2.49482e-68 -8.90846e-50 -1.23719e-68 -4.41775e-50 -1.07144e-68 -3.82589e-50 -6.18597e-69 -2.20888e-50 -5.00574e-70 -1.78744e-51 
3.96269e+18 -1.50906e-78 -5.97993e-60 -7.48353e-79 -2.96549e-60 -6.48093e-79 -2.56819e-60 -3.74177e-79 -1.48275e-60 -3.02708e-80 -1.19954e-61 
4.39760e+18 -6.72109e-90 -2.95567e-71 -3.33305e-90 -1.46574e-71 -2.88651e-90 -1.26937e-71 -1.66653e-90 -7.32872e-72 -1.34791e-91 -5.92758e-73 
4.88025e+18 -1.65478e-102 -8.07576e-84 -8.20625e-103 -4.00486e-84 -7.10682e-103 -3.46831e-84 -4.10312e-103 -2.00243e-84 -3.31803e-104 -1.61928e-85 
5.41587e+18 -1.63797e-116 -8.87103e-98 -8.12289e-117 -4.39925e-98 -7.03463e-117 -3.80987e-98 -4.06145e-117 -2.19963e-98 -3.28383e-118 -1.77848e-99 
6.01028e+18 -4.57666e-132 -2.75070e-113 -2.26962e-132 -1.36411e-113 -1.96555e-132 -1.18135e-113 -1.13481e-132 -6.82053e-114 -9.17430e-134 -5.51401e-115 
6.66992e+18 -2.43763e-149 -1.62588e-130 -1.20885e-149 -8.06295e-131 -1.04690e-149 -6.98272e-131 -6.04426e-150 -4.03148e-131 -4.88603e-151 -3.25894e-132 
7.40196e+18 -1.60080e-168 -1.18491e-149 -7.93861e-169 -5.87613e-150 -6.87504e-169 -5.08888e-150 -3.96931e-169 -2.93806e-150 -3.20850e-170 -2.37492e-151 
8.21434e+18 -7.99280e-190 -6.56556e-171 -3.96375e-190 -3.25596e-171 -3.43270e-190 -2.81974e-171 -1.98187e-190 -1.62798e-171 -1.60195e-191 -1.31589e-172 
9.11589e+18 -1.77463e-213 -1.61773e-194 -8.80064e-214 -8.02256e-195 -7.62157e-214 -6.94774e-195 -4.40032e-214 -4.01128e-195 -3.55669e-215 -3.24224e-196 
1.01164e+19 -9.66343e-240 -9.77589e-221 -4.79224e-240 -4.84801e-221 -4.15020e-240 -4.19850e-221 -2.39612e-240 -2.42400e-221 -1.93671e-241 -1.95925e-222 
1.12267e+19 -6.51230e-269 -7.31115e-250 -3.28671e-269 -3.68989e-250 -2.84186e-269 -3.19047e-250 -1.62728e-269 -1.82689e-250 -1.09906e-270 -1.23388e-251 
1.24588e+19 1.87832e-280 2.34017e-261 2.46034e-281 3.06529e-262 2.67202e-281 3.32902e-262 3.15829e-281 3.93486e-262 2.84786e-281 3.54810e-262 
1.38262e+19 1.78285e-291 2.46501e-272 2.33550e-292 3.22911e-273 2.53632e-292 3.50678e-273 2.99781e-292 4.14483e-273 2.70309e-292 3.73736e-273 
1.53437e+19 1.01345e-303 1.55500e-284 1.32769e-304 2.03716e-285 1.44181e-304 2.21226e-285 1.70410e-304 2.61472e-285 1.53655e-304 2.35763e-285 
1.70277e+19 2.53125e-317 4.31014e-298 3.31630e-318 5.64689e-299 3.60125e-318 6.13209e-299 4.25631e-318 7.24751e-299 3.83776e-318 6.53482e-299 
1.88965e+19 0.00000e+00 0.00000e+00 0.00000e+00 0.00000e+00 0.00000e+00 0.00000e+00 0.00000e+00 0.00000e+00 0.00000e+00 0.00000e+00 
2.09705e+19 0.00000e+00 0.00000e+00 0.00000e+00 0.00000e+00 0.00000e+00 0.00000e+00 0.00000e+00 0.00000e+00 0.00000e+00 0.00000e+00 
2.32720e+19 0.00000e+00 0.00000e+00 0.00000e+00 0.00000e+00 0.00000e+00 0.00000e+00 0.00000e+00 0.00000e+00 0.00000e+00 0.00000e+00 
2.58262e+19 0.00000e+00 0.00000e+00 0.00000e+00 0.00000e+00 0.00000e+00 0.00000e+00 0.00000e+00 0.00000e+00 0.00000e+00 0.00000e+00 
2.86607e+19 0.00000e+00 0.00000e+00 0.00000e+00 0.00000e+00 0.00000e+00 0.00000e+00 0.00000e+00 0.00000e+00 0.00000e+00 0.00000e+00 
3.18063e+19 0.00000e+00 0.00000e+00 0.00000e+00 0.00000e+00 0.00000e+00 0.00000e+00 0.00000e+00 0.00000e+00 0.00000e+00 0.00000e+00 
3.52971e+19 0.00000e+00 0.00000e+00 0.00000e+00 0.00000e+00 0.00000e+00 0.00000e+00 0.00000e+00 0.00000e+00 0.00000e+00 0.00000e+00 
3.91710e+19 0.00000e+00 0.00000e+00 0.00000e+00 0.00000e+00 0.00000e+00 0.00000e+00 0.00000e+00 0.00000e+00 0.00000e+00 0.00000e+00 
4.34701e+19 0.00000e+00 0.00000e+00 0.00000e+00 0.00000e+00 0.00000e+00 0.00000e+00 0.00000e+00 0.00000e+00 0.00000e+00 0.00000e+00 
4.82411e+19 0.00000e+00 0.00000e+00 0.00000e+00 0.00000e+00 0.00000e+00 0.00000e+00 0.00000e+00 0.00000e+00 0.00000e+00 0.00000e+00 
5.35357e+19 0.00000e+00 0.00000e+00 0.00000e+00 0.00000e+00 0.00000e+00 0.00000e+00 0.00000e+00 0.00000e+00 0.00000e+00 0.00000e+00 
5.94113e+19 0.00000e+00 0.00000e+00 0.00000e+00 0.00000e+00 0.00000e+00 0.00000e+00 0.00000e+00 0.00000e+00 0.00000e+00 0.00000e+00 
6.59319e+19 0.00000e+00 0.00000e+00 0.00000e+00 0.00000e+00 0.00000e+00 0.00000e+00 0.00000e+00 0.00000e+00 0.00000e+00 0.00000e+00 
7.31681e+19 0.00000e+00 0.00000e+00 0.00000e+00 0.00000e+00 0.00000e+00 0.00000e+00 0.00000e+00 0.00000e+00 0.00000e+00 0.00000e+00 
8.11984e+19 0.00000e+00 0.00000e+00 0.00000e+00 0.00000e+00 0.00000e+00 0.00000e+00 0.00000e+00 0.00000e+00 0.00000e+00 0.00000e+00 
9.01102e+19 0.00000e+00 0.00000e+00 0.00000e+00 0.00000e+00 0.00000e+00 0.00000e+00 0.00000e+00 0.00000e+00 0.00000e+00 0.00000e+00 
1.00000e+20 0.00000e+00 0.00000e+00 0.00000e+00 0.00000e+00 0.00000e+00 0.00000e+00 0.00000e+00 0.00000e+00 0.00000e+00 0.00000e+00 
