1.00000e+11 1.10659e+21 1.10659e+32 9.58831e+19 9.58831e+30 1.80074e+20 1.80074e+31 2.78971e+20 2.78971e+31 3.27112e+20 3.27112e+31 
1.10975e+11 1.36281e+21 1.51239e+32 1.18084e+20 1.31044e+31 2.21768e+20 2.46108e+31 3.43564e+20 3.81271e+31 4.02852e+20 4.47066e+31 
1.23155e+11 1.67836e+21 2.06698e+32 1.45426e+20 1.79100e+31 2.73117e+20 3.36357e+31 4.23113e+20 5.21085e+31 4.96127e+20 6.11006e+31 
1.36672e+11 2.06696e+21 2.82495e+32 1.79099e+20 2.44777e+31 3.36354e+20 4.59700e+31 5.21080e+20 7.12168e+31 6.11000e+20 8.35063e+31 
1.51672e+11 2.54554e+21 3.86086e+32 2.20568e+20 3.34539e+31 4.14232e+20 6.28273e+31 6.41729e+20 9.73321e+31 7.52468e+20 1.14128e+32 
1.68318e+11 3.13492e+21 5.27664e+32 2.71639e+20 4.57217e+31 5.10142e+20 8.58662e+31 7.90311e+20 1.33024e+32 9.26691e+20 1.55979e+32 
1.86791e+11 3.86076e+21 7.21157e+32 3.34535e+20 6.24882e+31 6.28258e+20 1.17353e+32 9.73295e+20 1.81803e+32 1.14125e+21 2.13176e+32 
2.07292e+11 4.75465e+21 9.85602e+32 4.11993e+20 8.54029e+31 7.73721e+20 1.60386e+32 1.19864e+21 2.48469e+32 1.40549e+21 2.91346e+32 
2.30043e+11 5.85549e+21 1.34701e+33 5.07386e+20 1.16721e+32 9.52862e+20 2.19199e+32 1.47616e+21 3.39581e+32 1.73090e+21 3.98180e+32 
2.55291e+11 7.21120e+21 1.84095e+33 6.24865e+20 1.59522e+32 1.17348e+21 2.99578e+32 1.81794e+21 4.64102e+32 2.13164e+21 5.44189e+32 
2.83310e+11 8.88077e+21 2.51601e+33 7.69544e+20 2.18019e+32 1.44517e+21 4.09430e+32 2.23883e+21 6.34283e+32 2.62517e+21 7.43736e+32 
3.14404e+11 1.09369e+22 3.43859e+33 9.47721e+20 2.97967e+32 1.77976e+21 5.59563e+32 2.75717e+21 8.66864e+32 3.23295e+21 1.01645e+33 
3.48910e+11 1.34689e+22 4.69945e+33 1.16715e+21 4.07231e+32 2.19181e+21 7.64746e+32 3.39551e+21 1.18473e+33 3.98144e+21 1.38916e+33 
3.87204e+11 1.65872e+22 6.42263e+33 1.43738e+21 5.56561e+32 2.69926e+21 1.04516e+33 4.18162e+21 1.61914e+33 4.90320e+21 1.89854e+33 
4.29700e+11 2.04273e+22 8.77764e+33 1.77018e+21 7.60648e+32 3.32418e+21 1.42840e+33 5.14971e+21 2.21283e+33 6.03834e+21 2.59468e+33 
4.76861e+11 2.51564e+22 1.19961e+34 2.18003e+21 1.03957e+33 4.09376e+21 1.95216e+33 6.34190e+21 3.02420e+33 7.43625e+21 3.54606e+33 
5.29198e+11 3.09802e+22 1.63946e+34 2.68476e+21 1.42077e+33 5.04150e+21 2.66795e+33 7.81005e+21 4.13306e+33 9.15774e+21 4.84626e+33 
5.87279e+11 3.81520e+22 2.24059e+34 3.30634e+21 1.94174e+33 6.20861e+21 3.64619e+33 9.61805e+21 5.64848e+33 1.12777e+22 6.62316e+33 
6.51734e+11 4.69838e+22 3.06210e+34 4.07183e+21 2.65375e+33 7.64588e+21 4.98308e+33 1.18445e+22 7.71949e+33 1.38884e+22 9.05153e+33 
7.23263e+11 5.78599e+22 4.18479e+34 5.01452e+21 3.62682e+33 9.41583e+21 6.81013e+33 1.45864e+22 1.05498e+34 1.71033e+22 1.23702e+34 
8.02643e+11 7.12531e+22 5.71908e+34 6.17544e+21 4.95668e+33 1.15954e+22 9.30701e+33 1.79628e+22 1.44177e+34 2.10623e+22 1.69055e+34 
8.90735e+11 8.77460e+22 7.81585e+34 7.60511e+21 6.77414e+33 1.42795e+22 1.27193e+34 2.21206e+22 1.97036e+34 2.59375e+22 2.31035e+34 
9.88496e+11 1.08056e+23 1.06813e+35 9.36572e+21 9.25797e+33 1.75848e+22 1.73825e+34 2.72406e+22 2.69272e+34 3.19409e+22 3.15735e+34 
1.09699e+12 1.33065e+23 1.45971e+35 1.15339e+22 1.26525e+34 2.16549e+22 2.37552e+34 3.35454e+22 3.67988e+34 3.93336e+22 4.31484e+34 
1.21738e+12 1.63862e+23 1.99483e+35 1.42039e+22 1.72915e+34 2.66670e+22 3.24639e+34 4.13090e+22 5.02889e+34 4.84368e+22 5.89661e+34 
1.35099e+12 2.01784e+23 2.72609e+35 1.74919e+22 2.36314e+34 3.28387e+22 4.43649e+34 5.08690e+22 6.87237e+34 5.96462e+22 8.05816e+34 
1.49927e+12 2.48479e+23 3.72537e+35 2.15409e+22 3.22956e+34 4.04385e+22 6.06281e+34 6.26407e+22 9.39152e+34 7.34489e+22 1.10120e+35 
1.66382e+12 3.05977e+23 5.09090e+35 2.65270e+22 4.41360e+34 4.97964e+22 8.28522e+34 7.71356e+22 1.28339e+35 9.04445e+22 1.50483e+35 
1.84642e+12 3.76775e+23 6.95686e+35 3.26670e+22 6.03171e+34 6.13192e+22 1.13221e+35 9.49832e+22 1.75379e+35 1.11371e+23 2.05639e+35 
2.04907e+12 4.63947e+23 9.50661e+35 4.02279e+22 8.24299e+34 7.55073e+22 1.54720e+35 1.16959e+23 2.39657e+35 1.37138e+23 2.81006e+35 
2.27397e+12 5.71277e+23 1.29907e+36 4.95383e+22 1.12648e+35 9.29768e+22 2.11426e+35 1.44016e+23 3.27487e+35 1.68863e+23 3.83988e+35 
2.52354e+12 7.03425e+23 1.77512e+36 6.10030e+22 1.53943e+35 1.14486e+23 2.88910e+35 1.77329e+23 4.47497e+35 2.07923e+23 5.24701e+35 
2.80050e+12 8.66124e+23 2.42558e+36 7.51201e+22 2.10374e+35 1.40969e+23 3.94784e+35 2.18344e+23 6.11473e+35 2.56013e+23 7.16964e+35 
3.10787e+12 1.06643e+24 3.31432e+36 9.25031e+22 2.87487e+35 1.73574e+23 5.39444e+35 2.68839e+23 8.35515e+35 3.15217e+23 9.79654e+35 
3.44896e+12 1.31303e+24 4.52858e+36 1.13907e+23 3.92861e+35 2.13715e+23 7.37096e+35 3.31003e+23 1.14162e+36 3.88104e+23 1.33856e+36 
3.82749e+12 1.61660e+24 6.18752e+36 1.40262e+23 5.36850e+35 2.63133e+23 1.00714e+36 4.07529e+23 1.55982e+36 4.77830e+23 1.82889e+36 
4.24757e+12 1.99029e+24 8.45392e+36 1.72711e+23 7.33601e+35 3.23969e+23 1.37608e+36 5.01733e+23 2.13115e+36 5.88280e+23 2.49876e+36 
4.71375e+12 2.45029e+24 1.15501e+37 2.12663e+23 1.00244e+36 3.98857e+23 1.88012e+36 6.17691e+23 2.91164e+36 7.24235e+23 3.41387e+36 
5.23110e+12 3.01649e+24 1.57795e+37 2.61853e+23 1.36978e+36 4.91040e+23 2.56868e+36 7.60418e+23 3.97782e+36 8.91575e+23 4.66392e+36 
5.80523e+12 3.71335e+24 2.15569e+37 3.22412e+23 1.87168e+36 6.04503e+23 3.50928e+36 9.36085e+23 5.43419e+36 1.09753e+24 6.37142e+36 
6.44236e+12 4.57100e+24 2.94480e+37 3.96968e+23 2.55741e+36 7.44153e+23 4.79411e+36 1.15228e+24 7.42339e+36 1.35100e+24 8.70363e+36 
7.14943e+12 5.62643e+24 4.02257e+37 4.88751e+23 3.49429e+36 9.16020e+23 6.54902e+36 1.41833e+24 1.01402e+37 1.66291e+24 1.18889e+37 
7.93410e+12 6.92515e+24 5.49448e+37 6.01737e+23 4.77424e+36 1.12752e+24 8.94587e+36 1.74570e+24 1.38505e+37 2.04672e+24 1.62389e+37 
8.80488e+12 8.52309e+24 7.50448e+37 7.40818e+23 6.52281e+36 1.38778e+24 1.22192e+37 2.14849e+24 1.89172e+37 2.51894e+24 2.21790e+37 
9.77124e+12 1.04890e+25 1.02491e+38 9.12010e+23 8.91147e+36 1.70799e+24 1.66892e+37 2.64404e+24 2.58355e+37 3.09988e+24 3.02897e+37 
1.08437e+13 1.29073e+25 1.39963e+38 1.12272e+24 1.21743e+37 2.10194e+24 2.27927e+37 3.25361e+24 3.52811e+37 3.81449e+24 4.13630e+37 
1.20338e+13 1.58818e+25 1.91119e+38 1.38204e+24 1.66311e+37 2.58654e+24 3.11258e+37 4.00336e+24 4.81756e+37 4.69341e+24 5.64794e+37 
1.33545e+13 1.95399e+25 2.60946e+38 1.70117e+24 2.27183e+37 3.18258e+24 4.25019e+37 4.92539e+24 6.57763e+37 5.77426e+24 7.71124e+37 
1.48202e+13 2.40379e+25 3.56246e+38 2.09387e+24 3.10317e+37 3.91560e+24 5.80299e+37 6.05911e+24 8.97973e+37 7.10322e+24 1.05271e+38 
1.64468e+13 2.95677e+25 4.86293e+38 2.57707e+24 4.23845e+37 4.81690e+24 7.92225e+37 7.45288e+24 1.22576e+38 8.73695e+24 1.43695e+38 
1.82518e+13 3.63648e+25 6.63724e+38 3.17155e+24 5.78867e+37 5.92496e+24 1.08141e+38 9.16600e+24 1.67296e+38 1.07450e+25 1.96115e+38 
2.02550e+13 4.47177e+25 9.05757e+38 3.90287e+24 7.90526e+37 7.28691e+24 1.47597e+38 1.12712e+25 2.28298e+38 1.32124e+25 2.67618e+38 
2.24781e+13 5.49801e+25 1.23585e+39 4.80240e+24 1.07949e+38 8.96059e+24 2.01417e+38 1.38576e+25 3.11492e+38 1.62437e+25 3.65128e+38 
2.49451e+13 6.75853e+25 1.68592e+39 5.90868e+24 1.47393e+38 1.10168e+25 2.74816e+38 1.70343e+25 4.24922e+38 1.99667e+25 4.98072e+38 
2.76829e+13 8.30634e+25 2.29943e+39 7.26904e+24 2.01228e+38 1.35425e+25 3.74894e+38 2.09349e+25 5.79538e+38 2.45379e+25 6.79278e+38 
3.07211e+13 1.02063e+26 3.13550e+39 8.94154e+24 2.74694e+38 1.66436e+25 5.11312e+38 2.57228e+25 7.90233e+38 3.01484e+25 9.26194e+38 
3.40929e+13 1.25377e+26 4.27447e+39 1.09974e+25 3.74933e+38 2.04503e+25 6.97210e+38 3.15976e+25 1.07725e+39 3.70323e+25 1.26254e+39 
3.78346e+13 1.53974e+26 5.82556e+39 1.35240e+25 5.11676e+38 2.51213e+25 9.50455e+38 3.88033e+25 1.46811e+39 4.54747e+25 1.72052e+39 
4.19871e+13 1.89035e+26 7.93703e+39 1.66284e+25 6.98178e+38 3.08505e+25 1.29532e+39 4.76371e+25 2.00014e+39 5.58240e+25 2.34389e+39 
4.65953e+13 2.31999e+26 1.08101e+40 2.04417e+25 9.52488e+38 3.78744e+25 1.76477e+39 5.84617e+25 2.72404e+39 6.85043e+25 3.19197e+39 
5.17092e+13 2.84620e+26 1.47174e+40 2.51246e+25 1.29917e+39 4.64815e+25 2.40352e+39 7.17181e+25 3.70849e+39 8.40316e+25 4.34521e+39 
5.73844e+13 3.49026e+26 2.00287e+40 3.08733e+25 1.77164e+39 5.70225e+25 3.27220e+39 8.79426e+25 5.04653e+39 1.03033e+26 5.91250e+39 
6.36825e+13 4.27806e+26 2.72437e+40 3.79280e+25 2.41535e+39 6.99242e+25 4.45295e+39 1.07786e+26 6.86408e+39 1.26270e+26 8.04118e+39 
7.06718e+13 5.24092e+26 3.70385e+40 4.65821e+25 3.29204e+39 8.57042e+25 6.05687e+39 1.32037e+26 9.33127e+39 1.54663e+26 1.09303e+40 
7.84282e+13 6.41675e+26 5.03254e+40 5.71934e+25 4.48558e+39 1.04990e+26 8.23419e+39 1.61648e+26 1.26778e+40 1.89327e+26 1.48486e+40 
8.70359e+13 7.85130e+26 6.83345e+40 7.01983e+25 6.10977e+39 1.28541e+26 1.11877e+40 1.97771e+26 1.72132e+40 2.31605e+26 2.01580e+40 
9.65883e+13 9.59967e+26 9.27216e+40 8.61280e+25 8.31896e+39 1.57272e+26 1.51906e+40 2.41789e+26 2.33540e+40 2.83114e+26 2.73455e+40 
1.07189e+14 1.17280e+27 1.25711e+41 1.05629e+26 1.13222e+40 1.92287e+26 2.06110e+40 2.95367e+26 3.16601e+40 3.45793e+26 3.70652e+40 
1.18953e+14 1.43155e+27 1.70288e+41 1.29484e+26 1.54026e+40 2.34909e+26 2.79432e+40 3.60492e+26 4.28817e+40 4.21961e+26 5.01937e+40 
1.32009e+14 1.74566e+27 2.30443e+41 1.58646e+26 2.09426e+40 2.86724e+26 3.78501e+40 4.39537e+26 5.80228e+40 5.14381e+26 6.79029e+40 
1.46497e+14 2.12637e+27 3.11507e+41 1.94264e+26 2.84591e+40 3.49624e+26 5.12189e+40 5.35320e+26 7.84229e+40 6.26334e+26 9.17562e+40 
1.62576e+14 2.58695e+27 4.20575e+41 2.37727e+26 3.86485e+40 4.25856e+26 6.92337e+40 6.51174e+26 1.05865e+41 7.61694e+26 1.23833e+41 
1.80419e+14 3.14305e+27 5.67065e+41 2.90707e+26 5.24490e+40 5.18081e+26 9.34714e+40 7.91018e+26 1.42714e+41 9.25012e+26 1.66889e+41 
2.00220e+14 3.81296e+27 7.63432e+41 3.55216e+26 7.11213e+40 6.29431e+26 1.26025e+41 9.59434e+26 1.92098e+41 1.12160e+27 2.24567e+41 
2.22195e+14 4.61797e+27 1.02609e+42 4.33657e+26 9.63563e+40 7.63574e+26 1.69662e+41 1.16175e+27 2.58134e+41 1.35763e+27 3.01658e+41 
2.46581e+14 5.58259e+27 1.37656e+42 5.28903e+26 1.30417e+41 9.24777e+26 2.28032e+41 1.40409e+27 3.46222e+41 1.64018e+27 4.04437e+41 
2.73644e+14 6.73489e+27 1.84296e+42 6.44366e+26 1.76327e+41 1.11796e+27 3.05924e+41 1.69346e+27 4.63406e+41 1.97732e+27 5.41083e+41 
3.03677e+14 8.10659e+27 2.46179e+42 7.84084e+26 2.38108e+41 1.34878e+27 4.09592e+41 2.03778e+27 6.18828e+41 2.37815e+27 7.22191e+41 
3.37006e+14 9.73314e+27 3.28013e+42 9.52808e+26 3.21102e+41 1.62361e+27 5.47166e+41 2.44586e+27 8.24272e+41 2.85277e+27 9.61402e+41 
3.73994e+14 1.16536e+28 4.35836e+42 1.15610e+27 4.32373e+41 1.94962e+27 7.29145e+41 2.92741e+27 1.09483e+42 3.41222e+27 1.27615e+42 
4.15040e+14 1.39101e+28 5.77324e+42 1.40040e+27 5.81224e+41 2.33473e+27 9.69009e+41 3.49286e+27 1.44968e+42 4.06835e+27 1.68853e+42 
4.60592e+14 1.65473e+28 7.62155e+42 1.69316e+27 7.79857e+41 2.78757e+27 1.28393e+42 4.15327e+27 1.91296e+42 4.83356e+27 2.22630e+42 
5.11143e+14 1.96112e+28 1.00241e+43 2.04285e+27 1.04419e+42 3.31734e+27 1.69564e+42 4.91992e+27 2.51478e+42 5.72042e+27 2.92395e+42 
5.67243e+14 2.31474e+28 1.31302e+43 2.45902e+27 1.39486e+42 3.93364e+27 2.23133e+42 5.80399e+27 3.29227e+42 6.74114e+27 3.82386e+42 
6.29499e+14 2.71990e+28 1.71217e+43 2.95228e+27 1.85845e+42 4.64620e+27 2.92478e+42 6.81598e+27 4.29065e+42 7.90691e+27 4.97739e+42 
6.98588e+14 3.18038e+28 2.22178e+43 3.53421e+27 2.46895e+42 5.46451e+27 3.81744e+42 7.96496e+27 5.56423e+42 9.22702e+27 6.44588e+42 
7.75260e+14 3.69910e+28 2.86776e+43 4.21716e+27 3.26939e+42 6.39739e+27 4.95964e+42 9.25785e+27 7.17724e+42 1.07078e+28 8.30134e+42 
8.60346e+14 4.27771e+28 3.68032e+43 5.01393e+27 4.31372e+42 7.45236e+27 6.41161e+42 1.06984e+28 9.20430e+42 1.23516e+28 1.06267e+43 
9.54772e+14 4.91618e+28 4.69383e+43 5.93726e+27 5.66873e+42 8.63504e+27 8.24449e+42 1.22860e+28 1.17304e+43 1.41553e+28 1.35150e+43 
1.05956e+15 5.61229e+28 5.94656e+43 6.99912e+27 7.41599e+42 9.94831e+27 1.05408e+43 1.40151e+28 1.48498e+43 1.61090e+28 1.70685e+43 
1.17585e+15 6.36116e+28 7.47976e+43 8.20970e+27 9.65337e+42 1.13915e+28 1.33947e+43 1.58732e+28 1.86645e+43 1.81950e+28 2.13946e+43 
1.30490e+15 7.15468e+28 9.33616e+43 9.57621e+27 1.24960e+43 1.29594e+28 1.69108e+43 1.78406e+28 2.32802e+43 2.03858e+28 2.66015e+43 
1.44812e+15 7.98102e+28 1.15575e+44 1.11013e+28 1.60760e+43 1.46411e+28 2.12021e+43 1.98886e+28 2.88011e+43 2.26433e+28 3.27901e+43 
1.60705e+15 8.82408e+28 1.41808e+44 1.27814e+28 2.05403e+43 1.64189e+28 2.63861e+43 2.19788e+28 3.53210e+43 2.49171e+28 4.00430e+43 
1.78343e+15 9.66304e+28 1.72334e+44 1.46045e+28 2.60461e+43 1.82672e+28 3.25784e+43 2.40619e+28 4.29127e+43 2.71438e+28 4.84091e+43 
1.97917e+15 1.04722e+29 2.07262e+44 1.65486e+28 3.27524e+43 2.01514e+28 3.98830e+43 2.60777e+28 5.16121e+43 2.92469e+28 5.78846e+43 
2.19639e+15 1.12211e+29 2.46459e+44 1.85798e+28 4.08084e+43 2.20274e+28 4.83807e+43 2.79555e+28 6.14010e+43 3.11376e+28 6.83902e+43 
2.43744e+15 1.18758e+29 2.89467e+44 2.06514e+28 5.03368e+43 2.38422e+28 5.81139e+43 2.96165e+28 7.21885e+43 3.27183e+28 7.97489e+43 
2.70496e+15 1.24005e+29 3.35429e+44 2.27039e+28 6.14131e+43 2.55350e+28 6.90710e+43 3.09782e+28 8.37947e+43 3.38883e+28 9.16666e+43 
3.00184e+15 1.27608e+29 3.83058e+44 2.46661e+28 7.40436e+43 2.70407e+28 8.11719e+43 3.19609e+28 9.59414e+43 3.45536e+28 1.03724e+44 
3.33129e+15 1.29276e+29 4.30655e+44 2.64590e+28 8.81428e+43 2.82945e+28 9.42574e+43 3.24965e+28 1.08255e+44 3.46374e+28 1.15387e+44 
3.69691e+15 1.28814e+29 4.76215e+44 2.80011e+28 1.03518e+44 2.92371e+28 1.08087e+44 3.25371e+28 1.20287e+44 3.40929e+28 1.26039e+44 
4.10266e+15 1.26167e+29 5.17618e+44 2.92157e+28 1.19862e+44 2.98214e+28 1.22347e+44 3.20635e+28 1.31545e+44 3.29134e+28 1.35033e+44 
4.55294e+15 1.21437e+29 5.52896e+44 3.00406e+28 1.36773e+44 3.00184e+28 1.36672e+44 3.10903e+28 1.41552e+44 3.11386e+28 1.41772e+44 
5.05263e+15 1.14900e+29 5.80545e+44 3.04369e+28 1.53787e+44 2.98227e+28 1.50683e+44 2.96674e+28 1.49898e+44 2.88544e+28 1.45791e+44 
5.60717e+15 1.06974e+29 5.99823e+44 3.03976e+28 1.70445e+44 2.92550e+28 1.64038e+44 2.78765e+28 1.56308e+44 2.61861e+28 1.46830e+44 
6.22257e+15 9.81843e+28 6.10959e+44 2.99513e+28 1.86374e+44 2.83629e+28 1.76490e+44 2.58234e+28 1.60688e+44 2.32843e+28 1.44888e+44 
6.90551e+15 8.90916e+28 6.15223e+44 2.91611e+28 2.01372e+44 2.72169e+28 1.87946e+44 2.36271e+28 1.63157e+44 2.03076e+28 1.40234e+44 
7.66341e+15 8.02260e+28 6.14805e+44 2.81159e+28 2.15463e+44 2.59029e+28 1.98504e+44 2.14067e+28 1.64048e+44 1.74039e+28 1.33373e+44 
8.50449e+15 7.20222e+28 6.12512e+44 2.69166e+28 2.28912e+44 2.45110e+28 2.08454e+44 1.92693e+28 1.63875e+44 1.46948e+28 1.24971e+44 
9.43788e+15 6.47746e+28 6.11335e+44 2.56588e+28 2.42165e+44 2.31231e+28 2.18233e+44 1.72989e+28 1.63265e+44 1.22653e+28 1.15759e+44 
1.04737e+16 5.86191e+28 6.13960e+44 2.44168e+28 2.55735e+44 2.18004e+28 2.28331e+44 1.55495e+28 1.62861e+44 1.01608e+28 1.06422e+44 
1.16232e+16 5.35416e+28 6.22326e+44 2.32329e+28 2.70042e+44 2.05764e+28 2.39164e+44 1.40424e+28 1.63218e+44 8.38968e+27 9.75152e+43 
1.28989e+16 4.94076e+28 6.37304e+44 2.21148e+28 2.85257e+44 1.94540e+28 2.50936e+44 1.27683e+28 1.64697e+44 6.93135e+27 8.94068e+43 
1.43146e+16 4.60041e+28 6.58530e+44 2.10407e+28 3.01189e+44 1.84102e+28 2.63534e+44 1.16935e+28 1.67388e+44 5.74633e+27 8.22564e+43 
1.58857e+16 4.30828e+28 6.84398e+44 1.99701e+28 3.17239e+44 1.74043e+28 2.76478e+44 1.07690e+28 1.71073e+44 4.78622e+27 7.60322e+43 
1.76291e+16 4.03987e+28 7.12194e+44 1.88568e+28 3.32429e+44 1.63893e+28 2.88930e+44 9.94087e+27 1.75249e+44 4.00195e+27 7.05510e+43 
1.95640e+16 3.77403e+28 7.38350e+44 1.76603e+28 3.45505e+44 1.53231e+28 2.99781e+44 9.15945e+27 1.79195e+44 3.34960e+27 6.55315e+43 
2.17112e+16 3.49519e+28 7.58846e+44 1.63553e+28 3.55092e+44 1.41769e+28 3.07796e+44 8.38654e+27 1.82082e+44 2.79364e+27 6.06533e+43 
2.40940e+16 3.19479e+28 7.69754e+44 1.49371e+28 3.59895e+44 1.29410e+28 3.11800e+44 7.59964e+27 1.83106e+44 2.30830e+27 5.56162e+43 
2.67384e+16 2.87197e+28 7.67919e+44 1.34239e+28 3.58934e+44 1.16272e+28 3.10893e+44 6.79315e+27 1.81638e+44 1.87733e+27 5.01969e+43 
2.96730e+16 2.53310e+28 7.51647e+44 1.18547e+28 3.51766e+44 1.02670e+28 3.04654e+44 5.97674e+27 1.77348e+44 1.49286e+27 4.42977e+43 
3.29297e+16 2.19016e+28 7.21214e+44 1.02843e+28 3.38658e+44 8.90656e+27 2.93291e+44 5.17137e+27 1.70292e+44 1.15327e+27 3.79769e+43 
3.65438e+16 1.85786e+28 6.78934e+44 8.77310e+27 3.20603e+44 7.59776e+27 2.77651e+44 4.40327e+27 1.60912e+44 8.60607e+26 3.14499e+43 
4.05546e+16 1.55013e+28 6.28649e+44 7.37607e+27 2.99134e+44 6.38787e+27 2.59058e+44 3.69719e+27 1.49938e+44 6.17669e+26 2.50493e+43 
4.50056e+16 1.27691e+28 5.74682e+44 6.13088e+27 2.75924e+44 5.30949e+27 2.38957e+44 3.07020e+27 1.38176e+44 4.25467e+26 1.91484e+43 
4.99451e+16 1.04231e+28 5.20583e+44 5.05163e+27 2.52304e+44 4.37484e+27 2.18502e+44 2.52814e+27 1.26268e+44 2.81617e+26 1.40654e+43 
5.54266e+16 8.44707e+27 4.68193e+44 4.12978e+27 2.28900e+44 3.57649e+27 1.98233e+44 2.06595e+27 1.14509e+44 1.80137e+26 9.98438e+42 
6.15099e+16 6.78640e+27 4.17431e+44 3.34198e+27 2.05565e+44 2.89424e+27 1.78024e+44 1.67143e+27 1.02810e+44 1.12540e+26 6.92232e+42 
6.82607e+16 5.37553e+27 3.66938e+44 2.66150e+27 1.81676e+44 2.30493e+27 1.57336e+44 1.33092e+27 9.08493e+43 6.96285e+25 4.75289e+42 
7.57525e+16 4.16161e+27 3.15252e+44 2.06798e+27 1.56655e+44 1.79093e+27 1.35667e+44 1.03405e+27 7.83317e+43 4.31822e+25 3.27116e+42 
8.40665e+16 3.11605e+27 2.61955e+44 1.55194e+27 1.30466e+44 1.34402e+27 1.12987e+44 7.75987e+26 6.52345e+43 2.69473e+25 2.26536e+42 
9.32930e+16 2.23216e+27 2.08245e+44 1.11321e+27 1.03855e+44 9.64070e+26 8.99410e+43 5.56610e+26 5.19278e+43 1.67900e+25 1.56639e+42 
1.03532e+17 1.51375e+27 1.56722e+44 7.55509e+26 7.82195e+43 6.54290e+26 6.77401e+43 3.77755e+26 3.91098e+43 1.02751e+25 1.06380e+42 
1.14895e+17 9.62085e+26 1.10539e+44 4.80391e+26 5.51946e+43 4.16031e+26 4.77999e+43 2.40196e+26 2.75973e+43 6.05884e+24 6.96131e+41 
1.27505e+17 5.67445e+26 7.23522e+43 2.83416e+26 3.61370e+43 2.45446e+26 3.12956e+43 1.41708e+26 1.80685e+43 3.38128e+24 4.31130e+41 
1.41499e+17 3.07492e+26 4.35099e+43 1.53608e+26 2.17353e+43 1.33028e+26 1.88234e+43 7.68038e+25 1.08677e+43 1.75822e+24 2.48786e+41 
1.57029e+17 1.51487e+26 2.37878e+43 7.56843e+25 1.18846e+43 6.55445e+25 1.02924e+43 3.78421e+25 5.94231e+42 8.39920e+23 1.31892e+41 
1.74263e+17 6.70875e+25 1.16909e+43 3.35203e+25 5.84136e+42 2.90294e+25 5.05877e+42 1.67601e+25 2.92068e+42 3.63611e+23 6.33641e+40 
1.93389e+17 2.63817e+25 5.10194e+42 1.31824e+25 2.54933e+42 1.14163e+25 2.20778e+42 6.59119e+24 1.27466e+42 1.40659e+23 2.72020e+40 
2.14614e+17 9.08930e+24 1.95069e+42 4.54190e+24 9.74756e+41 3.93340e+24 8.44163e+41 2.27095e+24 4.87378e+41 4.79032e+22 1.02807e+40 
2.38169e+17 2.70352e+24 6.43893e+41 1.35097e+24 3.21760e+41 1.16998e+24 2.78652e+41 6.75487e+23 1.60880e+41 1.41347e+22 3.36644e+39 
2.64308e+17 6.83084e+23 1.80545e+41 3.41349e+23 9.02212e+40 2.95617e+23 7.81339e+40 1.70674e+23 4.51106e+40 3.55190e+21 9.38795e+38 
2.93317e+17 1.44023e+23 4.22444e+40 7.19716e+22 2.11105e+40 6.23292e+22 1.82822e+40 3.59858e+22 1.05552e+40 7.46112e+20 2.18847e+38 
3.25509e+17 2.48478e+22 8.08816e+39 1.24170e+22 4.04185e+39 1.07535e+22 3.50035e+39 6.20852e+21 2.02093e+39 1.28394e+20 4.17935e+37 
3.61234e+17 3.43273e+21 1.24002e+39 1.71542e+21 6.19670e+38 1.48560e+21 5.36650e+38 8.57712e+20 3.09835e+38 1.77060e+19 6.39600e+36 
4.00881e+17 3.70776e+20 1.48637e+38 1.85287e+20 7.42780e+37 1.60463e+20 6.43266e+37 9.26435e+19 3.71390e+37 1.91005e+18 7.65701e+35 
4.44878e+17 3.04959e+19 1.35670e+37 1.52397e+19 6.77980e+36 1.31980e+19 5.87148e+36 7.61984e+18 3.38990e+36 1.56961e+17 6.98287e+34 
4.93705e+17 1.85509e+18 9.15866e+35 9.27040e+17 4.57684e+35 8.02840e+17 3.96366e+35 4.63520e+17 2.28842e+35 9.54251e+15 4.71118e+33 
5.47890e+17 8.08145e+16 4.42774e+34 4.03853e+16 2.21267e+34 3.49747e+16 1.91623e+34 2.01927e+16 1.10634e+34 4.15561e+14 2.27682e+32 
6.08022e+17 2.43316e+15 1.47942e+33 1.21592e+15 7.39306e+32 1.05302e+15 6.40258e+32 6.07960e+14 3.69653e+32 1.25094e+13 7.60599e+30 
6.74754e+17 4.86812e+13 3.28479e+31 2.43274e+13 1.64150e+31 2.10682e+13 1.42158e+31 1.21637e+13 8.20752e+30 2.50257e+11 1.68862e+29 
7.48810e+17 6.19796e+11 4.64110e+29 3.09730e+11 2.31929e+29 2.68234e+11 2.00856e+29 1.54865e+11 1.15965e+29 3.18593e+09 2.38566e+27 
8.30994e+17 4.78693e+09 3.97791e+27 2.39217e+09 1.98788e+27 2.07168e+09 1.72155e+27 1.19608e+09 9.93938e+26 2.46021e+07 2.04442e+25 
9.22198e+17 2.12721e+07 1.96171e+25 1.06303e+07 9.80324e+24 9.20611e+06 8.48985e+24 5.31515e+06 4.90162e+24 1.09291e+05 1.00788e+23 
1.02341e+18 5.12909e+04 5.24917e+22 2.56316e+04 2.62317e+22 2.21976e+04 2.27173e+22 1.28158e+04 1.31158e+22 2.63376e+02 2.69542e+20 
1.13573e+18 6.28661e+01 7.13991e+19 3.14161e+01 3.56803e+19 2.72071e+01 3.09001e+19 1.57080e+01 1.78402e+19 3.22556e-01 3.66338e+17 
1.26038e+18 3.64184e-02 4.59012e+16 1.81994e-02 2.29382e+16 1.57612e-02 1.98651e+16 9.09971e-03 1.14691e+16 1.86665e-04 2.35269e+14 
1.39871e+18 9.19101e-06 1.28556e+13 4.59304e-06 6.42434e+12 3.97769e-06 5.56364e+12 2.29652e-06 3.21217e+12 4.70527e-08 6.58133e+10 
1.55223e+18 9.22304e-10 1.43162e+09 4.60905e-10 7.15429e+08 3.99156e-10 6.19579e+08 2.30453e-10 3.57714e+08 4.71580e-12 7.31999e+06 
1.72259e+18 3.32212e-14 5.72263e+04 1.66017e-14 2.85979e+04 1.43775e-14 2.47665e+04 8.30085e-15 1.42989e+04 1.69666e-16 2.92264e+02 
1.91164e+18 3.83094e-19 7.32339e-01 1.91445e-19 3.65975e-01 1.65796e-19 3.16943e-01 9.57225e-20 1.82987e-01 1.95470e-21 3.73669e-03 
2.12145e+18 1.24501e-24 2.64122e-06 6.22171e-25 1.31991e-06 5.38816e-25 1.14307e-06 3.11086e-25 6.59953e-07 6.34879e-27 1.34686e-08 
2.35429e+18 9.89612e-31 2.32983e-12 4.94543e-31 1.16429e-12 4.28286e-31 1.00831e-12 2.47271e-31 5.82147e-13 5.04561e-33 1.18788e-14 
2.61268e+18 1.64408e-37 4.29544e-19 8.21601e-38 2.14658e-19 7.11527e-38 1.85899e-19 4.10800e-38 1.07329e-19 8.38506e-40 2.19074e-21 
2.89942e+18 4.79647e-45 1.39070e-26 2.39696e-45 6.94979e-27 2.07582e-45 6.01869e-27 1.19848e-45 3.47489e-27 2.44825e-47 7.09851e-29 
3.21764e+18 2.02639e-53 6.52021e-35 1.01266e-53 3.25836e-35 8.76986e-54 2.82183e-35 5.06328e-54 1.62918e-35 1.03567e-55 3.33242e-37 
3.57079e+18 1.00136e-62 3.57564e-44 5.00411e-63 1.78686e-44 4.33368e-63 1.54747e-44 2.50205e-63 8.93430e-45 5.12694e-65 1.83072e-46 
3.96269e+18 4.56851e-73 1.81036e-54 2.28302e-73 9.04691e-55 1.97716e-73 7.83486e-55 1.14151e-73 4.52346e-55 2.34428e-75 9.28965e-57 
4.39760e+18 1.48049e-84 6.51062e-66 7.39846e-85 3.25355e-66 6.40725e-85 2.81766e-66 3.69923e-85 1.62677e-66 7.61713e-87 3.34971e-68 
4.88025e+18 2.54822e-97 1.24359e-78 1.27341e-97 6.21458e-79 1.10281e-97 5.38199e-79 6.36707e-98 3.10729e-79 1.31505e-99 6.41777e-81 
5.41587e+18 1.68755e-111 9.13954e-93 8.43311e-112 4.56727e-93 7.30329e-112 3.95537e-93 4.21656e-112 2.28363e-93 8.73859e-114 4.73271e-95 
6.01028e+18 3.00727e-127 1.80745e-108 1.50280e-127 9.03227e-109 1.30147e-127 7.82217e-109 7.51402e-128 4.51613e-109 1.56309e-129 9.39460e-111 
6.66992e+18 9.69870e-145 6.46895e-126 4.84665e-145 3.23268e-126 4.19732e-145 2.79958e-126 2.42333e-145 1.61634e-126 5.06158e-147 3.37603e-128 
7.40196e+18 3.64550e-164 2.69839e-145 1.82173e-164 1.34844e-145 1.57766e-164 1.16778e-145 9.10864e-165 6.74218e-146 1.91079e-166 1.41436e-147 
8.21434e+18 9.80053e-186 8.05049e-167 4.89749e-186 4.02297e-167 4.24135e-186 3.48399e-167 2.44875e-186 2.01149e-167 5.16049e-188 4.23901e-169 
9.11589e+18 1.09622e-209 9.99302e-191 5.47797e-210 4.99366e-191 4.74406e-210 4.32463e-191 2.73899e-210 2.49683e-191 5.79974e-212 5.28698e-193 
1.01164e+19 2.79645e-236 2.82900e-217 1.39742e-236 1.41368e-217 1.21020e-236 1.22429e-217 6.98711e-237 7.06842e-218 1.48677e-238 1.50407e-219 
1.12267e+19 3.38934e-259 3.80510e-240 4.43908e-260 4.98361e-241 4.82126e-260 5.41267e-241 5.69889e-260 6.39796e-241 5.13887e-260 5.76925e-241 
1.24588e+19 4.06415e-269 5.06346e-250 5.32348e-270 6.63243e-251 5.78149e-270 7.20306e-251 6.83365e-270 8.51393e-251 6.16197e-270 7.67709e-251 
1.38262e+19 3.85758e-280 5.33358e-261 5.05335e-281 6.98688e-262 5.48789e-281 7.58767e-262 6.48640e-281 8.96825e-262 5.84873e-281 8.08658e-262 
1.53437e+19 2.19281e-292 3.36458e-273 2.87274e-293 4.40785e-274 3.11966e-293 4.78671e-274 3.68719e-293 5.65751e-274 3.32465e-293 5.10124e-274 
1.70277e+19 5.47691e-306 9.32592e-287 7.17553e-307 1.22183e-287 7.79208e-307 1.32681e-287 9.20945e-307 1.56816e-287 8.30383e-307 1.41395e-287 
1.88965e+19 4.26379e-321 8.05399e-302 5.58294e-322 1.05499e-302 6.07701e-322 1.14581e-302 7.16395e-322 1.35439e-302 6.47226e-322 1.22101e-302 
2.09705e+19 0.00000e+00 0.00000e+00 0.00000e+00 0.00000e+00 0.00000e+00 0.00000e+00 0.00000e+00 0.00000e+00 0.00000e+00 0.00000e+00 
2.32720e+19 0.00000e+00 0.00000e+00 0.00000e+00 0.00000e+00 0.00000e+00 0.00000e+00 0.00000e+00 0.00000e+00 0.00000e+00 0.00000e+00 
2.58262e+19 0.00000e+00 0.00000e+00 0.00000e+00 0.00000e+00 0.00000e+00 0.00000e+00 0.00000e+00 0.00000e+00 0.00000e+00 0.00000e+00 
2.86607e+19 0.00000e+00 0.00000e+00 0.00000e+00 0.00000e+00 0.00000e+00 0.00000e+00 0.00000e+00 0.00000e+00 0.00000e+00 0.00000e+00 
3.18063e+19 0.00000e+00 0.00000e+00 0.00000e+00 0.00000e+00 0.00000e+00 0.00000e+00 0.00000e+00 0.00000e+00 0.00000e+00 0.00000e+00 
3.52971e+19 0.00000e+00 0.00000e+00 0.00000e+00 0.00000e+00 0.00000e+00 0.00000e+00 0.00000e+00 0.00000e+00 0.00000e+00 0.00000e+00 
3.91710e+19 0.00000e+00 0.00000e+00 0.00000e+00 0.00000e+00 0.00000e+00 0.00000e+00 0.00000e+00 0.00000e+00 0.00000e+00 0.00000e+00 
4.34701e+19 0.00000e+00 0.00000e+00 0.00000e+00 0.00000e+00 0.00000e+00 0.00000e+00 0.00000e+00 0.00000e+00 0.00000e+00 0.00000e+00 
4.82411e+19 0.00000e+00 0.00000e+00 0.00000e+00 0.00000e+00 0.00000e+00 0.00000e+00 0.00000e+00 0.00000e+00 0.00000e+00 0.00000e+00 
5.35357e+19 0.00000e+00 0.00000e+00 0.00000e+00 0.00000e+00 0.00000e+00 0.00000e+00 0.00000e+00 0.00000e+00 0.00000e+00 0.00000e+00 
5.94113e+19 0.00000e+00 0.00000e+00 0.00000e+00 0.00000e+00 0.00000e+00 0.00000e+00 0.00000e+00 0.00000e+00 0.00000e+00 0.00000e+00 
6.59319e+19 0.00000e+00 0.00000e+00 0.00000e+00 0.00000e+00 0.00000e+00 0.00000e+00 0.00000e+00 0.00000e+00 0.00000e+00 0.00000e+00 
7.31681e+19 0.00000e+00 0.00000e+00 0.00000e+00 0.00000e+00 0.00000e+00 0.00000e+00 0.00000e+00 0.00000e+00 0.00000e+00 0.00000e+00 
8.11984e+19 0.00000e+00 0.00000e+00 0.00000e+00 0.00000e+00 0.00000e+00 0.00000e+00 0.00000e+00 0.00000e+00 0.00000e+00 0.00000e+00 
9.01102e+19 0.00000e+00 0.00000e+00 0.00000e+00 0.00000e+00 0.00000e+00 0.00000e+00 0.00000e+00 0.00000e+00 0.00000e+00 0.00000e+00 
1.00000e+20 0.00000e+00 0.00000e+00 0.00000e+00 0.00000e+00 0.00000e+00 0.00000e+00 0.00000e+00 0.00000e+00 0.00000e+00 0.00000e+00 
