1.00000e+11 2.01925e+21 2.01925e+32 2.26033e+20 2.26033e+31 3.51141e+20 3.51141e+31 5.17117e+20 5.17117e+31 5.93488e+20 5.93488e+31 
1.10975e+11 2.48679e+21 2.75972e+32 2.78370e+20 3.08922e+31 4.32444e+20 4.79906e+31 6.36850e+20 7.06746e+31 7.30905e+20 8.11123e+31 
1.23155e+11 3.06258e+21 3.77173e+32 3.42825e+20 4.22207e+31 5.32573e+20 6.55890e+31 7.84306e+20 9.65912e+31 9.00138e+20 1.10857e+32 
1.36672e+11 3.77169e+21 5.15483e+32 4.22205e+20 5.77034e+31 6.55884e+20 8.96408e+31 9.65902e+20 1.32011e+32 1.10855e+21 1.51508e+32 
1.51672e+11 4.64497e+21 7.04511e+32 5.19963e+20 7.88637e+31 8.07747e+20 1.22512e+32 1.18954e+21 1.80420e+32 1.36522e+21 2.07066e+32 
1.68318e+11 5.72045e+21 9.62854e+32 6.40356e+20 1.07783e+32 9.94770e+20 1.67438e+32 1.46496e+21 2.46580e+32 1.68132e+21 2.82997e+32 
1.86791e+11 7.04492e+21 1.31593e+33 7.88625e+20 1.47308e+32 1.22509e+21 2.28837e+32 1.80415e+21 3.37000e+32 2.07060e+21 3.86770e+32 
2.07292e+11 8.67604e+21 1.79848e+33 9.71223e+20 2.01327e+32 1.50874e+21 3.12751e+32 2.22187e+21 4.60577e+32 2.55001e+21 5.28597e+32 
2.30043e+11 1.06848e+22 2.45796e+33 1.19610e+21 2.75154e+32 1.85807e+21 4.27435e+32 2.73630e+21 6.29467e+32 3.14041e+21 7.22430e+32 
2.55291e+11 1.31586e+22 3.35928e+33 1.47304e+21 3.76054e+32 2.28826e+21 5.84173e+32 3.36983e+21 8.60286e+32 3.86750e+21 9.87337e+32 
2.83310e+11 1.62052e+22 4.59108e+33 1.81410e+21 5.13953e+32 2.81806e+21 7.98383e+32 4.15002e+21 1.17574e+33 4.76292e+21 1.34938e+33 
3.14404e+11 1.99570e+22 6.27456e+33 2.23413e+21 7.02418e+32 3.47051e+21 1.09114e+33 5.11084e+21 1.60687e+33 5.86563e+21 1.84418e+33 
3.48910e+11 2.45774e+22 8.57532e+33 2.75140e+21 9.59993e+32 4.27401e+21 1.49125e+33 6.29410e+21 2.19607e+33 7.22363e+21 2.52040e+33 
3.87204e+11 3.02675e+22 1.17197e+34 3.38844e+21 1.31202e+33 5.26352e+21 2.03806e+33 7.75127e+21 3.00132e+33 8.89600e+21 3.44457e+33 
4.29700e+11 3.72748e+22 1.60170e+34 4.17296e+21 1.79312e+33 6.48211e+21 2.78537e+33 9.54578e+21 4.10183e+33 1.09555e+22 4.70759e+33 
4.76861e+11 4.59041e+22 2.18899e+34 5.13911e+21 2.45064e+33 7.98279e+21 3.80668e+33 1.17557e+22 5.60583e+33 1.34918e+22 6.43370e+33 
5.29198e+11 5.65310e+22 2.99161e+34 6.32893e+21 3.34926e+33 9.83087e+21 5.20247e+33 1.44772e+22 7.66128e+33 1.66151e+22 8.79269e+33 
5.87279e+11 6.96178e+22 4.08851e+34 7.79421e+21 4.57737e+33 1.21067e+22 7.11003e+33 1.78286e+22 1.04703e+34 2.04614e+22 1.20166e+34 
6.51734e+11 8.57337e+22 5.58756e+34 9.59870e+21 6.25580e+33 1.49094e+22 9.71697e+33 2.19557e+22 1.43093e+34 2.51980e+22 1.64224e+34 
7.23263e+11 1.05580e+23 7.63619e+34 1.18209e+22 8.54965e+33 1.83608e+22 1.32797e+34 2.70381e+22 1.95557e+34 3.10309e+22 2.24435e+34 
8.02643e+11 1.30019e+23 1.04359e+35 1.45576e+22 1.16845e+34 2.26111e+22 1.81486e+34 3.32968e+22 2.67254e+34 3.82138e+22 3.06721e+34 
8.90735e+11 1.60114e+23 1.42620e+35 1.79277e+22 1.59689e+34 2.78450e+22 2.48025e+34 4.10039e+22 3.65236e+34 4.70590e+22 4.19172e+34 
9.88496e+11 1.97174e+23 1.94906e+35 2.20780e+22 2.18240e+34 3.42903e+22 3.38958e+34 5.04946e+22 4.99137e+34 5.79512e+22 5.72845e+34 
1.09699e+12 2.42811e+23 2.66360e+35 2.71889e+22 2.98259e+34 4.22271e+22 4.63226e+34 6.21816e+22 6.82123e+34 7.13638e+22 7.82851e+34 
1.21738e+12 2.99006e+23 3.64005e+35 3.34829e+22 4.07614e+34 5.20006e+22 6.33047e+34 7.65728e+22 9.32184e+34 8.78799e+22 1.06984e+35 
1.35099e+12 3.68205e+23 4.97442e+35 4.12335e+22 5.57062e+34 6.40356e+22 8.65117e+34 9.42937e+22 1.27390e+35 1.08217e+23 1.46201e+35 
1.49927e+12 4.53412e+23 6.79786e+35 5.07780e+22 7.61298e+34 7.88553e+22 1.18225e+35 1.16114e+23 1.74087e+35 1.33260e+23 1.99792e+35 
1.66382e+12 5.58331e+23 9.28960e+35 6.25313e+22 1.04041e+35 9.71035e+22 1.61562e+35 1.42983e+23 2.37897e+35 1.64095e+23 2.73024e+35 
1.84642e+12 6.87518e+23 1.26945e+36 7.70045e+22 1.42183e+35 1.19573e+23 2.20783e+35 1.76066e+23 3.25093e+35 2.02063e+23 3.73094e+35 
2.04907e+12 8.46585e+23 1.73472e+36 9.48269e+22 1.94307e+35 1.47240e+23 3.01706e+35 2.16801e+23 4.44242e+35 2.48812e+23 5.09833e+35 
2.27397e+12 1.04244e+24 2.37046e+36 1.16773e+23 2.65538e+35 1.81306e+23 4.12284e+35 2.66956e+23 6.07049e+35 3.06370e+23 6.96676e+35 
2.52354e+12 1.28357e+24 3.23914e+36 1.43797e+23 3.62877e+35 2.23250e+23 5.63381e+35 3.28707e+23 8.29506e+35 3.77238e+23 9.51974e+35 
2.80050e+12 1.58045e+24 4.42607e+36 1.77072e+23 4.95892e+35 2.74893e+23 7.69839e+35 4.04735e+23 1.13346e+36 4.64487e+23 1.30080e+36 
3.10787e+12 1.94596e+24 6.04778e+36 2.18045e+23 6.77655e+35 3.38474e+23 1.05193e+36 4.98335e+23 1.54876e+36 5.71903e+23 1.77740e+36 
3.44896e+12 2.39593e+24 8.26348e+36 2.68495e+23 9.26029e+35 4.16753e+23 1.43736e+36 6.13566e+23 2.11617e+36 7.04141e+23 2.42856e+36 
3.82749e+12 2.94987e+24 1.12906e+37 3.30612e+23 1.26542e+36 5.13121e+23 1.96397e+36 7.55420e+23 2.89137e+36 8.66930e+23 3.31817e+36 
4.24757e+12 3.63177e+24 1.54262e+37 4.07094e+23 1.72916e+36 6.31756e+23 2.68343e+36 9.30042e+23 3.95042e+36 1.06732e+24 4.53352e+36 
4.71375e+12 4.47114e+24 2.10759e+37 5.01258e+23 2.36281e+36 7.77795e+23 3.66633e+36 1.14499e+24 5.39719e+36 1.31398e+24 6.19379e+36 
5.23110e+12 5.50430e+24 2.87935e+37 6.17190e+23 3.22858e+36 9.57560e+23 5.00909e+36 1.40956e+24 7.37353e+36 1.61759e+24 8.46175e+36 
5.80523e+12 6.77590e+24 3.93356e+37 7.59917e+23 4.41149e+36 1.17883e+24 6.84336e+36 1.73518e+24 1.00731e+37 1.99125e+24 1.15597e+37 
6.44236e+12 8.34086e+24 5.37349e+37 9.35624e+23 6.02763e+36 1.45116e+24 9.34892e+36 2.13593e+24 1.37605e+37 2.45111e+24 1.57910e+37 
7.14943e+12 1.02667e+25 7.34013e+37 1.15192e+24 8.23560e+36 1.78633e+24 1.27712e+37 2.62910e+24 1.87965e+37 3.01701e+24 2.15699e+37 
7.93410e+12 1.26365e+25 1.00260e+38 1.41818e+24 1.12520e+37 2.19879e+24 1.74454e+37 3.23594e+24 2.56742e+37 3.71333e+24 2.94620e+37 
8.80488e+12 1.55524e+25 1.36937e+38 1.74592e+24 1.53727e+37 2.70633e+24 2.38290e+37 3.98258e+24 3.50662e+37 4.57007e+24 4.02389e+37 
9.77124e+12 1.91396e+25 1.87018e+38 2.14932e+24 2.10015e+37 3.33082e+24 3.25462e+37 4.90115e+24 4.78904e+37 5.62404e+24 5.49539e+37 
1.08437e+13 2.35524e+25 2.55394e+38 2.64579e+24 2.86901e+37 4.09911e+24 4.44493e+37 6.03110e+24 6.53992e+37 6.92052e+24 7.50438e+37 
1.20338e+13 2.89800e+25 3.48739e+38 3.25679e+24 3.91915e+37 5.04421e+24 6.07009e+37 7.42089e+24 8.93014e+37 8.51509e+24 1.02469e+38 
1.33545e+13 3.56549e+25 4.76154e+38 4.00867e+24 5.35338e+37 6.20667e+24 8.28871e+37 9.13003e+24 1.21927e+38 1.04760e+25 1.39902e+38 
1.48202e+13 4.38624e+25 6.50050e+38 4.93382e+24 7.31203e+37 7.63628e+24 1.13171e+38 1.12316e+25 1.66454e+38 1.28870e+25 1.90988e+38 
1.64468e+13 5.39527e+25 8.87347e+38 6.07208e+24 9.98661e+37 9.39415e+24 1.54503e+38 1.38152e+25 2.27215e+38 1.58509e+25 2.60697e+38 
1.82518e+13 6.63552e+25 1.21110e+39 7.47237e+24 1.36385e+38 1.15553e+25 2.10905e+38 1.69907e+25 3.10112e+38 1.94938e+25 3.55798e+38 
2.02550e+13 8.15967e+25 1.65274e+39 9.19482e+24 1.86241e+38 1.42117e+25 2.87859e+38 2.08931e+25 4.23190e+38 2.39703e+25 4.85518e+38 
2.24781e+13 1.00322e+26 2.25505e+39 1.13133e+25 2.54300e+38 1.74762e+25 3.92832e+38 2.56874e+25 5.77404e+38 2.94696e+25 6.62418e+38 
2.49451e+13 1.23323e+26 3.07629e+39 1.39183e+25 3.47194e+38 2.14871e+25 5.35997e+38 3.15760e+25 7.87667e+38 3.62236e+25 9.03601e+38 
2.76829e+13 1.51565e+26 4.19576e+39 1.71213e+25 4.73966e+38 2.64136e+25 7.31204e+38 3.88065e+25 1.07428e+39 4.45162e+25 1.23234e+39 
3.07211e+13 1.86233e+26 5.72130e+39 2.10586e+25 6.46945e+38 3.24631e+25 9.97302e+38 4.76818e+25 1.46484e+39 5.46943e+25 1.68027e+39 
3.40929e+13 2.28774e+26 7.79954e+39 2.58978e+25 8.82930e+38 3.98890e+25 1.35993e+39 5.85720e+25 1.99689e+39 6.71821e+25 2.29043e+39 
3.78346e+13 2.80952e+26 1.06297e+40 3.18440e+25 1.20481e+39 4.90014e+25 1.85395e+39 7.19290e+25 2.72141e+39 8.24971e+25 3.12125e+39 
4.19871e+13 3.44925e+26 1.44824e+40 3.91486e+25 1.64373e+39 6.01788e+25 2.52673e+39 8.83044e+25 3.70764e+39 1.01271e+26 4.25207e+39 
4.65953e+13 4.23318e+26 1.97246e+40 4.81194e+25 2.24214e+39 7.38829e+25 3.44259e+39 1.08370e+26 5.04952e+39 1.24273e+26 5.79051e+39 
5.17092e+13 5.19329e+26 2.68541e+40 5.91332e+25 3.05773e+39 9.06767e+25 4.68882e+39 1.32943e+26 6.87440e+39 1.52438e+26 7.88246e+39 
5.73844e+13 6.36844e+26 3.65449e+40 7.26504e+25 4.16900e+39 1.11245e+26 6.38376e+39 1.63019e+26 9.35475e+39 1.86905e+26 1.07254e+40 
6.36825e+13 7.80582e+26 4.97094e+40 8.92338e+25 5.68263e+39 1.36422e+26 8.68772e+39 1.99803e+26 1.27240e+40 2.29053e+26 1.45867e+40 
7.06718e+13 9.56259e+26 6.75806e+40 1.09570e+26 7.74352e+39 1.67219e+26 1.18177e+40 2.44757e+26 1.72974e+40 2.80552e+26 1.98272e+40 
7.84282e+13 1.17079e+27 9.18231e+40 1.34497e+26 1.05484e+40 2.04861e+26 1.60669e+40 2.99649e+26 2.35009e+40 3.43424e+26 2.69341e+40 
8.70359e+13 1.43252e+27 1.24681e+41 1.65034e+26 1.43639e+40 2.50831e+26 2.18313e+40 3.66611e+26 3.19083e+40 4.20102e+26 3.65640e+40 
9.65883e+13 1.75151e+27 1.69175e+41 2.02423e+26 1.95517e+40 3.06921e+26 2.96449e+40 4.48210e+26 4.32919e+40 5.13518e+26 4.95999e+40 
1.07189e+14 2.13980e+27 2.29364e+41 2.48170e+26 2.66012e+40 3.75284e+26 4.02264e+40 5.47529e+26 5.86892e+40 6.27187e+26 6.72276e+40 
1.18953e+14 2.61186e+27 3.10690e+41 3.04104e+26 3.61742e+40 4.58513e+26 5.45417e+40 6.68255e+26 7.94913e+40 7.65311e+26 9.10364e+40 
1.32009e+14 3.18492e+27 4.20437e+41 3.72435e+26 4.91648e+40 5.59708e+26 7.38864e+40 8.14787e+26 1.07559e+41 9.32899e+26 1.23151e+41 
1.46497e+14 3.87944e+27 5.68327e+41 4.55838e+26 6.67790e+40 6.82571e+26 9.99947e+40 9.92348e+26 1.45376e+41 1.13589e+27 1.66405e+41 
1.62576e+14 4.71966e+27 7.67302e+41 5.57532e+26 9.06411e+40 8.31504e+26 1.35182e+41 1.20712e+27 1.96247e+41 1.38131e+27 2.24567e+41 
1.80419e+14 5.73410e+27 1.03454e+42 6.81388e+26 1.22935e+41 1.01172e+27 1.82533e+41 1.46635e+27 2.64558e+41 1.67739e+27 3.02633e+41 
2.00220e+14 6.95612e+27 1.39276e+42 8.32046e+26 1.66592e+41 1.22935e+27 2.46141e+41 1.77856e+27 3.56104e+41 2.03377e+27 4.07202e+41 
2.22195e+14 8.42451e+27 1.87188e+42 1.01505e+27 2.25538e+41 1.49160e+27 3.31425e+41 2.15361e+27 4.78520e+41 2.46159e+27 5.46953e+41 
2.46581e+14 1.01840e+28 2.51118e+42 1.23698e+27 3.05015e+41 1.80682e+27 4.45529e+41 2.60285e+27 6.41814e+41 2.97369e+27 7.33255e+41 
2.73644e+14 1.22857e+28 3.36191e+42 1.50565e+27 4.12011e+41 2.18470e+27 5.97831e+41 3.13928e+27 8.59046e+41 3.58466e+27 9.80920e+41 
3.03677e+14 1.47874e+28 4.49061e+42 1.83025e+27 5.55804e+41 2.63632e+27 8.00589e+41 3.77756e+27 1.14716e+42 4.31094e+27 1.30913e+42 
3.37006e+14 1.77538e+28 5.98315e+42 2.22155e+27 7.48676e+41 3.17423e+27 1.06974e+42 4.53402e+27 1.52799e+42 5.17079e+27 1.74259e+42 
3.73994e+14 2.12559e+28 7.94959e+42 2.69207e+27 1.00682e+42 3.81254e+27 1.42587e+42 5.42663e+27 2.02952e+42 6.18417e+27 2.31284e+42 
4.15040e+14 2.53707e+28 1.05299e+43 3.25626e+27 1.35148e+42 4.56683e+27 1.89542e+42 6.47474e+27 2.68728e+42 7.37246e+27 3.05987e+42 
4.60592e+14 3.01793e+28 1.39004e+43 3.93061e+27 1.81041e+42 5.45410e+27 2.51211e+42 7.69875e+27 3.54598e+42 8.75802e+27 4.03387e+42 
5.11143e+14 3.57656e+28 1.82813e+43 4.73374e+27 2.41962e+42 6.49245e+27 3.31857e+42 9.11957e+27 4.66141e+42 1.03635e+28 5.29723e+42 
5.67243e+14 4.22124e+28 2.39447e+43 5.68636e+27 3.22555e+42 7.70080e+27 4.36822e+42 1.07578e+28 6.10229e+42 1.22109e+28 6.92654e+42 
6.29499e+14 4.95984e+28 3.12222e+43 6.81112e+27 4.28759e+42 9.09826e+27 5.72734e+42 1.26327e+28 7.95229e+42 1.43203e+28 9.01461e+42 
6.98588e+14 5.79924e+28 4.05128e+43 8.13221e+27 5.68106e+42 1.07034e+28 7.47728e+42 1.47610e+28 1.03119e+43 1.67084e+28 1.16723e+43 
7.75260e+14 6.74474e+28 5.22893e+43 9.67472e+27 7.50042e+42 1.25334e+28 9.71661e+42 1.71550e+28 1.32996e+43 1.93865e+28 1.50296e+43 
8.60346e+14 7.79940e+28 6.71018e+43 1.14636e+28 9.86269e+42 1.46024e+28 1.25631e+43 1.98212e+28 1.70531e+43 2.23588e+28 1.92363e+43 
9.54772e+14 8.96318e+28 8.55779e+43 1.35223e+28 1.29107e+43 1.69206e+28 1.61554e+43 2.27581e+28 2.17287e+43 2.56198e+28 2.44610e+43 
1.05956e+15 1.02322e+29 1.08416e+44 1.58706e+28 1.68159e+43 1.94923e+28 2.06533e+43 2.59537e+28 2.74995e+43 2.91519e+28 3.08882e+43 
1.17585e+15 1.15976e+29 1.36371e+44 1.85220e+28 2.17790e+43 2.23136e+28 2.62374e+43 2.93842e+28 3.45514e+43 3.29237e+28 3.87133e+43 
1.30490e+15 1.30451e+29 1.70226e+44 2.14804e+28 2.80299e+43 2.53704e+28 3.31059e+43 3.30108e+28 4.30759e+43 3.68868e+28 4.81336e+43 
1.44812e+15 1.45535e+29 2.10751e+44 2.47365e+28 3.58214e+43 2.86359e+28 4.14682e+43 3.67779e+28 5.32588e+43 4.09741e+28 5.93353e+43 
1.60705e+15 1.60938e+29 2.58636e+44 2.82630e+28 4.54201e+43 3.20673e+28 5.15338e+43 4.06107e+28 6.52635e+43 4.50971e+28 7.24735e+43 
1.78343e+15 1.76287e+29 3.14396e+44 3.20101e+28 5.70878e+43 3.56030e+28 6.34956e+43 4.44128e+28 7.92071e+43 4.91446e+28 8.76460e+43 
1.97917e+15 1.91115e+29 3.78248e+44 3.59017e+28 7.10555e+43 3.91602e+28 7.75046e+43 4.80653e+28 9.51292e+43 5.29807e+28 1.04858e+44 
2.19639e+15 2.04861e+29 4.49953e+44 3.98322e+28 8.74868e+43 4.26326e+28 9.36375e+43 5.14267e+28 1.12953e+44 5.64467e+28 1.23979e+44 
2.43744e+15 2.16884e+29 5.28644e+44 4.36654e+28 1.06432e+44 4.58907e+28 1.11856e+44 5.43360e+28 1.32441e+44 5.93644e+28 1.44697e+44 
2.70496e+15 2.26493e+29 6.12653e+44 4.72372e+28 1.27775e+44 4.87855e+28 1.31963e+44 5.66201e+28 1.53155e+44 6.15456e+28 1.66478e+44 
3.00184e+15 2.32989e+29 6.99394e+44 5.03624e+28 1.51180e+44 5.11553e+28 1.53560e+44 5.81060e+28 1.74425e+44 6.28065e+28 1.88535e+44 
3.33129e+15 2.35742e+29 7.85325e+44 5.28465e+28 1.76047e+44 5.28378e+28 1.76018e+44 5.86383e+28 1.95342e+44 6.29881e+28 2.09832e+44 
3.69691e+15 2.34271e+29 8.66079e+44 5.45031e+28 2.01493e+44 5.36862e+28 1.98473e+44 5.81002e+28 2.14791e+44 6.19790e+28 2.29131e+44 
4.10266e+15 2.28331e+29 9.36764e+44 5.51761e+28 2.26369e+44 5.35881e+28 2.19854e+44 5.64343e+28 2.31531e+44 5.97394e+28 2.45090e+44 
4.55294e+15 2.17983e+29 9.92461e+44 5.47623e+28 2.49329e+44 5.24840e+28 2.38956e+44 5.36608e+28 2.44314e+44 5.63179e+28 2.56412e+44 
5.05263e+15 2.03633e+29 1.02888e+45 5.32329e+28 2.68966e+44 5.03833e+28 2.54568e+44 4.98872e+28 2.52062e+44 5.18605e+28 2.62032e+44 
5.60717e+15 1.86026e+29 1.04308e+45 5.06462e+28 2.83982e+44 4.73724e+28 2.65625e+44 4.53069e+28 2.54044e+44 4.66037e+28 2.61315e+44 
6.22257e+15 1.66178e+29 1.03406e+45 4.71493e+28 2.93390e+44 4.36118e+28 2.71378e+44 4.01831e+28 2.50042e+44 4.08537e+28 2.54215e+44 
6.90551e+15 1.45262e+29 1.00311e+45 4.29633e+28 2.96684e+44 3.93218e+28 2.71537e+44 3.48200e+28 2.40450e+44 3.49494e+28 2.41344e+44 
7.66341e+15 1.24446e+29 9.53682e+44 3.83558e+28 2.93937e+44 3.47557e+28 2.66347e+44 2.95232e+28 2.26248e+44 2.92182e+28 2.23911e+44 
8.50449e+15 1.04742e+29 8.90774e+44 3.36044e+28 2.85788e+44 3.01666e+28 2.56552e+44 2.45593e+28 2.08864e+44 2.39306e+28 2.03518e+44 
9.43788e+15 8.68747e+28 8.19913e+44 2.89593e+28 2.73314e+44 2.57749e+28 2.43261e+44 2.01216e+28 1.89905e+44 1.92676e+28 1.81845e+44 
1.04737e+16 7.12338e+28 7.46082e+44 2.46152e+28 2.57812e+44 2.17434e+28 2.27734e+44 1.63130e+28 1.70858e+44 1.53082e+28 1.60333e+44 
1.16232e+16 5.78951e+28 6.72928e+44 2.06963e+28 2.40558e+44 1.81663e+28 2.11151e+44 1.31492e+28 1.52836e+44 1.20404e+28 1.39948e+44 
1.28989e+16 4.67112e+28 6.02523e+44 1.72577e+28 2.22605e+44 1.50732e+28 1.94427e+44 1.05784e+28 1.36449e+44 9.39034e+27 1.21125e+44 
1.43146e+16 3.74229e+28 5.35693e+44 1.42981e+28 2.04672e+44 1.24438e+28 1.78128e+44 8.51080e+27 1.21829e+44 7.25740e+27 1.03887e+44 
1.58857e+16 2.97543e+28 4.72667e+44 1.17806e+28 1.87143e+44 1.02290e+28 1.62494e+44 6.84752e+27 1.08777e+44 5.54320e+27 8.80573e+43 
1.76291e+16 2.34659e+28 4.13684e+44 9.65207e+27 1.70158e+44 8.36931e+27 1.47544e+44 5.50019e+27 9.69636e+43 4.16788e+27 7.34761e+43 
1.95640e+16 1.83642e+28 3.59277e+44 7.85838e+27 1.53741e+44 6.80914e+27 1.33214e+44 4.40025e+27 8.60864e+43 3.07275e+27 6.01152e+43 
2.17112e+16 1.42861e+28 3.10169e+44 6.35247e+27 1.37920e+44 5.50248e+27 1.19465e+44 3.49891e+27 7.59655e+43 2.21468e+27 4.80833e+43 
2.40940e+16 1.10792e+28 2.66943e+44 5.09566e+27 1.22775e+44 4.41325e+27 1.06333e+44 2.76204e+27 6.65486e+43 1.55840e+27 3.75482e+43 
2.67384e+16 8.59091e+27 2.29707e+44 4.05518e+27 1.08429e+44 3.51196e+27 9.39041e+43 2.16400e+27 5.78620e+43 1.07110e+27 2.86394e+43 
2.96730e+16 6.67070e+27 1.97940e+44 3.20102e+27 9.49839e+43 2.77218e+27 8.22589e+43 1.68303e+27 4.99405e+43 7.20521e+26 2.13800e+43 
3.29297e+16 5.18051e+27 1.70593e+44 2.50420e+27 8.24625e+43 2.16870e+27 7.14147e+43 1.29900e+27 4.27757e+43 4.75816e+26 1.56685e+43 
3.65438e+16 4.00577e+27 1.46386e+44 1.93730e+27 7.07965e+43 1.67775e+27 6.13116e+43 9.93327e+26 3.63000e+43 3.09331e+26 1.13041e+43 
4.05546e+16 3.06185e+27 1.24172e+44 1.47625e+27 5.98689e+43 1.27847e+27 5.18480e+43 7.49848e+26 3.04098e+43 1.98176e+26 8.03695e+42 
4.50056e+16 2.29367e+27 1.03228e+44 1.10190e+27 4.95917e+43 9.54275e+26 4.29477e+43 5.55724e+26 2.50107e+43 1.24847e+26 5.61883e+42 
4.99451e+16 1.66944e+27 8.33802e+43 8.00353e+26 3.99737e+43 6.93126e+26 3.46182e+43 4.01604e+26 2.00581e+43 7.68848e+25 3.84002e+42 
5.54266e+16 1.17139e+27 6.49264e+43 5.61789e+26 3.11381e+43 4.86523e+26 2.69664e+43 2.80949e+26 1.55721e+43 4.58771e+25 2.54281e+42 
6.15099e+16 7.87052e+26 4.84115e+43 3.78522e+26 2.32828e+43 3.27809e+26 2.01635e+43 1.88907e+26 1.16196e+43 2.62628e+25 1.61542e+42 
6.82607e+16 5.03397e+26 3.43622e+43 2.43235e+26 1.66034e+43 2.10648e+26 1.43790e+43 1.21252e+26 8.27677e+42 1.42960e+25 9.75855e+41 
7.57525e+16 3.04752e+26 2.30857e+43 1.48100e+26 1.12190e+43 1.28259e+26 9.71592e+42 7.37914e+25 5.58988e+42 7.35311e+24 5.57016e+41 
8.40665e+16 1.73529e+26 1.45880e+43 8.48402e+25 7.13222e+42 7.34737e+25 6.17668e+42 4.22684e+25 3.55336e+42 3.56243e+24 2.99481e+41 
9.32930e+16 9.22281e+25 8.60424e+42 4.53485e+25 4.23070e+42 3.92730e+25 3.66390e+42 2.25969e+25 2.10813e+42 1.62446e+24 1.51551e+41 
1.03532e+17 4.53193e+25 4.69201e+42 2.23944e+25 2.31855e+42 1.93942e+25 2.00792e+42 1.11622e+25 1.15564e+42 6.96629e+23 7.21235e+40 
1.14895e+17 2.03530e+25 2.33846e+42 1.00989e+25 1.16031e+42 8.74586e+24 1.00486e+42 5.03515e+24 5.78514e+41 2.79689e+23 3.21349e+40 
1.27505e+17 8.24339e+24 1.05107e+42 4.10385e+24 5.23262e+41 3.55404e+24 4.53158e+41 2.04665e+24 2.60958e+41 1.03964e+23 1.32559e+40 
1.41499e+17 2.96667e+24 4.19781e+41 1.48095e+24 2.09553e+41 1.28254e+24 1.81478e+41 7.38691e+23 1.04524e+41 3.51271e+22 4.97046e+39 
1.57029e+17 9.33571e+23 1.46598e+41 4.67148e+23 7.33558e+40 4.04562e+23 6.35280e+40 2.33021e+23 3.65911e+40 1.05371e+22 1.65463e+39 
1.74263e+17 2.52525e+23 4.40059e+40 1.26654e+23 2.20711e+40 1.09685e+23 1.91141e+40 6.31704e+22 1.10083e+40 2.73388e+21 4.76415e+38 
1.93389e+17 5.76516e+22 1.11492e+40 2.89880e+22 5.60596e+39 2.51043e+22 4.85490e+39 1.44543e+22 2.79530e+39 5.97021e+20 1.15457e+38 
2.14614e+17 1.08932e+22 2.33783e+39 5.49377e+21 1.17904e+39 4.75774e+21 1.02108e+39 2.73806e+21 5.87627e+38 1.06618e+20 2.28817e+37 
2.38169e+17 1.66764e+21 3.97178e+38 8.44311e+20 2.01088e+38 7.31194e+20 1.74148e+38 4.20494e+20 1.00148e+38 1.50663e+19 3.58832e+36 
2.64308e+17 2.02092e+20 5.34145e+37 1.02855e+20 2.71854e+37 8.90749e+19 2.35432e+37 5.11705e+19 1.35248e+37 1.61435e+18 4.26687e+35 
2.93317e+17 1.88949e+19 5.54220e+36 9.68741e+18 2.84148e+36 8.38955e+18 2.46079e+36 4.81207e+18 1.41146e+36 1.22634e+17 3.59705e+34 
3.25509e+17 1.32464e+18 4.31183e+35 6.86379e+17 2.23422e+35 5.94421e+17 1.93489e+35 3.40180e+17 1.10732e+35 5.67747e+15 1.84807e+33 
3.61234e+17 6.74413e+16 2.43621e+34 3.55003e+16 1.28239e+34 3.07441e+16 1.11058e+34 1.75360e+16 6.33460e+33 6.35915e+13 2.29714e+31 
4.00881e+17 2.40482e+15 9.64046e+32 1.29677e+15 5.19851e+32 1.12304e+15 4.50204e+32 6.37353e+14 2.55503e+32 -1.03651e+13 -4.15516e+30 
4.44878e+17 5.75889e+13 2.56200e+31 3.22627e+13 1.43530e+31 2.79403e+13 1.24300e+31 1.57345e+13 6.99994e+30 -7.44930e+11 -3.31403e+29 
4.93705e+17 8.80494e+11 4.34704e+29 5.25315e+11 2.59351e+29 4.54936e+11 2.24604e+29 2.53081e+11 1.24947e+29 -2.46264e+10 -1.21581e+28 
5.47890e+17 8.04602e+09 4.40833e+27 5.35732e+09 2.93522e+27 4.63958e+09 2.54198e+27 2.53027e+09 1.38631e+27 -4.56142e+08 -2.49916e+26 
6.08022e+17 3.96757e+07 2.41237e+25 3.25983e+07 1.98205e+25 2.82309e+07 1.71650e+25 1.48927e+07 9.05511e+24 -4.82279e+06 -2.93236e+24 
6.74754e+17 8.31581e+04 5.61113e+22 1.12125e+05 7.56565e+22 9.71027e+04 6.55205e+22 4.83379e+04 3.26162e+22 -2.83878e+04 -1.91548e+22 
7.48810e+17 -1.45876e+01 -1.09233e+19 2.05187e+02 1.53646e+20 1.77698e+02 1.33062e+20 7.94384e+01 5.94843e+19 -8.89654e+01 -6.66182e+19 
8.30994e+17 -2.79813e-01 -2.32523e+17 1.86500e-01 1.54981e+17 1.61514e-01 1.34217e+17 5.77997e-02 4.80312e+16 -1.40154e-01 -1.16468e+17 
9.22198e+17 -3.19786e-04 -2.94906e+14 7.77443e-05 7.16957e+13 6.73286e-05 6.20903e+13 1.31240e-05 1.21030e+13 -1.03684e-04 -9.56167e+13 
1.02341e+18 -1.24189e-07 -1.27097e+11 1.34788e-08 1.37943e+10 1.16730e-08 1.19463e+10 -1.43543e-09 -1.46904e+09 -3.33112e-08 -3.40910e+10 
1.13573e+18 -1.74952e-11 -1.98699e+07 8.41662e-13 9.55904e+05 7.28901e-13 8.27837e+05 -6.15210e-13 -6.98715e+05 -4.25511e-12 -4.83267e+06 
1.26038e+18 -8.52261e-16 -1.07418e+03 1.28924e-17 1.62494e+01 1.11652e-17 1.40724e+01 -4.09417e-17 -5.16022e+01 -1.95776e-16 -2.46752e+02 
1.39871e+18 -1.32045e-20 -1.84693e-02 -1.15602e-22 -1.61694e-04 -1.00114e-22 -1.40031e-04 -7.57278e-22 -1.05921e-03 -2.90690e-21 -4.06592e-03 
1.55223e+18 -5.88934e-26 -9.14158e-08 -2.11350e-27 -3.28063e-09 -1.83035e-27 -2.84111e-09 -3.99972e-27 -6.20846e-09 -1.23407e-26 -1.91556e-08 
1.72259e+18 -6.78672e-32 -1.16907e-13 -5.28306e-33 -9.10052e-15 -4.57526e-33 -7.88129e-15 -5.71676e-33 -9.84762e-15 -1.31289e-32 -2.26157e-14 
1.91164e+18 -1.68893e-38 -3.22864e-20 -2.02110e-39 -3.86362e-21 -1.75032e-39 -3.34599e-21 -1.69550e-39 -3.24120e-21 -3.01934e-39 -5.77191e-21 
2.12145e+18 3.07917e-46 6.53231e-28 4.10587e-46 8.71040e-28 3.55579e-46 7.54343e-28 1.77849e-46 3.77298e-28 -1.06352e-46 -2.25620e-28 
2.35429e+18 1.81116e-52 4.26398e-34 9.13180e-53 2.14989e-34 7.90837e-53 1.86186e-34 4.54951e-53 1.07109e-34 3.10094e-54 7.30051e-36 
2.61268e+18 4.25389e-60 1.11140e-41 2.10824e-60 5.50814e-42 1.82579e-60 4.77019e-42 1.05400e-60 2.75376e-42 9.06641e-62 2.36876e-43 
2.89942e+18 1.30416e-68 3.78132e-50 6.45955e-69 1.87290e-50 5.59413e-69 1.62198e-50 3.22977e-69 9.36446e-51 2.80373e-70 8.12920e-52 
3.21764e+18 4.48017e-78 1.44156e-59 2.21903e-78 7.14004e-60 1.92173e-78 6.18345e-60 1.10951e-78 3.57002e-60 9.62541e-80 3.09711e-61 
3.57079e+18 1.39371e-88 4.97664e-70 6.90432e-89 2.46539e-70 5.97932e-89 2.13509e-70 3.45216e-89 1.23269e-70 2.95456e-90 1.05501e-71 
3.96269e+18 4.51628e-100 1.78966e-81 2.24329e-100 8.88944e-82 1.94274e-100 7.69848e-82 1.12164e-100 4.44472e-82 7.71231e-102 3.05615e-83 
4.39760e+18 6.15149e-112 2.70518e-93 3.06854e-112 1.34942e-93 2.65744e-112 1.16863e-93 1.53427e-112 6.74712e-94 6.43347e-114 2.82919e-95 
4.88025e+18 1.06385e-124 5.19187e-106 5.30863e-125 2.59074e-106 4.59741e-125 2.24365e-106 2.65431e-125 1.29537e-106 1.05583e-126 5.15270e-108 
5.41587e+18 7.44325e-139 4.03117e-120 3.71421e-139 2.01157e-120 3.21660e-139 1.74207e-120 1.85711e-139 1.00578e-120 7.37826e-141 3.99597e-122 
6.01028e+18 1.40863e-154 8.46628e-136 7.02914e-155 4.22471e-136 6.08741e-155 3.65870e-136 3.51457e-155 2.11235e-136 1.39630e-156 8.39216e-138 
6.66992e+18 4.84591e-172 3.23219e-153 2.41813e-172 1.61287e-153 2.09416e-172 1.39679e-153 1.20906e-172 8.06436e-154 4.80347e-174 3.20388e-155 
7.40196e+18 1.95180e-191 1.44472e-172 9.73956e-192 7.20918e-173 8.43471e-192 6.24334e-173 4.86978e-192 3.60459e-173 1.93470e-193 1.43206e-174 
8.21434e+18 5.64901e-213 4.64029e-194 2.81888e-213 2.31552e-194 2.44122e-213 2.00530e-194 1.40944e-213 1.15776e-194 5.59953e-215 4.59964e-196 
9.11589e+18 4.95649e-230 4.51828e-211 6.48979e-231 5.91602e-212 7.04948e-231 6.42623e-212 8.33355e-231 7.59677e-212 7.51513e-231 6.85071e-212 
1.01164e+19 4.57725e-238 4.63052e-219 5.99411e-239 6.06387e-220 6.51059e-239 6.58636e-220 7.69609e-239 7.78566e-220 6.94004e-239 7.02080e-220 
1.12267e+19 5.39344e-247 6.05505e-228 7.06388e-248 7.93039e-229 7.67204e-248 8.61316e-229 9.06862e-248 1.01810e-228 8.17747e-248 9.18059e-229 
1.24588e+19 6.46727e-257 8.05747e-238 8.47123e-258 1.05542e-238 9.20006e-258 1.14622e-238 1.08744e-257 1.35482e-238 9.80552e-258 1.22165e-238 
1.38262e+19 6.13855e-268 8.48730e-249 8.04138e-269 1.11182e-249 8.73285e-269 1.20742e-249 1.03218e-268 1.42711e-249 9.30706e-269 1.28682e-249 
1.53437e+19 3.48941e-280 5.35405e-261 4.57139e-281 7.01419e-262 4.96431e-281 7.61707e-262 5.86741e-281 9.00277e-262 5.29050e-281 8.11758e-262 
1.70277e+19 8.71539e-294 1.48403e-274 1.14184e-294 1.94429e-275 1.23995e-294 2.11135e-275 1.46550e-294 2.49540e-275 1.32139e-294 2.25001e-275 
1.88965e+19 6.78255e-309 1.28167e-289 8.88643e-310 1.67923e-290 9.64981e-310 1.82348e-290 1.14049e-309 2.15514e-290 1.02833e-309 1.94319e-290 
2.09705e+19 0.00000e+00 0.00000e+00 0.00000e+00 0.00000e+00 0.00000e+00 0.00000e+00 0.00000e+00 0.00000e+00 0.00000e+00 0.00000e+00 
2.32720e+19 0.00000e+00 0.00000e+00 0.00000e+00 0.00000e+00 0.00000e+00 0.00000e+00 0.00000e+00 0.00000e+00 0.00000e+00 0.00000e+00 
2.58262e+19 0.00000e+00 0.00000e+00 0.00000e+00 0.00000e+00 0.00000e+00 0.00000e+00 0.00000e+00 0.00000e+00 0.00000e+00 0.00000e+00 
2.86607e+19 0.00000e+00 0.00000e+00 0.00000e+00 0.00000e+00 0.00000e+00 0.00000e+00 0.00000e+00 0.00000e+00 0.00000e+00 0.00000e+00 
3.18063e+19 0.00000e+00 0.00000e+00 0.00000e+00 0.00000e+00 0.00000e+00 0.00000e+00 0.00000e+00 0.00000e+00 0.00000e+00 0.00000e+00 
3.52971e+19 0.00000e+00 0.00000e+00 0.00000e+00 0.00000e+00 0.00000e+00 0.00000e+00 0.00000e+00 0.00000e+00 0.00000e+00 0.00000e+00 
3.91710e+19 0.00000e+00 0.00000e+00 0.00000e+00 0.00000e+00 0.00000e+00 0.00000e+00 0.00000e+00 0.00000e+00 0.00000e+00 0.00000e+00 
4.34701e+19 0.00000e+00 0.00000e+00 0.00000e+00 0.00000e+00 0.00000e+00 0.00000e+00 0.00000e+00 0.00000e+00 0.00000e+00 0.00000e+00 
4.82411e+19 0.00000e+00 0.00000e+00 0.00000e+00 0.00000e+00 0.00000e+00 0.00000e+00 0.00000e+00 0.00000e+00 0.00000e+00 0.00000e+00 
5.35357e+19 0.00000e+00 0.00000e+00 0.00000e+00 0.00000e+00 0.00000e+00 0.00000e+00 0.00000e+00 0.00000e+00 0.00000e+00 0.00000e+00 
5.94113e+19 0.00000e+00 0.00000e+00 0.00000e+00 0.00000e+00 0.00000e+00 0.00000e+00 0.00000e+00 0.00000e+00 0.00000e+00 0.00000e+00 
6.59319e+19 0.00000e+00 0.00000e+00 0.00000e+00 0.00000e+00 0.00000e+00 0.00000e+00 0.00000e+00 0.00000e+00 0.00000e+00 0.00000e+00 
7.31681e+19 0.00000e+00 0.00000e+00 0.00000e+00 0.00000e+00 0.00000e+00 0.00000e+00 0.00000e+00 0.00000e+00 0.00000e+00 0.00000e+00 
8.11984e+19 0.00000e+00 0.00000e+00 0.00000e+00 0.00000e+00 0.00000e+00 0.00000e+00 0.00000e+00 0.00000e+00 0.00000e+00 0.00000e+00 
9.01102e+19 0.00000e+00 0.00000e+00 0.00000e+00 0.00000e+00 0.00000e+00 0.00000e+00 0.00000e+00 0.00000e+00 0.00000e+00 0.00000e+00 
1.00000e+20 0.00000e+00 0.00000e+00 0.00000e+00 0.00000e+00 0.00000e+00 0.00000e+00 0.00000e+00 0.00000e+00 0.00000e+00 0.00000e+00 
