1.00000e+11 8.65711e+20 8.65711e+31 7.99546e+19 7.99546e+30 1.43180e+20 1.43180e+31 2.19691e+20 2.19691e+31 2.55224e+20 2.55224e+31 
1.10975e+11 1.06616e+21 1.18317e+32 9.84678e+19 1.09275e+31 1.76332e+20 1.95685e+31 2.70558e+20 3.00253e+31 3.14318e+20 3.48816e+31 
1.23155e+11 1.31302e+21 1.61705e+32 1.21268e+20 1.49347e+31 2.17160e+20 2.67444e+31 3.33203e+20 4.10357e+31 3.87095e+20 4.76728e+31 
1.36672e+11 1.61703e+21 2.21002e+32 1.49346e+20 2.04114e+31 2.67441e+20 3.65516e+31 4.10353e+20 5.60836e+31 4.76723e+20 6.51545e+31 
1.51672e+11 1.99143e+21 3.02044e+32 1.83927e+20 2.78965e+31 3.29364e+20 4.99552e+31 5.05365e+20 7.66495e+31 5.87102e+20 8.90467e+31 
1.68318e+11 2.45252e+21 4.12804e+32 2.26514e+20 3.81263e+31 4.05625e+20 6.82739e+31 6.22375e+20 1.04757e+32 7.23036e+20 1.21700e+32 
1.86791e+11 3.02036e+21 5.64178e+32 2.78961e+20 5.21075e+31 4.99541e+20 9.33100e+31 7.66476e+20 1.43171e+32 8.90444e+20 1.66327e+32 
2.07292e+11 3.71968e+21 7.71060e+32 3.43552e+20 7.12157e+31 6.15202e+20 1.27527e+32 9.43939e+20 1.95671e+32 1.09661e+21 2.27319e+32 
2.30043e+11 4.58090e+21 1.05380e+33 4.23098e+20 9.73308e+31 7.57641e+20 1.74290e+32 1.16249e+21 2.67423e+32 1.35051e+21 3.10675e+32 
2.55291e+11 5.64150e+21 1.44022e+33 5.21062e+20 1.33022e+32 9.33058e+20 2.38201e+32 1.43164e+21 3.65484e+32 1.66319e+21 4.24596e+32 
2.83310e+11 6.94766e+21 1.96834e+33 6.41708e+20 1.81802e+32 1.14909e+21 3.25548e+32 1.76310e+21 4.99503e+32 2.04826e+21 5.80291e+32 
3.14404e+11 8.55620e+21 2.69010e+33 7.90287e+20 2.48469e+32 1.41513e+21 4.44922e+32 2.17130e+21 6.82663e+32 2.52247e+21 7.93074e+32 
3.48910e+11 1.05371e+22 3.67651e+33 9.73267e+20 3.39583e+32 1.74277e+21 6.08069e+32 2.67399e+21 9.32984e+32 3.10647e+21 1.08388e+33 
3.87204e+11 1.29766e+22 5.02461e+33 1.19861e+21 4.64107e+32 2.14625e+21 8.31038e+32 3.29307e+21 1.27509e+33 3.82567e+21 1.48131e+33 
4.29700e+11 1.59809e+22 6.86700e+33 1.47613e+21 6.34293e+32 2.64315e+21 1.13576e+33 4.05545e+21 1.74263e+33 4.71135e+21 2.02447e+33 
4.76861e+11 1.96806e+22 9.38493e+33 1.81789e+21 8.66883e+32 3.25507e+21 1.55222e+33 4.99433e+21 2.38160e+33 5.80207e+21 2.76678e+33 
5.29198e+11 2.42368e+22 1.28261e+34 2.23879e+21 1.18476e+33 4.00865e+21 2.12137e+33 6.15053e+21 3.25485e+33 7.14526e+21 3.78126e+33 
5.87279e+11 2.98476e+22 1.75288e+34 2.75712e+21 1.61920e+33 4.93667e+21 2.89920e+33 7.57437e+21 4.44826e+33 8.79937e+21 5.16768e+33 
6.51734e+11 3.67571e+22 2.39558e+34 3.39546e+21 2.21293e+33 6.07950e+21 3.96222e+33 9.32778e+21 6.07923e+33 1.08363e+22 7.06241e+33 
7.23263e+11 4.52659e+22 3.27392e+34 4.18157e+21 3.02438e+33 7.48687e+21 5.41498e+33 1.14870e+22 8.30815e+33 1.33448e+22 9.65180e+33 
8.02643e+11 5.57440e+22 4.47426e+34 5.14967e+21 4.13334e+33 9.21999e+21 7.40036e+33 1.41460e+22 1.13542e+34 1.64338e+22 1.31905e+34 
8.90735e+11 6.86472e+22 6.11465e+34 6.34187e+21 5.64893e+33 1.13542e+22 1.01136e+34 1.74205e+22 1.55170e+34 2.02377e+22 1.80265e+34 
9.88496e+11 8.45366e+22 8.35641e+34 7.81006e+21 7.72021e+33 1.39824e+22 1.38216e+34 2.14526e+22 2.12058e+34 2.49220e+22 2.46353e+34 
1.09699e+12 1.04103e+23 1.14199e+35 9.61811e+21 1.05509e+34 1.72189e+22 1.88889e+34 2.64179e+22 2.89801e+34 3.06902e+22 3.36667e+34 
1.21738e+12 1.28197e+23 1.56065e+35 1.18447e+22 1.44195e+34 2.12043e+22 2.58137e+34 3.25322e+22 3.96041e+34 3.77931e+22 4.60087e+34 
1.35099e+12 1.57866e+23 2.13276e+35 1.45866e+22 1.97064e+34 2.61119e+22 3.52770e+34 4.00611e+22 5.41223e+34 4.65395e+22 6.28745e+34 
1.49927e+12 1.94399e+23 2.91456e+35 1.79632e+22 2.69317e+34 3.21550e+22 4.82090e+34 4.93319e+22 7.39618e+34 5.73094e+22 8.59221e+34 
1.66382e+12 2.39384e+23 3.98291e+35 2.21213e+22 3.68058e+34 3.95963e+22 6.58810e+34 6.07475e+22 1.01073e+35 7.05707e+22 1.17417e+35 
1.84642e+12 2.94774e+23 5.44279e+35 2.72417e+22 5.02997e+34 4.87591e+22 9.00301e+34 7.48036e+22 1.38119e+35 8.68996e+22 1.60454e+35 
2.04907e+12 3.62977e+23 7.43766e+35 3.35471e+22 6.87404e+34 6.00415e+22 1.23029e+35 9.21109e+22 1.88742e+35 1.07005e+23 2.19261e+35 
2.27397e+12 4.46952e+23 1.01635e+36 4.13116e+22 9.39411e+34 7.39334e+22 1.68122e+35 1.13421e+23 2.57915e+35 1.31760e+23 2.99618e+35 
2.52354e+12 5.50344e+23 1.38882e+36 5.08727e+22 1.28379e+35 9.10381e+22 2.29738e+35 1.39658e+23 3.52432e+35 1.62239e+23 4.09416e+35 
2.80050e+12 6.77642e+23 1.89774e+36 6.26461e+22 1.75441e+35 1.12098e+23 3.13931e+35 1.71961e+23 4.81577e+35 1.99764e+23 5.59440e+35 
3.10787e+12 8.34365e+23 2.59310e+36 7.71433e+22 2.39751e+35 1.38027e+23 4.28969e+35 2.11731e+23 6.58032e+35 2.45963e+23 7.64419e+35 
3.44896e+12 1.02731e+24 3.54316e+36 9.49941e+22 3.27631e+35 1.69950e+23 5.86150e+35 2.60693e+23 8.99119e+35 3.02838e+23 1.04448e+36 
3.82749e+12 1.26484e+24 4.84117e+36 1.16974e+23 4.47718e+35 2.09251e+23 8.00905e+35 3.20968e+23 1.22850e+36 3.72855e+23 1.42710e+36 
4.24757e+12 1.55724e+24 6.61450e+36 1.44038e+23 6.11811e+35 2.57633e+23 1.09431e+36 3.95167e+23 1.67850e+36 4.59046e+23 1.94983e+36 
4.71375e+12 1.91718e+24 9.03711e+36 1.77360e+23 8.36032e+35 3.17192e+23 1.49517e+36 4.86503e+23 2.29325e+36 5.65141e+23 2.66394e+36 
5.23110e+12 2.36022e+24 1.23466e+37 2.18387e+23 1.14241e+36 3.90508e+23 2.04279e+36 5.98927e+23 3.13305e+36 6.95731e+23 3.63944e+36 
5.80523e+12 2.90553e+24 1.68673e+37 2.68899e+23 1.56102e+36 4.80752e+23 2.79088e+36 7.37300e+23 4.28019e+36 8.56460e+23 4.97195e+36 
6.44236e+12 3.57666e+24 2.30422e+37 3.31087e+23 2.13298e+36 5.91827e+23 3.81277e+36 9.07600e+23 5.84709e+36 1.05427e+24 6.79200e+36 
7.14943e+12 4.40260e+24 3.14761e+37 4.07647e+23 2.91444e+36 7.28533e+23 5.20859e+36 1.11718e+24 7.98720e+36 1.29770e+24 9.27784e+36 
7.93410e+12 5.41896e+24 4.29945e+37 5.01896e+23 3.98209e+36 8.96771e+23 7.11507e+36 1.37508e+24 1.09100e+37 1.59725e+24 1.26727e+37 
8.80488e+12 6.66953e+24 5.87244e+37 6.17916e+23 5.44068e+36 1.10380e+24 9.71881e+36 1.69240e+24 1.49014e+37 1.96581e+24 1.73088e+37 
9.77124e+12 8.20814e+24 8.02037e+37 7.60730e+23 7.43328e+36 1.35854e+24 1.32746e+37 2.08281e+24 2.03516e+37 2.41925e+24 2.36391e+37 
1.08437e+13 1.01009e+25 1.09531e+38 9.36515e+23 1.01553e+37 1.67195e+24 1.81300e+37 2.56308e+24 2.77931e+37 2.97704e+24 3.22820e+37 
1.20338e+13 1.24291e+25 1.49569e+38 1.15287e+24 1.38734e+37 2.05751e+24 2.47596e+37 3.15382e+24 3.79524e+37 3.66311e+24 4.40811e+37 
1.33545e+13 1.52925e+25 2.04224e+38 1.41914e+24 1.89520e+37 2.53176e+24 3.38105e+37 3.88035e+24 5.18202e+37 4.50685e+24 6.01868e+37 
1.48202e+13 1.88136e+25 2.78822e+38 1.74683e+24 2.58883e+37 3.11505e+24 4.61656e+37 4.77374e+24 7.07478e+37 5.54433e+24 8.21681e+37 
1.64468e+13 2.31427e+25 3.80623e+38 2.15004e+24 3.53612e+37 3.83231e+24 6.30291e+37 5.87213e+24 9.65775e+37 6.81982e+24 1.12164e+38 
1.82518e+13 2.84644e+25 5.19527e+38 2.64616e+24 4.82974e+37 4.71419e+24 8.60425e+37 7.22230e+24 1.31820e+38 8.38761e+24 1.53089e+38 
2.02550e+13 3.50046e+25 7.09020e+38 3.25653e+24 6.59611e+37 5.79825e+24 1.17444e+38 8.88163e+24 1.79898e+38 1.03143e+25 2.08916e+38 
2.24781e+13 4.30409e+25 9.67475e+38 4.00737e+24 9.00779e+37 7.13060e+24 1.60282e+38 1.09204e+25 2.45470e+38 1.26814e+25 2.85054e+38 
2.49451e+13 5.29127e+25 1.31991e+39 4.93089e+24 1.23002e+38 8.76771e+24 2.18711e+38 1.34249e+25 3.34884e+38 1.55890e+25 3.88869e+38 
2.76829e+13 6.50359e+25 1.80038e+39 6.06665e+24 1.67942e+38 1.07788e+25 2.98388e+38 1.65004e+25 4.56777e+38 1.91593e+25 5.30385e+38 
3.07211e+13 7.99195e+25 2.45522e+39 7.46320e+24 2.29278e+38 1.32486e+25 4.07012e+38 2.02760e+25 6.22901e+38 2.35420e+25 7.23237e+38 
3.40929e+13 9.81854e+25 3.34742e+39 9.18014e+24 3.12977e+38 1.62808e+25 5.55060e+38 2.49094e+25 8.49234e+38 2.89200e+25 9.85965e+38 
3.78346e+13 1.20594e+26 4.56262e+39 1.12905e+25 4.27174e+38 2.00022e+25 7.56777e+38 3.05934e+25 1.15749e+39 3.55167e+25 1.34376e+39 
4.19871e+13 1.48072e+26 6.21712e+39 1.38841e+25 5.82951e+38 2.45678e+25 1.03153e+39 3.75631e+25 1.57717e+39 4.36045e+25 1.83083e+39 
4.65953e+13 1.81752e+26 8.46877e+39 1.70705e+25 7.95404e+38 3.01665e+25 1.40561e+39 4.61052e+25 2.14829e+39 5.35158e+25 2.49358e+39 
5.17092e+13 2.23010e+26 1.15317e+40 2.09844e+25 1.08509e+39 3.70289e+25 1.91473e+39 5.65689e+25 2.92513e+39 6.56549e+25 3.39496e+39 
5.73844e+13 2.73523e+26 1.56959e+40 2.57904e+25 1.47997e+39 4.54359e+25 2.60731e+39 6.93786e+25 3.98125e+39 8.05135e+25 4.62022e+39 
6.36825e+13 3.35325e+26 2.13543e+40 3.16899e+25 2.01809e+39 5.57292e+25 3.54898e+39 8.50501e+25 5.41620e+39 9.86883e+25 6.28472e+39 
7.06718e+13 4.10885e+26 2.90380e+40 3.89292e+25 2.75120e+39 6.83238e+25 4.82857e+39 1.04208e+26 7.36460e+39 1.20903e+26 8.54441e+39 
7.84282e+13 5.03190e+26 3.94643e+40 4.78090e+25 3.74957e+39 8.37231e+25 6.56625e+39 1.27610e+26 1.00083e+40 1.48032e+26 1.16099e+40 
8.70359e+13 6.15849e+26 5.36010e+40 5.86960e+25 5.10866e+39 1.02537e+26 8.92436e+39 1.56170e+26 1.35924e+40 1.81131e+26 1.57649e+40 
9.65883e+13 7.53213e+26 7.27516e+40 7.20375e+25 6.95798e+39 1.25501e+26 1.21219e+40 1.90987e+26 1.84471e+40 2.21473e+26 2.13917e+40 
1.07189e+14 9.20512e+26 9.86689e+40 8.83776e+25 9.47312e+39 1.53504e+26 1.64539e+40 2.33387e+26 2.50165e+40 2.70585e+26 2.90037e+40 
1.18953e+14 1.12402e+27 1.33706e+41 1.08378e+26 1.28920e+40 1.87613e+26 2.23173e+40 2.84954e+26 3.38963e+40 3.30295e+26 3.92897e+40 
1.32009e+14 1.37122e+27 1.81013e+41 1.32842e+26 1.75364e+40 2.29111e+26 3.02447e+40 3.47583e+26 4.58841e+40 4.02786e+26 5.31713e+40 
1.46497e+14 1.67103e+27 2.44802e+41 1.62743e+26 2.38415e+40 2.79527e+26 4.09500e+40 4.23529e+26 6.20457e+40 4.90652e+26 7.18791e+40 
1.62576e+14 2.03404e+27 3.30685e+41 1.99259e+26 3.23946e+40 3.40687e+26 5.53874e+40 5.15460e+26 8.38013e+40 5.96962e+26 9.70514e+40 
1.80419e+14 2.47271e+27 4.46123e+41 2.43809e+26 4.39877e+40 4.14755e+26 7.48295e+40 6.26528e+26 1.13037e+41 7.25330e+26 1.30863e+41 
2.00220e+14 3.00169e+27 6.00999e+41 2.98105e+26 5.96867e+40 5.04287e+26 1.00968e+41 7.60423e+26 1.52252e+41 8.79987e+26 1.76191e+41 
2.22195e+14 3.63805e+27 8.08355e+41 3.64202e+26 8.09237e+40 6.12288e+26 1.36047e+41 9.21449e+26 2.04741e+41 1.06585e+27 2.36827e+41 
2.46581e+14 4.40156e+27 1.08534e+42 4.44557e+26 1.09619e+41 7.42266e+26 1.83029e+41 1.11458e+27 2.74835e+41 1.28860e+27 3.17745e+41 
2.73644e+14 5.31493e+27 1.45440e+42 5.42104e+26 1.48343e+41 8.98292e+26 2.45812e+41 1.34553e+27 3.68197e+41 1.55473e+27 4.25442e+41 
3.03677e+14 6.40398e+27 1.94474e+42 6.60327e+26 2.00526e+41 1.08505e+27 3.29506e+41 1.62078e+27 4.92195e+41 1.87158e+27 5.68356e+41 
3.37006e+14 7.69777e+27 2.59420e+42 8.03348e+26 2.70733e+41 1.30790e+27 4.40772e+41 1.94761e+27 6.56358e+41 2.24738e+27 7.57380e+41 
3.73994e+14 9.22855e+27 3.45142e+42 9.76013e+26 3.65023e+41 1.57289e+27 5.88249e+41 2.33409e+27 8.72935e+41 2.69117e+27 1.00648e+42 
4.15040e+14 1.10316e+28 4.57855e+42 1.18399e+27 4.91405e+41 1.88675e+27 7.83078e+41 2.78900e+27 1.15755e+42 3.21277e+27 1.33343e+42 
4.60592e+14 1.31447e+28 6.05434e+42 1.43387e+27 6.60427e+41 2.25694e+27 1.03953e+42 3.32176e+27 1.52998e+42 3.82256e+27 1.76064e+42 
5.11143e+14 1.56075e+28 7.97768e+42 1.73321e+27 8.85921e+41 2.69151e+27 1.37575e+42 3.94216e+27 2.01501e+42 4.53127e+27 2.31613e+42 
5.67243e+14 1.84605e+28 1.04716e+43 2.09068e+27 1.18593e+42 3.19906e+27 1.81464e+42 4.66016e+27 2.64344e+42 5.34959e+27 3.03452e+42 
6.29499e+14 2.17434e+28 1.36874e+43 2.51602e+27 1.58383e+42 3.78851e+27 2.38486e+42 5.48543e+27 3.45307e+42 6.28769e+27 3.95809e+42 
6.98588e+14 2.54930e+28 1.78091e+43 3.02008e+27 2.10979e+42 4.46892e+27 3.12193e+42 6.42689e+27 4.48975e+42 7.35459e+27 5.13783e+42 
7.75260e+14 2.97416e+28 2.30574e+43 3.61470e+27 2.80233e+42 5.24912e+27 4.06943e+42 7.49210e+27 5.80833e+42 8.55742e+27 6.63422e+42 
8.60346e+14 3.45131e+28 2.96933e+43 4.31260e+27 3.71033e+42 6.13738e+27 5.28027e+42 8.68659e+27 7.47348e+42 9.90057e+27 8.51792e+42 
9.54772e+14 3.98211e+28 3.80200e+43 5.12701e+27 4.89513e+42 7.14091e+27 6.81794e+42 1.00130e+28 9.56016e+42 1.13848e+28 1.08698e+43 
1.05956e+15 4.56644e+28 4.83841e+43 6.07127e+27 6.43288e+42 8.26534e+27 8.75762e+42 1.14705e+28 1.21537e+43 1.30060e+28 1.37806e+43 
1.17585e+15 5.20241e+28 6.11725e+43 7.15811e+27 8.41687e+42 9.51411e+27 1.11872e+43 1.30535e+28 1.53489e+43 1.47545e+28 1.73491e+43 
1.30490e+15 5.88594e+28 7.68058e+43 8.39880e+27 1.09596e+43 1.08878e+28 1.42075e+43 1.47513e+28 1.92490e+43 1.66139e+28 2.16795e+43 
1.44812e+15 6.61038e+28 9.57261e+43 9.80196e+27 1.41944e+43 1.23834e+28 1.79326e+43 1.65469e+28 2.39619e+43 1.85598e+28 2.68767e+43 
1.60705e+15 7.36602e+28 1.18376e+44 1.13721e+28 1.82756e+43 1.39932e+28 2.24879e+43 1.84162e+28 2.95959e+43 2.05589e+28 3.30392e+43 
1.78343e+15 8.13970e+28 1.45166e+44 1.31081e+28 2.33774e+43 1.57044e+28 2.80077e+43 2.03273e+28 3.62523e+43 2.25680e+28 4.02484e+43 
1.97917e+15 8.91440e+28 1.76431e+44 1.50009e+28 2.96893e+43 1.74974e+28 3.46302e+43 2.22393e+28 4.40152e+43 2.45330e+28 4.85549e+43 
2.19639e+15 9.66899e+28 2.12368e+44 1.70320e+28 3.74089e+43 1.93451e+28 4.24893e+43 2.41024e+28 5.29381e+43 2.63888e+28 5.79601e+43 
2.43744e+15 1.03783e+29 2.52966e+44 1.91712e+28 4.67287e+43 2.12123e+28 5.17039e+43 2.58580e+28 6.30274e+43 2.80598e+28 6.83942e+43 
2.70496e+15 1.10138e+29 2.97919e+44 2.13749e+28 5.78184e+43 2.30550e+28 6.23628e+43 2.74396e+28 7.42229e+43 2.94617e+28 7.96927e+43 
3.00184e+15 1.15446e+29 3.46550e+44 2.35859e+28 7.08011e+43 2.48204e+28 7.45067e+43 2.87755e+28 8.63793e+43 3.05060e+28 9.15739e+43 
3.33129e+15 1.19397e+29 3.97746e+44 2.57334e+28 8.57255e+43 2.64486e+28 8.81082e+43 2.97929e+28 9.92489e+43 3.11056e+28 1.03622e+44 
3.69691e+15 1.21709e+29 4.49947e+44 2.77357e+28 1.02537e+44 2.78752e+28 1.03052e+44 3.04236e+28 1.12474e+44 3.11840e+28 1.15284e+44 
4.10266e+15 1.22165e+29 5.01200e+44 2.95058e+28 1.21052e+44 2.90355e+28 1.19123e+44 3.06120e+28 1.25590e+44 3.06851e+28 1.25891e+44 
4.55294e+15 1.20653e+29 5.49325e+44 3.09591e+28 1.40955e+44 2.98720e+28 1.36005e+44 3.03236e+28 1.38061e+44 2.95852e+28 1.34700e+44 
5.05263e+15 1.17207e+29 5.92203e+44 3.20247e+28 1.61809e+44 3.03428e+28 1.53311e+44 2.95548e+28 1.49330e+44 2.79029e+28 1.40983e+44 
5.60717e+15 1.12030e+29 6.28172e+44 3.26581e+28 1.83120e+44 3.04315e+28 1.70635e+44 2.83404e+28 1.58910e+44 2.57060e+28 1.44138e+44 
6.22257e+15 1.05498e+29 6.56470e+44 3.28522e+28 2.04425e+44 3.01546e+28 1.87639e+44 2.67564e+28 1.66493e+44 2.31115e+28 1.43813e+44 
6.90551e+15 9.81275e+28 6.77621e+44 3.26439e+28 2.25423e+44 2.95654e+28 2.04165e+44 2.49161e+28 1.72058e+44 2.02763e+28 1.40018e+44 
7.66341e+15 9.05074e+28 6.93595e+44 3.21121e+28 2.46088e+44 2.87491e+28 2.20316e+44 2.29580e+28 1.75937e+44 1.73785e+28 1.33179e+44 
8.50449e+15 8.32085e+28 7.07646e+44 3.13642e+28 2.66737e+44 2.78091e+28 2.36502e+44 2.10254e+28 1.78810e+44 1.45930e+28 1.24106e+44 
9.43788e+15 7.66840e+28 7.23734e+44 3.05132e+28 2.87980e+44 2.68465e+28 2.53374e+44 1.92425e+28 1.81608e+44 1.20649e+28 1.13867e+44 
1.04737e+16 7.11899e+28 7.45622e+44 2.96493e+28 3.10538e+44 2.59351e+28 2.71636e+44 1.76923e+28 1.85304e+44 9.88994e+27 1.03584e+44 
1.16232e+16 6.67473e+28 7.75818e+44 2.88145e+28 3.34917e+44 2.51020e+28 2.91767e+44 1.64027e+28 1.90652e+44 8.10513e+27 9.42078e+43 
1.28989e+16 6.31560e+28 8.14644e+44 2.79903e+28 3.61044e+44 2.43193e+28 3.13692e+44 1.53445e+28 1.97927e+44 6.69249e+27 8.63258e+43 
1.43146e+16 6.00568e+28 8.59688e+44 2.71017e+28 3.87950e+44 2.35098e+28 3.36533e+44 1.44434e+28 2.06751e+44 5.59398e+27 8.00755e+43 
1.58857e+16 5.70222e+28 9.05834e+44 2.60393e+28 4.13651e+44 2.25685e+28 3.58515e+44 1.36012e+28 2.16064e+44 4.73207e+27 7.51721e+43 
1.76291e+16 5.36546e+28 9.45884e+44 2.46912e+28 4.35285e+44 2.13906e+28 3.77099e+44 1.27205e+28 2.24252e+44 4.02977e+27 7.10414e+43 
1.95640e+16 4.96667e+28 9.71678e+44 2.29759e+28 4.49500e+44 1.99005e+28 3.89333e+44 1.17270e+28 2.29428e+44 3.42501e+27 6.70069e+43 
2.17112e+16 4.49308e+28 9.75501e+44 2.08668e+28 4.53043e+44 1.80721e+28 3.92367e+44 1.05833e+28 2.29775e+44 2.87734e+27 6.24704e+43 
2.40940e+16 3.94933e+28 9.51554e+44 1.84035e+28 4.43414e+44 1.59382e+28 3.84015e+44 9.29304e+27 2.23907e+44 2.36751e+27 5.70428e+43 
2.67384e+16 3.35552e+28 8.97214e+44 1.56878e+28 4.19468e+44 1.35861e+28 3.63272e+44 7.89725e+27 2.11160e+44 1.89264e+27 5.06063e+43 
2.96730e+16 2.74279e+28 8.13869e+44 1.28677e+28 3.81822e+44 1.11437e+28 3.30668e+44 6.46333e+27 1.91787e+44 1.45970e+27 4.33138e+43 
3.29297e+16 2.14710e+28 7.07035e+44 1.01113e+28 3.32961e+44 8.75661e+27 2.88353e+44 5.07091e+27 1.66984e+44 1.07921e+27 3.55382e+43 
3.65438e+16 1.60254e+28 5.85630e+44 7.57828e+27 2.76939e+44 6.56298e+27 2.39836e+44 3.79650e+27 1.38739e+44 7.60327e+26 2.77852e+43 
4.05546e+16 1.13532e+28 4.60426e+44 5.39318e+27 2.18718e+44 4.67063e+27 1.89415e+44 2.69986e+27 1.09492e+44 5.07514e+26 2.05821e+43 
4.50056e+16 7.59956e+27 3.42023e+44 3.62741e+27 1.63254e+44 3.14143e+27 1.41382e+44 1.81504e+27 8.16870e+43 3.19190e+26 1.43653e+43 
4.99451e+16 4.78314e+27 2.38894e+44 2.29438e+27 1.14593e+44 1.98699e+27 9.92404e+43 1.14769e+27 5.73215e+43 1.88138e+26 9.39658e+42 
5.54266e+16 2.81584e+27 1.56072e+44 1.35736e+27 7.52339e+43 1.17551e+27 6.51545e+43 6.78851e+26 3.76265e+43 1.03385e+26 5.73029e+42 
6.15099e+16 1.54140e+27 9.48114e+43 7.46542e+26 4.59197e+43 6.46524e+26 3.97676e+43 3.73324e+26 2.29631e+43 5.26858e+25 3.24069e+42 
6.82607e+16 7.79305e+26 5.31959e+43 3.79095e+26 2.58773e+43 3.28306e+26 2.24104e+43 1.89562e+26 1.29396e+43 2.47593e+25 1.69009e+42 
7.57525e+16 3.61062e+26 2.73514e+43 1.76330e+26 1.33574e+43 1.52706e+26 1.15679e+43 8.81681e+25 6.67895e+42 1.06620e+25 8.07676e+41 
8.40665e+16 1.51908e+26 1.27703e+43 7.44386e+25 6.25780e+42 6.44657e+25 5.41941e+42 3.72198e+25 3.12894e+42 4.17585e+24 3.51049e+41 
9.32930e+16 5.74251e+25 5.35737e+42 2.82205e+25 2.63278e+42 2.44397e+25 2.28005e+42 1.41103e+25 1.31639e+42 1.47409e+24 1.37523e+41 
1.03532e+17 1.92684e+25 1.99490e+42 9.49148e+24 9.82673e+41 8.21986e+24 8.51020e+41 4.74570e+24 4.91332e+41 4.63909e+23 4.80295e+40 
1.14895e+17 5.65874e+24 6.50162e+41 2.79279e+24 3.20878e+41 2.41863e+24 2.77888e+41 1.39637e+24 1.60437e+41 1.28472e+23 1.47608e+40 
1.27505e+17 1.43132e+24 1.82501e+41 7.07488e+23 9.02083e+40 6.12702e+23 7.81227e+40 3.53737e+23 4.51033e+40 3.08314e+22 3.93116e+39 
1.41499e+17 3.06093e+23 4.33119e+40 1.51481e+23 2.14344e+40 1.31186e+23 1.85627e+40 7.57387e+22 1.07170e+40 6.29836e+21 8.91212e+38 
1.57029e+17 5.41652e+22 8.50551e+39 2.68304e+22 4.21316e+39 2.32358e+22 3.64870e+39 1.34149e+22 2.10653e+39 1.07271e+21 1.68447e+38 
1.74263e+17 7.73207e+21 1.34742e+39 3.83266e+21 6.67892e+38 3.31918e+21 5.78411e+38 1.91628e+21 3.33937e+38 1.48661e+20 2.59062e+37 
1.93389e+17 8.63247e+20 1.66943e+38 4.28088e+20 8.27875e+37 3.70735e+20 7.16961e+37 2.14037e+20 4.13925e+37 1.62868e+19 3.14969e+36 
2.14614e+17 7.24430e+19 1.55473e+37 3.59306e+19 7.71121e+36 3.11168e+19 6.67811e+36 1.79647e+19 3.85547e+36 1.36191e+18 2.92285e+35 
2.38169e+17 4.32298e+18 1.02960e+36 2.14351e+18 5.10517e+35 1.85634e+18 4.42121e+35 1.07171e+18 2.55248e+35 8.31384e+16 1.98010e+34 
2.64308e+17 1.68176e+17 4.44502e+34 8.32798e+16 2.20115e+34 7.21224e+16 1.90625e+34 4.16375e+16 1.10051e+34 3.49222e+15 9.23023e+32 
2.93317e+17 3.75033e+15 1.10003e+33 1.84892e+15 5.42318e+32 1.60121e+15 4.69661e+32 9.24371e+14 2.71134e+32 9.39173e+13 2.75475e+31 
3.25509e+17 7.36020e+13 2.39581e+31 3.61203e+13 1.17575e+31 3.12811e+13 1.01823e+31 1.80580e+13 5.87805e+30 1.72229e+12 5.60621e+29 
3.61234e+17 6.66720e+12 2.40842e+30 3.31509e+12 1.19752e+30 2.87095e+12 1.03709e+30 1.65751e+12 5.98750e+29 5.42252e+10 1.95880e+28 
4.00881e+17 5.09039e+11 2.04064e+29 2.53965e+11 1.01810e+29 2.19940e+11 8.81699e+28 1.26982e+11 5.09048e+28 3.05339e+09 1.22404e+27 
4.44878e+17 2.19540e+10 9.76685e+27 1.09634e+10 4.87738e+27 9.49458e+09 4.22393e+27 5.48169e+09 2.43869e+27 1.18602e+08 5.27635e+25 
4.93705e+17 5.91169e+08 2.91863e+26 2.95350e+08 1.45816e+26 2.55780e+08 1.26280e+26 1.47675e+08 7.29078e+25 2.91700e+06 1.44014e+24 
5.47890e+17 1.02667e+07 5.62500e+24 5.13047e+06 2.81093e+24 4.44312e+06 2.43434e+24 2.56524e+06 1.40547e+24 4.72170e+04 2.58697e+22 
6.08022e+17 1.12557e+05 6.84370e+22 5.62535e+04 3.42034e+22 4.87169e+04 2.96210e+22 2.81267e+04 1.71017e+22 4.96496e+02 3.01881e+20 
6.74754e+17 7.41270e+02 5.00175e+20 3.70489e+02 2.49989e+20 3.20853e+02 2.16497e+20 1.85244e+02 1.24994e+20 3.20651e+00 2.16360e+18 
7.48810e+17 2.75560e+00 2.06342e+18 1.37728e+00 1.03132e+18 1.19276e+00 8.93151e+17 6.88640e-01 5.15661e+17 1.18294e-02 8.85796e+15 
8.30994e+17 5.39879e-03 4.48636e+15 2.69839e-03 2.24234e+15 2.33687e-03 1.94193e+15 1.34919e-03 1.12117e+15 2.31161e-05 1.92093e+13 
9.22198e+17 5.17652e-06 4.77378e+12 2.58730e-06 2.38600e+12 2.24067e-06 2.06634e+12 1.29365e-06 1.19300e+12 2.21465e-08 2.04235e+10 
1.02341e+18 2.24109e-09 2.29356e+09 1.12013e-09 1.14635e+09 9.70062e-10 9.92773e+08 5.60066e-10 5.73177e+08 9.58572e-12 9.81013e+06 
1.13573e+18 4.01045e-13 4.55481e+05 2.00448e-13 2.27656e+05 1.73593e-13 1.97156e+05 1.00224e-13 1.13828e+05 1.71525e-15 1.94807e+03 
1.26038e+18 2.69097e-17 3.39165e+01 1.34498e-17 1.69520e+01 1.16479e-17 1.46808e+01 6.72492e-18 8.47598e+00 1.15088e-19 1.45055e-01 
1.39871e+18 6.07766e-22 8.50090e-04 3.03770e-22 4.24888e-04 2.63073e-22 3.67964e-04 1.51885e-22 2.12444e-04 2.59882e-24 3.63501e-06 
1.55223e+18 4.09644e-27 6.35860e-09 2.04748e-27 3.17815e-09 1.77317e-27 2.75236e-09 1.02374e-27 1.58907e-09 1.74601e-29 2.71021e-11 
1.72259e+18 7.07483e-33 1.21870e-14 3.53673e-33 6.09232e-15 3.06290e-33 5.27611e-15 1.76837e-33 3.04616e-15 2.77224e-35 4.77543e-17 
1.91164e+18 7.09511e-40 1.35633e-21 3.63146e-40 6.94206e-22 3.14494e-40 6.01200e-22 1.81573e-40 3.47103e-22 -3.13374e-41 -5.99059e-23 
2.12145e+18 -8.09879e-45 -1.71812e-26 -4.01528e-45 -8.51822e-27 -3.47733e-45 -7.37699e-27 -2.00764e-45 -4.25911e-27 -1.66204e-46 -3.52594e-28 
2.35429e+18 -7.84193e-51 -1.84621e-32 -3.88877e-51 -9.15528e-33 -3.36777e-51 -7.92871e-33 -1.94439e-51 -4.57764e-33 -1.57566e-52 -3.70956e-34 
2.61268e+18 -1.56510e-57 -4.08910e-39 -7.76131e-58 -2.02778e-39 -6.72149e-58 -1.75611e-39 -3.88066e-58 -1.01389e-39 -3.14302e-59 -8.21170e-41 
2.89942e+18 -5.58001e-65 -1.61788e-46 -2.76713e-65 -8.02308e-47 -2.39641e-65 -6.94819e-47 -1.38357e-65 -4.01154e-47 -1.12025e-66 -3.24806e-48 
3.21764e+18 -2.94643e-73 -9.48055e-55 -1.46114e-73 -4.70144e-55 -1.26539e-73 -4.07156e-55 -7.30572e-74 -2.35072e-55 -5.91354e-75 -1.90276e-56 
3.57079e+18 -1.87007e-82 -6.67763e-64 -9.27380e-83 -3.31148e-64 -8.03135e-83 -2.86782e-64 -4.63690e-83 -1.65574e-64 -3.75222e-84 -1.33984e-65 
3.96269e+18 -1.13117e-92 -4.48246e-74 -5.60953e-93 -2.22288e-74 -4.85800e-93 -1.92507e-74 -2.80477e-93 -1.11144e-74 -2.26905e-94 -8.99155e-76 
4.39760e+18 -5.03802e-104 -2.21552e-85 -2.49840e-104 -1.09870e-85 -2.16368e-104 -9.51501e-86 -1.24920e-104 -5.49349e-86 -1.01037e-105 -4.44321e-87 
4.88025e+18 -1.24040e-116 -6.05346e-98 -6.15127e-117 -3.00198e-98 -5.32716e-117 -2.59979e-98 -3.07564e-117 -1.50099e-98 -2.48714e-118 -1.21379e-99 
5.41587e+18 -1.22780e-130 -6.64958e-112 -6.08879e-131 -3.29761e-112 -5.27305e-131 -2.85581e-112 -3.04439e-131 -1.64880e-112 -2.46150e-132 -1.33312e-113 
6.01028e+18 -3.43059e-146 -2.06188e-127 -1.70127e-146 -1.02251e-127 -1.47335e-146 -8.85522e-128 -8.50637e-147 -5.11256e-128 -6.87691e-148 -4.13321e-129 
6.66992e+18 -1.82721e-163 -1.21873e-144 -9.06137e-164 -6.04386e-145 -7.84737e-164 -5.23413e-145 -4.53068e-164 -3.02193e-145 -3.66249e-165 -2.44285e-146 
7.40196e+18 -1.19994e-182 -8.88188e-164 -5.95065e-183 -4.40465e-164 -5.15342e-183 -3.81454e-164 -2.97533e-183 -2.20233e-164 -2.40504e-184 -1.78020e-165 
8.21434e+18 -5.99127e-204 -4.92144e-185 -2.97116e-204 -2.44061e-185 -2.57310e-204 -2.11363e-185 -1.48558e-204 -1.22031e-185 -1.20079e-205 -9.86373e-187 
9.11589e+18 -1.33023e-227 -1.21262e-208 -6.59681e-228 -6.01358e-209 -5.71301e-228 -5.20792e-209 -3.29841e-228 -3.00679e-209 -2.66604e-229 -2.43033e-210 
1.01164e+19 -7.24355e-254 -7.32785e-235 -3.59218e-254 -3.63399e-235 -3.11092e-254 -3.14713e-235 -1.79609e-254 -1.81699e-235 -1.45173e-255 -1.46862e-236 
1.12267e+19 -4.88152e-283 -5.48032e-264 -2.46367e-283 -2.76588e-264 -2.13021e-283 -2.39152e-264 -1.21978e-283 -1.36941e-264 -8.23837e-285 -9.24895e-266 
1.24588e+19 1.40796e-294 1.75415e-275 1.84423e-295 2.29770e-276 2.00290e-295 2.49538e-276 2.36740e-295 2.94951e-276 2.13471e-295 2.65960e-276 
1.38262e+19 1.33639e-305 1.84773e-286 1.75065e-306 2.42049e-287 1.90119e-306 2.62862e-287 2.24711e-306 3.10690e-287 2.02620e-306 2.80146e-287 
1.53437e+19 7.59663e-318 1.16560e-298 9.95216e-319 1.52703e-299 1.08075e-318 1.65828e-299 1.27737e-318 1.95995e-299 1.15177e-318 1.76724e-299 
1.70277e+19 0.00000e+00 0.00000e+00 0.00000e+00 0.00000e+00 0.00000e+00 0.00000e+00 0.00000e+00 0.00000e+00 0.00000e+00 0.00000e+00 
1.88965e+19 0.00000e+00 0.00000e+00 0.00000e+00 0.00000e+00 0.00000e+00 0.00000e+00 0.00000e+00 0.00000e+00 0.00000e+00 0.00000e+00 
2.09705e+19 0.00000e+00 0.00000e+00 0.00000e+00 0.00000e+00 0.00000e+00 0.00000e+00 0.00000e+00 0.00000e+00 0.00000e+00 0.00000e+00 
2.32720e+19 0.00000e+00 0.00000e+00 0.00000e+00 0.00000e+00 0.00000e+00 0.00000e+00 0.00000e+00 0.00000e+00 0.00000e+00 0.00000e+00 
2.58262e+19 0.00000e+00 0.00000e+00 0.00000e+00 0.00000e+00 0.00000e+00 0.00000e+00 0.00000e+00 0.00000e+00 0.00000e+00 0.00000e+00 
2.86607e+19 0.00000e+00 0.00000e+00 0.00000e+00 0.00000e+00 0.00000e+00 0.00000e+00 0.00000e+00 0.00000e+00 0.00000e+00 0.00000e+00 
3.18063e+19 0.00000e+00 0.00000e+00 0.00000e+00 0.00000e+00 0.00000e+00 0.00000e+00 0.00000e+00 0.00000e+00 0.00000e+00 0.00000e+00 
3.52971e+19 0.00000e+00 0.00000e+00 0.00000e+00 0.00000e+00 0.00000e+00 0.00000e+00 0.00000e+00 0.00000e+00 0.00000e+00 0.00000e+00 
3.91710e+19 0.00000e+00 0.00000e+00 0.00000e+00 0.00000e+00 0.00000e+00 0.00000e+00 0.00000e+00 0.00000e+00 0.00000e+00 0.00000e+00 
4.34701e+19 0.00000e+00 0.00000e+00 0.00000e+00 0.00000e+00 0.00000e+00 0.00000e+00 0.00000e+00 0.00000e+00 0.00000e+00 0.00000e+00 
4.82411e+19 0.00000e+00 0.00000e+00 0.00000e+00 0.00000e+00 0.00000e+00 0.00000e+00 0.00000e+00 0.00000e+00 0.00000e+00 0.00000e+00 
5.35357e+19 0.00000e+00 0.00000e+00 0.00000e+00 0.00000e+00 0.00000e+00 0.00000e+00 0.00000e+00 0.00000e+00 0.00000e+00 0.00000e+00 
5.94113e+19 0.00000e+00 0.00000e+00 0.00000e+00 0.00000e+00 0.00000e+00 0.00000e+00 0.00000e+00 0.00000e+00 0.00000e+00 0.00000e+00 
6.59319e+19 0.00000e+00 0.00000e+00 0.00000e+00 0.00000e+00 0.00000e+00 0.00000e+00 0.00000e+00 0.00000e+00 0.00000e+00 0.00000e+00 
7.31681e+19 0.00000e+00 0.00000e+00 0.00000e+00 0.00000e+00 0.00000e+00 0.00000e+00 0.00000e+00 0.00000e+00 0.00000e+00 0.00000e+00 
8.11984e+19 0.00000e+00 0.00000e+00 0.00000e+00 0.00000e+00 0.00000e+00 0.00000e+00 0.00000e+00 0.00000e+00 0.00000e+00 0.00000e+00 
9.01102e+19 0.00000e+00 0.00000e+00 0.00000e+00 0.00000e+00 0.00000e+00 0.00000e+00 0.00000e+00 0.00000e+00 0.00000e+00 0.00000e+00 
1.00000e+20 0.00000e+00 0.00000e+00 0.00000e+00 0.00000e+00 0.00000e+00 0.00000e+00 0.00000e+00 0.00000e+00 0.00000e+00 0.00000e+00 
