1.00000e+11 4.94855e+20 4.94855e+31 2.92731e+19 2.92731e+30 7.56751e+19 7.56751e+30 1.26692e+20 1.26692e+31 1.48885e+20 1.48885e+31 
1.10975e+11 6.09432e+20 6.76319e+31 3.60511e+19 4.00079e+30 9.31967e+19 1.03425e+31 1.56026e+20 1.73151e+31 1.83357e+20 2.03481e+31 
1.23155e+11 7.50538e+20 9.24325e+31 4.43986e+19 5.46791e+30 1.14775e+20 1.41351e+31 1.92152e+20 2.36645e+31 2.25811e+20 2.78097e+31 
1.36672e+11 9.24313e+20 1.26327e+32 5.46789e+19 7.47305e+30 1.41350e+20 1.93185e+31 2.36642e+20 3.23422e+31 2.78093e+20 3.80075e+31 
1.51672e+11 1.13832e+21 1.72651e+32 6.73394e+19 1.02135e+31 1.74077e+20 2.64025e+31 2.91432e+20 4.42020e+31 3.42481e+20 5.19446e+31 
1.68318e+11 1.40188e+21 2.35961e+32 8.29314e+19 1.39589e+31 2.14381e+20 3.60842e+31 3.58907e+20 6.04106e+31 4.21775e+20 7.09924e+31 
1.86791e+11 1.72645e+21 3.22486e+32 1.02134e+20 1.90777e+31 2.64017e+20 4.93161e+31 4.42004e+20 8.25626e+31 5.19428e+20 9.70246e+31 
2.07292e+11 2.12617e+21 4.40738e+32 1.25782e+20 2.60736e+31 3.25144e+20 6.73999e+31 5.44339e+20 1.12837e+32 6.39688e+20 1.32602e+32 
2.30043e+11 2.61842e+21 6.02350e+32 1.54905e+20 3.56349e+31 4.00423e+20 9.21146e+31 6.70366e+20 1.54213e+32 7.87790e+20 1.81226e+32 
2.55291e+11 3.22464e+21 8.23221e+32 1.90772e+20 4.87023e+31 4.93130e+20 1.25892e+32 8.25569e+20 2.10760e+32 9.70178e+20 2.47677e+32 
2.83310e+11 3.97120e+21 1.12508e+33 2.34943e+20 6.65616e+31 6.07299e+20 1.72054e+32 1.01670e+21 2.88041e+32 1.19479e+21 3.38495e+32 
3.14404e+11 4.89058e+21 1.53762e+33 2.89341e+20 9.09698e+31 7.47898e+20 2.35142e+32 1.25208e+21 3.93658e+32 1.47140e+21 4.62612e+32 
3.48910e+11 6.02279e+21 2.10141e+33 3.56334e+20 1.24328e+32 9.21046e+20 3.21362e+32 1.54195e+21 5.38001e+32 1.81203e+21 6.32237e+32 
3.87204e+11 7.41709e+21 2.87193e+33 4.38837e+20 1.69919e+32 1.13427e+21 4.39196e+32 1.89891e+21 7.35266e+32 2.23152e+21 8.64055e+32 
4.29700e+11 9.13414e+21 3.92494e+33 5.40441e+20 2.32228e+32 1.39686e+21 6.00232e+32 2.33851e+21 1.00486e+33 2.74812e+21 1.18087e+33 
4.76861e+11 1.12486e+22 5.36403e+33 6.65570e+20 3.17384e+32 1.72023e+21 8.20312e+32 2.87985e+21 1.37329e+33 3.38428e+21 1.61383e+33 
5.29198e+11 1.38525e+22 7.33073e+33 8.19667e+20 4.33766e+32 2.11845e+21 1.12108e+33 3.54650e+21 1.87680e+33 4.16769e+21 2.20553e+33 
5.87279e+11 1.70591e+22 1.00185e+34 1.00944e+21 5.92823e+32 2.60884e+21 1.53212e+33 4.36744e+21 2.56490e+33 5.13241e+21 3.01416e+33 
6.51734e+11 2.10078e+22 1.36915e+34 1.24315e+21 8.10202e+32 3.21273e+21 2.09385e+33 5.37837e+21 3.50527e+33 6.32041e+21 4.11923e+33 
7.23263e+11 2.58704e+22 1.87111e+34 1.53096e+21 1.10729e+33 3.95639e+21 2.86151e+33 6.62326e+21 4.79036e+33 7.78334e+21 5.62940e+33 
8.02643e+11 3.18581e+22 2.55707e+34 1.88540e+21 1.51330e+33 4.87214e+21 3.91059e+33 8.15623e+21 6.54655e+33 9.58479e+21 7.69317e+33 
8.90735e+11 3.92315e+22 3.49449e+34 2.32189e+21 2.06819e+33 5.99980e+21 5.34423e+33 1.00439e+22 8.94648e+33 1.18031e+22 1.05134e+34 
9.88496e+11 4.83109e+22 4.77551e+34 2.85943e+21 2.82653e+33 7.38840e+21 7.30340e+33 1.23684e+22 1.22261e+34 1.45346e+22 1.43674e+34 
1.09699e+12 5.94909e+22 6.52607e+34 3.52139e+21 3.86292e+33 9.09828e+21 9.98069e+33 1.52306e+22 1.67078e+34 1.78982e+22 1.96340e+34 
1.21738e+12 7.32573e+22 8.91822e+34 4.33659e+21 5.27928e+33 1.12038e+22 1.36393e+34 1.87550e+22 2.28321e+34 2.20398e+22 2.68308e+34 
1.35099e+12 9.02081e+22 1.21871e+35 5.34047e+21 7.21494e+33 1.37963e+22 1.86387e+34 2.30947e+22 3.12008e+34 2.71394e+22 3.66651e+34 
1.49927e+12 1.11080e+23 1.66538e+35 6.57670e+21 9.86025e+33 1.69886e+22 2.54704e+34 2.84380e+22 4.26362e+34 3.34185e+22 5.01032e+34 
1.66382e+12 1.36778e+23 2.27573e+35 8.09906e+21 1.34754e+34 2.09191e+22 3.48056e+34 3.50171e+22 5.82620e+34 4.11496e+22 6.84654e+34 
1.84642e+12 1.68418e+23 3.10971e+35 9.97375e+21 1.84158e+34 2.57587e+22 4.75615e+34 4.31174e+22 7.96130e+34 5.06683e+22 9.35552e+34 
2.04907e+12 2.07374e+23 4.24924e+35 1.22823e+22 2.51673e+34 3.17172e+22 6.49910e+34 5.30905e+22 1.08786e+35 6.23876e+22 1.27837e+35 
2.27397e+12 2.55334e+23 5.80621e+35 1.51250e+22 3.43938e+34 3.90534e+22 8.88060e+34 6.53688e+22 1.48646e+35 7.68158e+22 1.74677e+35 
2.52354e+12 3.14379e+23 7.93348e+35 1.86256e+22 4.70023e+34 4.80852e+22 1.21345e+35 8.04848e+22 2.03107e+35 9.45784e+22 2.38672e+35 
2.80050e+12 3.87068e+23 1.08398e+36 2.29360e+22 6.42324e+34 5.92044e+22 1.65802e+35 9.90936e+22 2.77512e+35 1.16445e+23 3.26105e+35 
3.10787e+12 4.76548e+23 1.48105e+36 2.82437e+22 8.77778e+34 7.28928e+22 2.26541e+35 1.22001e+23 3.79163e+35 1.43363e+23 4.45552e+35 
3.44896e+12 5.86694e+23 2.02349e+36 3.47793e+22 1.19953e+35 8.97432e+22 3.09521e+35 1.50199e+23 5.18031e+35 1.76497e+23 6.08731e+35 
3.82749e+12 7.22272e+23 2.76449e+36 4.28267e+22 1.63919e+35 1.10485e+23 4.22881e+35 1.84908e+23 7.07733e+35 2.17280e+23 8.31640e+35 
4.24757e+12 8.89144e+23 3.77670e+36 5.27352e+22 2.23997e+35 1.36016e+23 5.77737e+35 2.27627e+23 9.66862e+35 2.67477e+23 1.13613e+36 
4.71375e+12 1.09452e+24 5.15929e+36 6.49352e+22 3.06088e+35 1.67439e+23 7.89266e+35 2.80203e+23 1.32081e+36 3.29254e+23 1.55202e+36 
5.23110e+12 1.34726e+24 7.04767e+36 7.99560e+22 4.18258e+35 2.06112e+23 1.07819e+36 3.44905e+23 1.80423e+36 4.05278e+23 2.12005e+36 
5.80523e+12 1.65828e+24 9.62668e+36 9.84495e+22 5.71522e+35 2.53704e+23 1.47281e+36 4.24523e+23 2.46445e+36 4.98826e+23 2.89580e+36 
6.44236e+12 2.04096e+24 1.31486e+37 1.21218e+23 7.80929e+35 3.12268e+23 2.01174e+36 5.22487e+23 3.36605e+36 6.13929e+23 3.95515e+36 
7.14943e+12 2.51179e+24 1.79578e+37 1.49248e+23 1.06704e+36 3.84326e+23 2.74771e+36 6.43012e+23 4.59717e+36 7.55536e+23 5.40165e+36 
7.93410e+12 3.09098e+24 2.45242e+37 1.83754e+23 1.45792e+36 4.72977e+23 3.75265e+36 7.91278e+23 6.27808e+36 9.29733e+23 7.37659e+36 
8.80488e+12 3.80341e+24 3.34886e+37 2.26231e+23 1.99194e+36 5.82032e+23 5.12473e+36 9.73647e+23 8.57285e+36 1.14399e+24 1.00727e+37 
9.77124e+12 4.67960e+24 4.57255e+37 2.78518e+23 2.72147e+36 7.16170e+23 6.99787e+36 1.19793e+24 1.17053e+37 1.40749e+24 1.37529e+37 
1.08437e+13 5.75703e+24 6.24273e+37 3.42877e+23 3.71804e+36 8.81136e+23 9.55473e+36 1.47372e+24 1.59806e+37 1.73149e+24 1.87757e+37 
1.20338e+13 7.08170e+24 8.52196e+37 4.22089e+23 5.07933e+36 1.08398e+24 1.30444e+37 1.81280e+24 2.18148e+37 2.12981e+24 2.56297e+37 
1.33545e+13 8.71004e+24 1.16318e+38 5.19577e+23 6.93870e+36 1.33337e+24 1.78065e+37 2.22959e+24 2.97751e+37 2.61942e+24 3.49811e+37 
1.48202e+13 1.07113e+25 1.58743e+38 6.39547e+23 9.47822e+36 1.63992e+24 2.43039e+37 2.74181e+24 4.06342e+37 3.22110e+24 4.77374e+37 
1.64468e+13 1.31701e+25 2.16606e+38 7.87173e+23 1.29464e+37 2.01664e+24 3.31672e+37 3.37116e+24 5.54447e+37 3.96033e+24 6.51347e+37 
1.82518e+13 1.61906e+25 2.95509e+38 9.68813e+23 1.76826e+37 2.47950e+24 4.52554e+37 4.14423e+24 7.56398e+37 4.86832e+24 8.88558e+37 
2.02550e+13 1.98999e+25 4.03074e+38 1.19228e+24 2.41497e+37 3.04805e+24 6.17382e+37 5.09356e+24 1.03170e+38 5.98327e+24 1.21191e+38 
2.24781e+13 2.44537e+25 5.49672e+38 1.46718e+24 3.29793e+37 3.74620e+24 8.42074e+37 6.25896e+24 1.40689e+38 7.35190e+24 1.65256e+38 
2.49451e+13 3.00422e+25 7.49405e+38 1.80530e+24 4.50333e+37 4.60325e+24 1.14828e+38 7.68912e+24 1.91806e+38 9.03133e+24 2.25287e+38 
2.76829e+13 3.68979e+25 1.02144e+39 2.22112e+24 6.14870e+37 5.65497e+24 1.56546e+38 9.44349e+24 2.61423e+38 1.10913e+25 3.07039e+38 
3.07211e+13 4.53046e+25 1.39181e+39 2.73243e+24 8.39433e+37 6.94506e+24 2.13360e+38 1.15946e+25 3.56200e+38 1.36169e+25 4.18327e+38 
3.40929e+13 5.56081e+25 1.89584e+39 3.36104e+24 1.14587e+38 8.52687e+24 2.90705e+38 1.42310e+25 4.85174e+38 1.67119e+25 5.69756e+38 
3.78346e+13 6.82297e+25 2.58144e+39 4.13371e+24 1.56397e+38 1.04654e+25 3.95955e+38 1.74602e+25 6.60602e+38 2.05025e+25 7.75705e+38 
4.19871e+13 8.36818e+25 3.51355e+39 5.08325e+24 2.13431e+38 1.28398e+25 5.39108e+38 2.14134e+25 8.99086e+38 2.51423e+25 1.05565e+39 
4.65953e+13 1.02587e+26 4.78005e+39 6.24989e+24 2.91215e+38 1.57464e+25 7.33709e+38 2.62495e+25 1.22310e+39 3.08175e+25 1.43595e+39 
5.17092e+13 1.25699e+26 6.49979e+39 7.68288e+24 3.97276e+38 1.93021e+25 9.98094e+38 3.21614e+25 1.66304e+39 3.77540e+25 1.95223e+39 
5.73844e+13 1.53932e+26 8.83330e+39 9.44252e+24 5.41853e+38 2.36484e+25 1.35705e+39 3.93823e+25 2.25993e+39 4.62250e+25 2.65260e+39 
6.36825e+13 1.88389e+26 1.19971e+40 1.16026e+25 7.38880e+38 2.89570e+25 1.84405e+39 4.81942e+25 3.06912e+39 5.65602e+25 3.60190e+39 
7.06718e+13 2.30400e+26 1.62828e+40 1.42532e+25 1.00730e+39 3.54348e+25 2.50424e+39 5.89363e+25 4.16514e+39 6.91567e+25 4.88743e+39 
7.84282e+13 2.81564e+26 2.20826e+40 1.75045e+25 1.37285e+39 4.33313e+25 3.39840e+39 7.20169e+25 5.64816e+39 8.44913e+25 6.62650e+39 
8.70359e+13 3.43797e+26 2.99227e+40 2.14909e+25 1.87048e+39 5.29464e+25 4.60824e+39 8.79247e+25 7.65261e+39 1.03135e+26 8.97646e+39 
9.65883e+13 4.19388e+26 4.05080e+40 2.63761e+25 2.54763e+39 6.46392e+25 6.24340e+39 1.07244e+26 1.03585e+40 1.25770e+26 1.21479e+40 
1.07189e+14 5.11064e+26 5.47805e+40 3.23596e+25 3.46860e+39 7.88390e+25 8.45068e+39 1.30668e+26 1.40062e+40 1.53205e+26 1.64219e+40 
1.18953e+14 6.22056e+26 7.39957e+40 3.96839e+25 4.72053e+39 9.60563e+25 1.14262e+40 1.59022e+26 1.89162e+40 1.86400e+26 2.21729e+40 
1.32009e+14 7.56178e+26 9.98221e+40 4.86433e+25 6.42135e+39 1.16896e+26 1.54314e+40 1.93274e+26 2.55139e+40 2.26483e+26 2.98977e+40 
1.46497e+14 9.17905e+26 1.34470e+41 5.95947e+25 8.73046e+39 1.42073e+26 2.08133e+40 2.34565e+26 3.43630e+40 2.74777e+26 4.02541e+40 
1.62576e+14 1.11246e+27 1.80859e+41 7.29699e+25 1.18631e+40 1.72425e+26 2.80320e+40 2.84218e+26 4.62069e+40 3.32821e+26 5.41085e+40 
1.80419e+14 1.34589e+27 2.42824e+41 8.92904e+25 1.61097e+40 2.08928e+26 3.76945e+40 3.43770e+26 6.20225e+40 4.02390e+26 7.25986e+40 
2.00220e+14 1.62515e+27 3.25388e+41 1.09184e+26 2.18609e+40 2.52716e+26 5.05988e+40 4.14981e+26 8.30875e+40 4.85519e+26 9.72106e+40 
2.22195e+14 1.95817e+27 4.35094e+41 1.33406e+26 2.96422e+40 3.05091e+26 6.77896e+40 4.99854e+26 1.11065e+41 5.84514e+26 1.29876e+41 
2.46581e+14 2.35386e+27 5.80417e+41 1.62861e+26 4.01585e+40 3.67538e+26 9.06279e+40 6.00640e+26 1.48106e+41 7.01960e+26 1.73090e+41 
2.73644e+14 2.82217e+27 7.72271e+41 1.98629e+26 5.43536e+40 4.41734e+26 1.20878e+41 7.19840e+26 1.96980e+41 8.40715e+26 2.30057e+41 
3.03677e+14 3.37404e+27 1.02462e+42 2.41996e+26 7.34885e+40 5.29551e+26 1.60813e+41 8.60190e+26 2.61220e+41 1.00389e+27 3.04859e+41 
3.37006e+14 4.02126e+27 1.35519e+42 2.94484e+26 9.92431e+40 6.33058e+26 2.13344e+41 1.02464e+27 3.45309e+41 1.19482e+27 4.02661e+41 
3.73994e+14 4.77638e+27 1.78634e+42 3.57893e+26 1.33850e+41 7.54503e+26 2.82179e+41 1.21628e+27 4.54883e+41 1.41697e+27 5.29938e+41 
4.15040e+14 5.65243e+27 2.34599e+42 4.34330e+26 1.80265e+41 8.96301e+26 3.72001e+41 1.43834e+27 5.96968e+41 1.67390e+27 6.94737e+41 
4.60592e+14 6.66266e+27 3.06877e+42 5.26257e+26 2.42390e+41 1.06100e+27 4.88689e+41 1.69401e+27 7.80247e+41 1.96911e+27 9.06959e+41 
5.11143e+14 7.82015e+27 3.99722e+42 6.36526e+26 3.25356e+41 1.25125e+27 6.39569e+41 1.98643e+27 1.01535e+42 2.30595e+27 1.17867e+42 
5.67243e+14 9.13748e+27 5.18317e+42 7.68416e+26 4.35878e+41 1.46977e+27 8.33716e+41 2.31853e+27 1.31517e+42 2.68746e+27 1.52444e+42 
6.29499e+14 1.06265e+28 6.68934e+42 9.25665e+26 5.82705e+41 1.71930e+27 1.08230e+42 2.69297e+27 1.69522e+42 3.11627e+27 1.96169e+42 
6.98588e+14 1.22978e+28 8.59112e+42 1.11250e+27 7.77176e+41 2.00260e+27 1.39899e+42 3.11206e+27 2.17405e+42 3.59453e+27 2.51110e+42 
7.75260e+14 1.41614e+28 1.09788e+43 1.33362e+27 1.03390e+42 2.32244e+27 1.80050e+42 3.57778e+27 2.77371e+42 4.12387e+27 3.19707e+42 
8.60346e+14 1.62263e+28 1.39602e+43 1.59421e+27 1.37157e+42 2.68168e+27 2.30718e+42 4.09178e+27 3.52035e+42 4.70547e+27 4.04833e+42 
9.54772e+14 1.85010e+28 1.76643e+43 1.89990e+27 1.81397e+42 3.08327e+27 2.94382e+42 4.65554e+27 4.44498e+42 5.34017e+27 5.09865e+42 
1.05956e+15 2.09946e+28 2.22450e+43 2.25665e+27 2.39106e+42 3.53036e+27 3.74062e+42 5.27047e+27 5.58438e+42 6.02863e+27 6.38770e+42 
1.17585e+15 2.37159e+28 2.78864e+43 2.67067e+27 3.14031e+42 4.02632e+27 4.73434e+42 5.93797e+27 6.98216e+42 6.77131e+27 7.96205e+42 
1.30490e+15 2.66737e+28 3.48066e+43 3.14821e+27 4.10811e+42 4.57469e+27 5.96952e+42 6.65932e+27 8.68976e+42 7.56834e+27 9.87594e+42 
1.44812e+15 2.98741e+28 4.32612e+43 3.69530e+27 5.35123e+42 5.17894e+27 7.49972e+42 7.43521e+27 1.07671e+43 8.41886e+27 1.21915e+43 
1.60705e+15 3.33171e+28 5.35423e+43 4.31742e+27 6.93832e+42 5.84203e+27 9.38845e+42 8.26497e+27 1.32822e+43 9.31998e+27 1.49777e+43 
1.78343e+15 3.69915e+28 6.59717e+43 5.01903e+27 8.95109e+42 6.56573e+27 1.17095e+43 9.14528e+27 1.63100e+43 1.02652e+28 1.83072e+43 
1.97917e+15 4.08682e+28 8.08849e+43 5.80303e+27 1.14852e+43 7.34977e+27 1.45464e+43 1.00687e+28 1.99277e+43 1.12424e+28 2.22506e+43 
2.19639e+15 4.48941e+28 9.86047e+43 6.67008e+27 1.46501e+43 8.19097e+27 1.79905e+43 1.10224e+28 2.42094e+43 1.22324e+28 2.68670e+43 
2.43744e+15 4.89875e+28 1.19404e+44 7.61778e+27 1.85679e+43 9.08234e+27 2.21377e+43 1.19866e+28 2.92168e+43 1.32070e+28 3.21913e+43 
2.70496e+15 5.30356e+28 1.43459e+44 8.63990e+27 2.33706e+43 1.00126e+28 2.70836e+43 1.29347e+28 3.49879e+43 1.41291e+28 3.82187e+43 
3.00184e+15 5.68970e+28 1.70795e+44 9.72559e+27 2.91946e+43 1.09657e+28 3.29172e+43 1.38332e+28 4.15249e+43 1.49534e+28 4.48876e+43 
3.33129e+15 6.04072e+28 2.01234e+44 1.08590e+28 3.61744e+43 1.19215e+28 3.97141e+43 1.46435e+28 4.87817e+43 1.56281e+28 5.20618e+43 
3.69691e+15 6.33909e+28 2.34351e+44 1.20190e+28 4.44332e+43 1.28563e+28 4.75287e+43 1.53245e+28 5.66533e+43 1.60992e+28 5.95174e+43 
4.10266e+15 6.56777e+28 2.69453e+44 1.31804e+28 5.40746e+43 1.37447e+28 5.63898e+43 1.58367e+28 6.49725e+43 1.63155e+28 6.69370e+43 
4.55294e+15 6.71238e+28 3.05610e+44 1.43150e+28 6.51754e+43 1.45619e+28 6.62994e+43 1.61471e+28 7.35165e+43 1.62352e+28 7.39178e+43 
5.05263e+15 6.76349e+28 3.41734e+44 1.53946e+28 7.77831e+43 1.52870e+28 7.72394e+43 1.62348e+28 8.20283e+43 1.58333e+28 7.99998e+43 
5.60717e+15 6.71882e+28 3.76736e+44 1.63933e+28 9.19200e+43 1.59058e+28 8.91868e+43 1.60964e+28 9.02553e+43 1.51083e+28 8.47146e+43 
6.22257e+15 6.58459e+28 4.09730e+44 1.72911e+28 1.07595e+44 1.64138e+28 1.02136e+44 1.57492e+28 9.80003e+43 1.40864e+28 8.76538e+43 
6.90551e+15 6.37556e+28 4.40265e+44 1.80755e+28 1.24820e+44 1.68159e+28 1.16122e+44 1.52307e+28 1.05176e+44 1.28222e+28 8.85440e+43 
7.66341e+15 6.11334e+28 4.68490e+44 1.87416e+28 1.43624e+44 1.71253e+28 1.31239e+44 1.45947e+28 1.11845e+44 1.13933e+28 8.73117e+43 
8.50449e+15 5.82302e+28 4.95218e+44 1.92902e+28 1.64053e+44 1.73586e+28 1.47626e+44 1.39021e+28 1.18230e+44 9.89097e+27 8.41177e+43 
9.43788e+15 5.52865e+28 5.21787e+44 1.97227e+28 1.86141e+44 1.75291e+28 1.65438e+44 1.32102e+28 1.24676e+44 8.40696e+27 7.93439e+43 
1.04737e+16 5.24866e+28 5.49729e+44 2.00354e+28 2.09844e+44 1.76396e+28 1.84752e+44 1.25609e+28 1.31559e+44 7.02046e+27 7.35303e+43 
1.16232e+16 4.99230e+28 5.80266e+44 2.02125e+28 2.34934e+44 1.76766e+28 2.05459e+44 1.19730e+28 1.39164e+44 5.78775e+27 6.72723e+43 
1.28989e+16 4.75811e+28 6.13744e+44 2.02232e+28 2.60858e+44 1.76083e+28 2.27128e+44 1.14387e+28 1.47547e+44 4.73730e+27 6.11060e+43 
1.43146e+16 4.53492e+28 6.49155e+44 2.00220e+28 2.86607e+44 1.73869e+28 2.48887e+44 1.09273e+28 1.56420e+44 3.87101e+27 5.54119e+43 
1.58857e+16 4.30502e+28 6.83880e+44 1.95548e+28 3.10640e+44 1.69564e+28 2.69363e+44 1.03936e+28 1.65109e+44 3.17039e+27 5.03636e+43 
1.76291e+16 4.04895e+28 7.13795e+44 1.87707e+28 3.30912e+44 1.62646e+28 2.86731e+44 9.78971e+27 1.72584e+44 2.60537e+27 4.59305e+43 
1.95640e+16 3.75056e+28 7.33759e+44 1.76371e+28 3.45051e+44 1.52772e+28 2.98884e+44 9.07733e+27 1.77589e+44 2.14314e+27 4.19284e+43 
2.17112e+16 3.40138e+28 7.38480e+44 1.61532e+28 3.50706e+44 1.39901e+28 3.03741e+44 8.23771e+27 1.78850e+44 1.75486e+27 3.81002e+43 
2.40940e+16 3.00323e+28 7.23598e+44 1.43605e+28 3.46001e+44 1.24368e+28 2.99652e+44 7.27717e+27 1.75336e+44 1.41958e+27 3.42033e+43 
2.67384e+16 2.56851e+28 6.86778e+44 1.23425e+28 3.30020e+44 1.06890e+28 2.85807e+44 6.22718e+27 1.66505e+44 1.12511e+27 3.00836e+43 
2.96730e+16 2.11808e+28 6.28498e+44 1.02166e+28 3.03158e+44 8.84788e+27 2.62543e+44 5.13888e+27 1.52486e+44 8.66695e+26 2.57175e+43 
3.29297e+16 1.67715e+28 5.52281e+44 8.11519e+27 2.67231e+44 7.02797e+27 2.31429e+44 4.07324e+27 1.34131e+44 6.44229e+26 2.12143e+43 
3.65438e+16 1.27032e+28 4.64225e+44 6.16395e+27 2.25254e+44 5.33814e+27 1.95076e+44 3.08937e+27 1.12898e+44 4.59185e+26 1.67804e+43 
4.05546e+16 9.17039e+27 3.71902e+44 4.46155e+27 1.80936e+44 3.86381e+27 1.56695e+44 2.23396e+27 9.05975e+43 3.12140e+26 1.26587e+43 
4.50056e+16 6.28644e+27 2.82925e+44 3.06636e+27 1.38003e+44 2.65555e+27 1.19514e+44 1.53442e+27 6.90575e+43 2.01394e+26 9.06388e+42 
4.99451e+16 4.07632e+27 2.03592e+44 1.99332e+27 9.95566e+43 1.72627e+27 8.62185e+43 9.97090e+26 4.97997e+43 1.22798e+26 6.13316e+42 
5.54266e+16 2.48912e+27 1.37964e+44 1.22011e+27 6.76267e+43 1.05665e+27 5.85665e+43 6.10186e+26 3.38206e+43 7.04607e+25 3.90540e+42 
6.15099e+16 1.42380e+27 8.75776e+43 6.99474e+26 4.30246e+43 6.05763e+26 3.72604e+43 3.49772e+26 2.15144e+43 3.78757e+25 2.32973e+42 
6.82607e+16 7.58079e+26 5.17470e+43 3.73171e+26 2.54729e+43 3.23176e+26 2.20602e+43 1.86593e+26 1.27370e+43 1.89735e+25 1.29514e+42 
7.57525e+16 3.72868e+26 2.82457e+43 1.83866e+26 1.39283e+43 1.59233e+26 1.20623e+43 9.19347e+25 6.96428e+42 8.79929e+24 6.66568e+41 
8.40665e+16 1.67943e+26 1.41184e+43 8.29360e+25 6.97214e+42 7.18247e+25 6.03805e+42 4.14683e+25 3.48609e+42 3.74681e+24 3.14981e+41 
9.32930e+16 6.85956e+25 6.39949e+42 3.39157e+25 3.16410e+42 2.93719e+25 2.74019e+42 1.69579e+25 1.58205e+42 1.45010e+24 1.35284e+41 
1.03532e+17 2.51428e+25 2.60309e+42 1.24438e+25 1.28833e+42 1.07766e+25 1.11573e+42 6.22190e+24 6.44167e+41 5.04186e+23 5.21995e+40 
1.14895e+17 8.18116e+24 9.39976e+41 4.05252e+24 4.65614e+41 3.50958e+24 4.03234e+41 2.02626e+24 2.32807e+41 1.55502e+23 1.78664e+40 
1.27505e+17 2.33753e+24 2.98048e+41 1.15877e+24 1.47749e+41 1.00352e+24 1.27954e+41 5.79384e+23 7.38744e+40 4.19907e+22 5.35403e+39 
1.41499e+17 5.80072e+23 8.20797e+40 2.87756e+23 4.07173e+40 2.49204e+23 3.52622e+40 1.43878e+23 2.03586e+40 9.79954e+21 1.38663e+39 
1.57029e+17 1.23627e+23 1.94131e+40 6.13692e+22 9.63675e+39 5.31473e+22 8.34567e+39 3.06846e+22 4.81837e+39 1.95148e+21 3.06439e+38 
1.74263e+17 2.23576e+22 3.89611e+39 1.11057e+22 1.93531e+39 9.61779e+21 1.67603e+39 5.55283e+21 9.67655e+38 3.27388e+20 5.70517e+37 
1.93389e+17 3.38409e+21 6.54445e+38 1.68203e+21 3.25287e+38 1.45668e+21 2.81707e+38 8.41017e+20 1.62644e+38 4.56316e+19 8.82466e+36 
2.14614e+17 4.21738e+20 9.05109e+37 2.09748e+20 4.50149e+37 1.81647e+20 3.89840e+37 1.04874e+20 2.25074e+37 5.19751e+18 1.11546e+36 
2.38169e+17 4.24297e+19 1.01054e+37 2.11142e+19 5.02874e+36 1.82855e+19 4.35502e+36 1.05571e+19 2.51437e+36 4.73791e+17 1.12842e+35 
2.64308e+17 3.36721e+18 8.89982e+35 1.67655e+18 4.43127e+35 1.45194e+18 3.83759e+35 8.38276e+17 2.21563e+35 3.36651e+16 8.89797e+33 
2.93317e+17 2.05329e+17 6.02264e+34 1.02291e+17 3.00036e+34 8.85864e+16 2.59839e+34 5.11454e+16 1.50018e+34 1.80583e+15 5.29681e+32 
3.25509e+17 9.34667e+15 3.04242e+33 4.65892e+15 1.51652e+33 4.03474e+15 1.31334e+33 2.32946e+15 7.58260e+32 7.04843e+13 2.29433e+31 
3.61234e+17 3.07746e+14 1.11168e+32 1.53485e+14 5.54440e+31 1.32922e+14 4.80159e+31 7.67425e+13 2.77220e+31 1.92244e+12 6.94453e+29 
4.00881e+17 7.07816e+12 2.83750e+30 3.53212e+12 1.41596e+30 3.05891e+12 1.22626e+30 1.76606e+12 7.07980e+29 3.50933e+10 1.40682e+28 
4.44878e+17 1.09325e+11 4.86361e+28 5.45831e+10 2.42828e+28 4.72703e+10 2.10295e+28 2.72915e+10 1.21414e+28 4.09836e+08 1.82327e+26 
4.93705e+17 1.08352e+09 5.34940e+26 5.41218e+08 2.67202e+26 4.68709e+08 2.31404e+26 2.70609e+08 1.33601e+26 2.92358e+06 1.44339e+24 
5.47890e+17 6.53779e+06 3.58199e+24 3.26678e+06 1.78984e+24 2.82912e+06 1.55005e+24 1.63339e+06 8.94919e+23 1.21671e+04 6.66626e+21 
6.08022e+17 2.26126e+04 1.37489e+22 1.13019e+04 6.87180e+21 9.78772e+03 5.95115e+21 5.65094e+03 3.43590e+21 2.82958e+01 1.72045e+19 
6.74754e+17 4.18965e+01 2.82698e+19 2.09437e+01 1.41318e+19 1.81378e+01 1.22385e+19 1.04718e+01 7.06592e+18 3.54118e-02 2.38943e+16 
7.48810e+17 3.85754e-02 2.88857e+16 1.92855e-02 1.44412e+16 1.67017e-02 1.25064e+16 9.64276e-03 7.22060e+15 2.30393e-05 1.72520e+13 
8.30994e+17 1.62524e-05 1.35057e+13 8.12575e-06 6.75246e+12 7.03711e-06 5.84780e+12 4.06288e-06 3.37623e+12 7.44626e-09 6.18780e+09 
9.22198e+17 2.86231e-09 2.63961e+09 1.43112e-09 1.31977e+09 1.23938e-09 1.14296e+09 7.15559e-10 6.59887e+08 1.10618e-12 1.02012e+06 
1.02341e+18 1.90800e-13 1.95267e+05 9.53988e-14 9.76322e+04 8.26178e-14 8.45520e+04 4.76994e-14 4.88161e+04 6.72695e-17 6.88443e+01 
1.13573e+18 4.31540e-18 4.90114e+00 2.15769e-18 2.45056e+00 1.86861e-18 2.12224e+00 1.07884e-18 1.22528e+00 1.45829e-21 1.65623e-03 
1.26038e+18 2.93514e-23 3.69940e-05 1.46757e-23 1.84969e-05 1.27095e-23 1.60188e-05 7.33783e-24 9.24847e-06 9.75034e-27 1.22892e-08 
1.39871e+18 5.25326e-29 7.34780e-11 2.62662e-29 3.67389e-11 2.27472e-29 3.18168e-11 1.31331e-29 1.83694e-11 1.73450e-32 2.42607e-14 
1.55223e+18 2.13414e-35 3.31267e-17 1.06707e-35 1.65633e-17 9.24110e-36 1.43443e-17 5.33535e-36 8.28166e-18 7.03335e-39 1.09173e-20 
1.72259e+18 1.67103e-42 2.87850e-24 8.35515e-43 1.43925e-24 7.23577e-43 1.24642e-24 4.17757e-43 7.19623e-25 5.52861e-46 9.52351e-28 
1.91164e+18 2.19038e-50 4.18724e-32 1.09516e-50 2.09355e-32 9.48434e-51 1.81307e-32 5.47578e-51 1.04677e-32 1.24087e-53 2.37210e-35 
2.12145e+18 4.69041e-58 9.95047e-40 2.34362e-58 4.97187e-40 2.02963e-58 4.30577e-40 1.17180e-58 2.48592e-40 2.69229e-60 5.71156e-42 
2.35429e+18 4.17273e-65 9.82379e-47 2.08486e-65 4.90836e-47 1.80554e-65 4.25076e-47 1.04242e-65 2.45416e-47 2.57373e-67 6.05930e-49 
2.61268e+18 6.58556e-73 1.72059e-54 3.29045e-73 8.59688e-55 2.84961e-73 7.44511e-55 1.64521e-73 4.29840e-55 4.05960e-75 1.06064e-56 
2.89942e+18 1.40065e-81 4.06108e-63 6.99842e-82 2.02914e-63 6.06081e-82 1.75729e-63 3.49917e-82 1.01456e-63 8.62658e-84 2.50121e-65 
3.21764e+18 3.22115e-91 1.03645e-72 1.60951e-91 5.17883e-73 1.39388e-91 4.48500e-73 8.04742e-92 2.58937e-73 1.98164e-93 6.37622e-75 
3.57079e+18 6.27562e-102 2.24089e-83 3.13585e-102 1.11974e-83 2.71572e-102 9.69727e-84 1.56789e-102 5.59860e-84 3.85475e-104 1.37645e-85 
3.96269e+18 7.90135e-114 3.13106e-95 3.94844e-114 1.56464e-95 3.41945e-114 1.35502e-95 1.97416e-114 7.82297e-96 4.84263e-116 1.91899e-97 
4.39760e+18 4.76129e-127 2.09383e-108 2.37950e-127 1.04641e-108 2.06071e-127 9.06219e-109 1.18970e-127 5.23183e-109 2.90856e-129 1.27907e-110 
4.88025e+18 9.84068e-142 4.80250e-123 4.91868e-142 2.40044e-123 4.25971e-142 2.07884e-123 2.45918e-142 1.20014e-123 5.98078e-144 2.91877e-125 
5.41587e+18 4.82004e-158 2.61047e-139 2.40978e-158 1.30511e-139 2.08693e-158 1.13025e-139 1.20477e-158 6.52488e-140 2.90501e-160 1.57332e-141 
6.01028e+18 3.71233e-176 2.23121e-157 1.85675e-176 1.11596e-157 1.60799e-176 9.66446e-158 9.28223e-177 5.57888e-158 2.20525e-178 1.32542e-159 
6.66992e+18 2.85169e-196 1.90206e-177 1.42737e-196 9.52043e-178 1.23614e-196 8.24493e-178 7.13489e-197 4.75891e-178 1.64950e-198 1.10020e-179 
7.40196e+18 1.31814e-218 9.75682e-200 6.60729e-219 4.89069e-200 5.72208e-219 4.23546e-200 3.30203e-219 2.44415e-200 7.23216e-221 5.35321e-202 
8.21434e+18 2.09178e-243 1.71826e-224 1.05161e-243 8.63830e-225 9.10722e-244 7.48099e-225 5.25320e-244 4.31516e-225 1.02146e-245 8.39061e-227 
9.11589e+18 6.10737e-271 5.56741e-252 3.09001e-271 2.81682e-252 2.67603e-271 2.43944e-252 1.54213e-271 1.40579e-252 2.18233e-273 1.98939e-254 
1.01164e+19 -4.55485e-303 -4.60786e-284 0.00000e+00 0.00000e+00 0.00000e+00 0.00000e+00 -1.69480e-304 -1.71453e-285 -9.53650e-304 -9.64749e-285 
1.12267e+19 0.00000e+00 0.00000e+00 0.00000e+00 0.00000e+00 0.00000e+00 0.00000e+00 0.00000e+00 0.00000e+00 0.00000e+00 0.00000e+00 
1.24588e+19 0.00000e+00 0.00000e+00 0.00000e+00 0.00000e+00 0.00000e+00 0.00000e+00 0.00000e+00 0.00000e+00 0.00000e+00 0.00000e+00 
1.38262e+19 0.00000e+00 0.00000e+00 0.00000e+00 0.00000e+00 0.00000e+00 0.00000e+00 0.00000e+00 0.00000e+00 0.00000e+00 0.00000e+00 
1.53437e+19 0.00000e+00 0.00000e+00 0.00000e+00 0.00000e+00 0.00000e+00 0.00000e+00 0.00000e+00 0.00000e+00 0.00000e+00 0.00000e+00 
1.70277e+19 0.00000e+00 0.00000e+00 0.00000e+00 0.00000e+00 0.00000e+00 0.00000e+00 0.00000e+00 0.00000e+00 0.00000e+00 0.00000e+00 
1.88965e+19 0.00000e+00 0.00000e+00 0.00000e+00 0.00000e+00 0.00000e+00 0.00000e+00 0.00000e+00 0.00000e+00 0.00000e+00 0.00000e+00 
2.09705e+19 0.00000e+00 0.00000e+00 0.00000e+00 0.00000e+00 0.00000e+00 0.00000e+00 0.00000e+00 0.00000e+00 0.00000e+00 0.00000e+00 
2.32720e+19 0.00000e+00 0.00000e+00 0.00000e+00 0.00000e+00 0.00000e+00 0.00000e+00 0.00000e+00 0.00000e+00 0.00000e+00 0.00000e+00 
2.58262e+19 0.00000e+00 0.00000e+00 0.00000e+00 0.00000e+00 0.00000e+00 0.00000e+00 0.00000e+00 0.00000e+00 0.00000e+00 0.00000e+00 
2.86607e+19 0.00000e+00 0.00000e+00 0.00000e+00 0.00000e+00 0.00000e+00 0.00000e+00 0.00000e+00 0.00000e+00 0.00000e+00 0.00000e+00 
3.18063e+19 0.00000e+00 0.00000e+00 0.00000e+00 0.00000e+00 0.00000e+00 0.00000e+00 0.00000e+00 0.00000e+00 0.00000e+00 0.00000e+00 
3.52971e+19 0.00000e+00 0.00000e+00 0.00000e+00 0.00000e+00 0.00000e+00 0.00000e+00 0.00000e+00 0.00000e+00 0.00000e+00 0.00000e+00 
3.91710e+19 0.00000e+00 0.00000e+00 0.00000e+00 0.00000e+00 0.00000e+00 0.00000e+00 0.00000e+00 0.00000e+00 0.00000e+00 0.00000e+00 
4.34701e+19 0.00000e+00 0.00000e+00 0.00000e+00 0.00000e+00 0.00000e+00 0.00000e+00 0.00000e+00 0.00000e+00 0.00000e+00 0.00000e+00 
4.82411e+19 0.00000e+00 0.00000e+00 0.00000e+00 0.00000e+00 0.00000e+00 0.00000e+00 0.00000e+00 0.00000e+00 0.00000e+00 0.00000e+00 
5.35357e+19 0.00000e+00 0.00000e+00 0.00000e+00 0.00000e+00 0.00000e+00 0.00000e+00 0.00000e+00 0.00000e+00 0.00000e+00 0.00000e+00 
5.94113e+19 0.00000e+00 0.00000e+00 0.00000e+00 0.00000e+00 0.00000e+00 0.00000e+00 0.00000e+00 0.00000e+00 0.00000e+00 0.00000e+00 
6.59319e+19 0.00000e+00 0.00000e+00 0.00000e+00 0.00000e+00 0.00000e+00 0.00000e+00 0.00000e+00 0.00000e+00 0.00000e+00 0.00000e+00 
7.31681e+19 0.00000e+00 0.00000e+00 0.00000e+00 0.00000e+00 0.00000e+00 0.00000e+00 0.00000e+00 0.00000e+00 0.00000e+00 0.00000e+00 
8.11984e+19 0.00000e+00 0.00000e+00 0.00000e+00 0.00000e+00 0.00000e+00 0.00000e+00 0.00000e+00 0.00000e+00 0.00000e+00 0.00000e+00 
9.01102e+19 0.00000e+00 0.00000e+00 0.00000e+00 0.00000e+00 0.00000e+00 0.00000e+00 0.00000e+00 0.00000e+00 0.00000e+00 0.00000e+00 
1.00000e+20 0.00000e+00 0.00000e+00 0.00000e+00 0.00000e+00 0.00000e+00 0.00000e+00 0.00000e+00 0.00000e+00 0.00000e+00 0.00000e+00 
