1.00000e+11 4.15137e+20 4.15137e+31 3.15536e+19 3.15536e+30 6.85923e+19 6.85923e+30 1.07926e+20 1.07926e+31 1.23281e+20 1.23281e+31 
1.10975e+11 5.11257e+20 5.67368e+31 3.88597e+19 4.31247e+30 8.44741e+19 9.37453e+30 1.32915e+20 1.47503e+31 1.51825e+20 1.68488e+31 
1.23155e+11 6.29631e+20 7.75422e+31 4.78575e+19 5.89390e+30 1.04033e+20 1.28122e+31 1.63690e+20 2.01592e+31 1.86977e+20 2.30272e+31 
1.36672e+11 7.75412e+20 1.05977e+32 5.89387e+19 8.05525e+30 1.28120e+20 1.75104e+31 2.01590e+20 2.75516e+31 2.30269e+20 3.14712e+31 
1.51672e+11 9.54944e+20 1.44838e+32 7.25857e+19 1.10092e+31 1.57785e+20 2.39315e+31 2.48264e+20 3.76547e+31 2.83583e+20 4.30116e+31 
1.68318e+11 1.17604e+21 1.97949e+32 8.93925e+19 1.50464e+31 1.94317e+20 3.27071e+31 3.05745e+20 5.14624e+31 3.49241e+20 5.87836e+31 
1.86791e+11 1.44833e+21 2.70535e+32 1.10091e+20 2.05640e+31 2.39307e+20 4.47006e+31 3.76533e+20 7.03332e+31 4.30100e+20 8.03390e+31 
2.07292e+11 1.78366e+21 3.69738e+32 1.35581e+20 2.81050e+31 2.94714e+20 6.10919e+31 4.63711e+20 9.61236e+31 5.29679e+20 1.09798e+32 
2.30043e+11 2.19661e+21 5.05315e+32 1.66974e+20 3.84112e+31 3.62948e+20 8.34937e+31 5.71070e+20 1.31371e+32 6.52311e+20 1.50059e+32 
2.55291e+11 2.70517e+21 6.90605e+32 2.05635e+20 5.24968e+31 4.46979e+20 1.14110e+32 7.03284e+20 1.79542e+32 8.03332e+20 2.05083e+32 
2.83310e+11 3.33146e+21 9.43835e+32 2.53248e+20 7.17476e+31 5.50464e+20 1.55952e+32 8.66106e+20 2.45376e+32 9.89316e+20 2.80283e+32 
3.14404e+11 4.10274e+21 1.28992e+33 3.11885e+20 9.80577e+31 6.77906e+20 2.13136e+32 1.06662e+21 3.35349e+32 1.21835e+21 3.83055e+32 
3.48910e+11 5.05256e+21 1.76289e+33 3.84098e+20 1.34016e+32 8.34851e+20 2.91288e+32 1.31355e+21 4.58311e+32 1.50041e+21 5.23508e+32 
3.87204e+11 6.22224e+21 2.40928e+33 4.73030e+20 1.83159e+32 1.02813e+21 3.98095e+32 1.61764e+21 6.26358e+32 1.84776e+21 7.15459e+32 
4.29700e+11 7.66268e+21 3.29266e+33 5.82552e+20 2.50323e+32 1.26614e+21 5.44063e+32 1.99213e+21 8.56017e+32 2.27551e+21 9.77786e+32 
4.76861e+11 9.43654e+21 4.49992e+33 7.17432e+20 3.42115e+32 1.55926e+21 7.43549e+32 2.45329e+21 1.16988e+33 2.80226e+21 1.33629e+33 
5.29198e+11 1.16210e+22 6.14979e+33 8.83539e+20 4.67567e+32 1.92022e+21 1.01617e+33 3.02119e+21 1.59881e+33 3.45094e+21 1.82623e+33 
5.87279e+11 1.43110e+22 8.40454e+33 1.08810e+21 6.39020e+32 2.36473e+21 1.38875e+33 3.72054e+21 2.18499e+33 4.24975e+21 2.49579e+33 
6.51734e+11 1.76236e+22 1.14859e+34 1.34003e+21 8.73341e+32 2.91212e+21 1.89793e+33 4.58173e+21 2.98607e+33 5.23344e+21 3.41081e+33 
7.23263e+11 2.17028e+22 1.56968e+34 1.65027e+21 1.19358e+33 3.58620e+21 2.59377e+33 5.64224e+21 4.08082e+33 6.44476e+21 4.66126e+33 
8.02643e+11 2.67260e+22 2.14514e+34 2.03234e+21 1.63125e+33 4.41628e+21 3.54470e+33 6.94815e+21 5.57689e+33 7.93640e+21 6.37010e+33 
8.90735e+11 3.29115e+22 2.93154e+34 2.50286e+21 2.22939e+33 5.43846e+21 4.84423e+33 8.55625e+21 7.62135e+33 9.77318e+21 8.70532e+33 
9.88496e+11 4.05282e+22 4.00620e+34 3.08231e+21 3.04685e+33 6.69718e+21 6.62013e+33 1.05364e+22 1.04152e+34 1.20349e+22 1.18965e+34 
1.09699e+12 4.99072e+22 5.47475e+34 3.79588e+21 4.16403e+33 8.24714e+21 9.04699e+33 1.29747e+22 1.42331e+34 1.48200e+22 1.62573e+34 
1.21738e+12 6.14559e+22 7.48153e+34 4.67464e+21 5.69083e+33 1.01557e+22 1.23634e+34 1.59771e+22 1.94503e+34 1.82493e+22 2.22164e+34 
1.35099e+12 7.56760e+22 1.02238e+35 5.75681e+21 7.77742e+33 1.25058e+22 1.68953e+34 1.96740e+22 2.65795e+34 2.24718e+22 3.03592e+34 
1.49927e+12 9.31851e+22 1.39709e+35 7.08947e+21 1.06290e+34 1.53996e+22 2.30881e+34 2.42260e+22 3.63213e+34 2.76709e+22 4.14861e+34 
1.66382e+12 1.14743e+23 1.90912e+35 8.73059e+21 1.45261e+34 1.89627e+22 3.15504e+34 2.98307e+22 4.96328e+34 3.40723e+22 5.66900e+34 
1.84642e+12 1.41287e+23 2.60875e+35 1.07515e+22 1.98519e+34 2.33498e+22 4.31137e+34 3.67313e+22 6.78216e+34 4.19538e+22 7.74645e+34 
2.04907e+12 1.73967e+23 3.56471e+35 1.32402e+22 2.71302e+34 2.87514e+22 5.89138e+34 4.52273e+22 9.26742e+34 5.16573e+22 1.05850e+35 
2.27397e+12 2.14201e+23 4.87085e+35 1.63048e+22 3.70766e+34 3.54020e+22 8.05029e+34 5.56873e+22 1.26631e+35 6.36038e+22 1.44633e+35 
2.52354e+12 2.63734e+23 6.65543e+35 2.00786e+22 5.06691e+34 4.35899e+22 1.10001e+35 6.85647e+22 1.73026e+35 7.83110e+22 1.97621e+35 
2.80050e+12 3.24712e+23 9.09358e+35 2.47256e+22 6.92442e+34 5.36703e+22 1.50304e+35 8.44176e+22 2.36412e+35 9.64162e+22 2.70014e+35 
3.10787e+12 3.99777e+23 1.24245e+36 3.04479e+22 9.46279e+34 6.60802e+22 2.05368e+35 1.03933e+23 3.23009e+35 1.18704e+23 3.68915e+35 
3.44896e+12 4.92179e+23 1.69751e+36 3.74940e+22 1.29315e+35 8.13571e+22 2.80598e+35 1.27955e+23 4.41312e+35 1.46138e+23 5.04023e+35 
3.82749e+12 6.05916e+23 2.31914e+36 4.61702e+22 1.76716e+35 1.00163e+23 3.83372e+35 1.57524e+23 6.02921e+35 1.79905e+23 6.88586e+35 
4.24757e+12 7.45904e+23 3.16828e+36 5.68533e+22 2.41488e+35 1.23311e+23 5.23771e+35 1.93917e+23 8.23678e+35 2.21466e+23 9.40692e+35 
4.71375e+12 9.18194e+23 4.32814e+36 7.00073e+22 3.29997e+35 1.51802e+23 7.15558e+35 2.38708e+23 1.12521e+36 2.72614e+23 1.28504e+36 
5.23110e+12 1.13022e+24 5.91230e+36 8.62033e+22 4.50938e+35 1.86868e+23 9.77527e+35 2.93830e+23 1.53705e+36 3.35558e+23 1.75534e+36 
5.80523e+12 1.39113e+24 8.07582e+36 1.06144e+23 6.16191e+35 2.30024e+23 1.33534e+36 3.61660e+23 2.09952e+36 4.13010e+23 2.39762e+36 
6.44236e+12 1.71216e+24 1.10304e+37 1.30695e+23 8.41987e+35 2.83130e+23 1.82403e+36 4.45120e+23 2.86763e+36 5.08307e+23 3.27470e+36 
7.14943e+12 2.10713e+24 1.50648e+37 1.60922e+23 1.15050e+36 3.48476e+23 2.49141e+36 5.47803e+23 3.91648e+36 6.25546e+23 4.47230e+36 
7.93410e+12 2.59302e+24 2.05733e+37 1.98134e+23 1.57201e+36 4.28875e+23 3.40274e+36 6.74120e+23 5.34853e+36 7.69764e+23 6.10738e+36 
8.80488e+12 3.19067e+24 2.80935e+37 2.43944e+23 2.14790e+36 5.27784e+23 4.64708e+36 8.29493e+23 7.30359e+36 9.47146e+23 8.33951e+36 
9.77124e+12 3.92570e+24 3.83590e+37 3.00336e+23 2.93466e+36 6.49451e+23 6.34594e+36 1.02058e+24 9.97234e+36 1.16529e+24 1.13863e+37 
1.08437e+13 4.82955e+24 5.23699e+37 3.69753e+23 4.00947e+36 7.99091e+23 8.66507e+36 1.25556e+24 1.36148e+37 1.43351e+24 1.55445e+37 
1.20338e+13 5.94080e+24 7.14902e+37 4.55196e+23 5.47773e+36 9.83109e+23 1.18305e+37 1.54445e+24 1.85856e+37 1.76326e+24 2.12187e+37 
1.33545e+13 7.30679e+24 9.75786e+37 5.60361e+23 7.48335e+36 1.20937e+24 1.61505e+37 1.89957e+24 2.53678e+37 2.16857e+24 2.89602e+37 
1.48202e+13 8.98557e+24 1.33168e+38 6.89790e+23 1.02228e+37 1.48751e+24 2.20452e+37 2.33600e+24 3.46200e+37 2.66663e+24 3.95201e+37 
1.64468e+13 1.10483e+25 1.81709e+38 8.49070e+23 1.39645e+37 1.82937e+24 3.00873e+37 2.87225e+24 4.72391e+37 3.27855e+24 5.39215e+37 
1.82518e+13 1.35821e+25 2.47899e+38 1.04507e+24 1.90745e+37 2.24946e+24 4.10567e+37 3.53096e+24 6.44465e+37 4.03013e+24 7.35572e+37 
2.02550e+13 1.66938e+25 3.38133e+38 1.28623e+24 2.60527e+37 2.76553e+24 5.60159e+37 4.33989e+24 8.79045e+37 4.95297e+24 1.00323e+38 
2.24781e+13 2.05138e+25 4.61110e+38 1.58294e+24 3.55814e+37 3.39936e+24 7.64109e+37 5.33296e+24 1.19875e+38 6.08575e+24 1.36796e+38 
2.49451e+13 2.52018e+25 6.28662e+38 1.94793e+24 4.85914e+37 4.17757e+24 1.04210e+38 6.55169e+24 1.63432e+38 7.47569e+24 1.86482e+38 
2.76829e+13 3.09529e+25 8.56864e+38 2.39688e+24 6.63526e+37 5.13273e+24 1.42089e+38 8.04674e+24 2.22757e+38 9.18049e+24 2.54142e+38 
3.07211e+13 3.80049e+25 1.16755e+39 2.94902e+24 9.05973e+37 6.30465e+24 1.93686e+38 9.87999e+24 3.03525e+38 1.12705e+25 3.46243e+38 
3.40929e+13 4.66481e+25 1.59037e+39 3.62796e+24 1.23688e+38 7.74192e+24 2.63944e+38 1.21269e+25 4.13439e+38 1.38316e+25 4.71558e+38 
3.78346e+13 5.72357e+25 2.16549e+39 4.46268e+24 1.68844e+38 9.50380e+24 3.59573e+38 1.48792e+25 5.62949e+38 1.69680e+25 6.41978e+38 
4.19871e+13 7.01977e+25 2.94740e+39 5.48874e+24 2.30456e+38 1.16625e+25 4.89675e+38 1.82487e+25 7.66210e+38 2.08067e+25 8.73612e+38 
4.65953e+13 8.60560e+25 4.00980e+39 6.74972e+24 3.14505e+38 1.43059e+25 6.66588e+38 2.23711e+25 1.04239e+39 2.55017e+25 1.18826e+39 
5.17092e+13 1.05443e+26 5.45239e+39 8.29905e+24 4.29138e+38 1.75409e+25 9.07023e+38 2.74108e+25 1.41739e+39 3.12395e+25 1.61537e+39 
5.73844e+13 1.29126e+26 7.40983e+39 1.02022e+25 5.85447e+38 2.14969e+25 1.23359e+39 3.35670e+25 1.92622e+39 3.82458e+25 2.19471e+39 
6.36825e+13 1.58030e+26 1.00637e+40 1.25393e+25 7.98533e+38 2.63310e+25 1.67682e+39 4.10802e+25 2.61609e+39 4.67929e+25 2.97989e+39 
7.06718e+13 1.93269e+26 1.36587e+40 1.54083e+25 1.08893e+39 3.22329e+25 2.27796e+39 5.02401e+25 3.55056e+39 5.72085e+25 4.04303e+39 
7.84282e+13 2.36186e+26 1.85236e+40 1.89292e+25 1.48458e+39 3.94318e+25 3.09257e+39 6.13954e+25 4.81513e+39 6.98862e+25 5.48105e+39 
8.70359e+13 2.88386e+26 2.51000e+40 2.32482e+25 2.02343e+39 4.82032e+25 4.19541e+39 7.49634e+25 6.52451e+39 8.52970e+25 7.42390e+39 
9.65883e+13 3.51792e+26 3.39790e+40 2.85442e+25 2.75703e+39 5.88780e+25 5.68693e+39 9.14433e+25 8.83236e+39 1.04003e+26 1.00454e+40 
1.07189e+14 4.28688e+26 4.59507e+40 3.50348e+25 3.75534e+39 7.18523e+25 7.70179e+39 1.11429e+26 1.19440e+40 1.26671e+26 1.35777e+40 
1.18953e+14 5.21785e+26 6.20681e+40 4.29852e+25 5.11324e+39 8.75986e+25 1.04201e+40 1.35624e+26 1.61330e+40 1.54090e+26 1.83295e+40 
1.32009e+14 6.34282e+26 8.37308e+40 5.27182e+25 6.95927e+39 1.06678e+26 1.40825e+40 1.64860e+26 2.17630e+40 1.87191e+26 2.47108e+40 
1.46497e+14 7.69932e+26 1.12793e+41 6.46254e+25 9.46743e+39 1.29756e+26 1.90088e+40 2.00111e+26 2.93157e+40 2.27059e+26 3.32634e+40 
1.62576e+14 9.33115e+26 1.51702e+41 7.91818e+25 1.28730e+40 1.57614e+26 2.56241e+40 2.42514e+26 3.94268e+40 2.74958e+26 4.47014e+40 
1.80419e+14 1.12891e+27 2.03676e+41 9.69622e+25 1.74938e+40 1.91169e+26 3.44904e+40 2.93386e+26 5.29322e+40 3.32345e+26 5.99612e+40 
2.00220e+14 1.36314e+27 2.72928e+41 1.18661e+26 2.37583e+40 2.31489e+26 4.63487e+40 3.54239e+26 7.09258e+40 4.00886e+26 8.02654e+40 
2.22195e+14 1.64246e+27 3.64945e+41 1.45115e+26 3.22439e+40 2.79809e+26 6.21722e+40 4.26798e+26 9.48323e+40 4.82467e+26 1.07202e+41 
2.46581e+14 1.97436e+27 4.86839e+41 1.77331e+26 4.37265e+40 3.37549e+26 8.32332e+40 5.13003e+26 1.26497e+41 5.79197e+26 1.42819e+41 
2.73644e+14 2.36719e+27 6.47766e+41 2.16514e+26 5.92477e+40 4.06323e+26 1.11188e+41 6.15016e+26 1.68295e+41 6.93402e+26 1.89745e+41 
3.03677e+14 2.83012e+27 8.59444e+41 2.64105e+26 8.02027e+40 4.87954e+26 1.48180e+41 7.35209e+26 2.23266e+41 8.27608e+26 2.51326e+41 
3.37006e+14 3.37311e+27 1.13676e+42 3.21820e+26 1.08455e+41 5.84478e+26 1.96973e+41 8.76145e+26 2.95267e+41 9.84505e+26 3.31785e+41 
3.73994e+14 4.00670e+27 1.49848e+42 3.91693e+26 1.46491e+41 6.98148e+26 2.61103e+41 1.04055e+27 3.89158e+41 1.16689e+27 4.36411e+41 
4.15040e+14 4.74191e+27 1.96809e+42 4.76126e+26 1.97612e+41 8.31424e+26 3.45075e+41 1.23124e+27 5.11012e+41 1.37762e+27 5.71766e+41 
4.60592e+14 5.58999e+27 2.57471e+42 5.77938e+26 2.66194e+41 9.86966e+26 4.54589e+41 1.45108e+27 6.68357e+41 1.61946e+27 7.45909e+41 
5.11143e+14 6.56212e+27 3.35418e+42 7.00420e+26 3.58015e+41 1.16762e+27 5.96820e+41 1.70292e+27 8.70436e+41 1.89505e+27 9.68642e+41 
5.67243e+14 7.66920e+27 4.35029e+42 8.47389e+26 4.80675e+41 1.37639e+27 7.80749e+41 1.98948e+27 1.12852e+42 2.20677e+27 1.25177e+42 
6.29499e+14 8.92165e+27 5.61617e+42 1.02324e+27 6.44126e+41 1.61648e+27 1.01757e+42 2.31333e+27 1.45624e+42 2.55666e+27 1.60941e+42 
6.98588e+14 1.03294e+28 7.21597e+42 1.23297e+27 8.61338e+41 1.89122e+27 1.32118e+42 2.67685e+27 1.87002e+42 2.94636e+27 2.05829e+42 
7.75260e+14 1.19018e+28 9.22701e+42 1.48225e+27 1.14913e+42 2.20419e+27 1.70882e+42 3.08225e+27 2.38955e+42 3.37716e+27 2.61817e+42 
8.60346e+14 1.36486e+28 1.17425e+43 1.77738e+27 1.52916e+42 2.55921e+27 2.20181e+42 3.53168e+27 3.03847e+42 3.85007e+27 3.31240e+42 
9.54772e+14 1.55798e+28 1.48752e+43 2.12531e+27 2.02919e+42 2.96047e+27 2.82658e+42 4.02735e+27 3.84520e+42 4.36603e+27 4.16856e+42 
1.05956e+15 1.77071e+28 1.87618e+43 2.53357e+27 2.68447e+42 3.41262e+27 3.61588e+42 4.57176e+27 4.84405e+42 4.92607e+27 5.21947e+42 
1.17585e+15 2.00440e+28 2.35688e+43 3.01013e+27 3.53946e+42 3.92082e+27 4.61029e+42 5.16778e+27 6.07653e+42 5.53151e+27 6.50422e+42 
1.30490e+15 2.26058e+28 2.94983e+43 3.56325e+27 4.64970e+42 4.49070e+27 5.85992e+42 5.81868e+27 7.59281e+42 6.18386e+27 8.06933e+42 
1.44812e+15 2.54083e+28 3.67942e+43 4.20122e+27 6.08386e+42 5.12823e+27 7.42629e+42 6.52786e+27 9.45311e+42 6.88453e+27 9.96961e+42 
1.60705e+15 2.84653e+28 4.57453e+43 4.93194e+27 7.92589e+42 5.83931e+27 9.38408e+42 7.29815e+27 1.17285e+43 7.63395e+27 1.22682e+43 
1.78343e+15 3.17842e+28 5.66848e+43 5.76249e+27 1.02770e+43 6.62915e+27 1.18226e+43 8.13086e+27 1.45008e+43 8.43032e+27 1.50349e+43 
1.97917e+15 3.53601e+28 6.99835e+43 6.69844e+27 1.32573e+43 7.50146e+27 1.48466e+43 9.02443e+27 1.78608e+43 9.26799e+27 1.83429e+43 
2.19639e+15 3.91707e+28 8.60339e+43 7.74313e+27 1.70069e+43 8.45756e+27 1.85761e+43 9.97305e+27 2.19047e+43 1.01358e+28 2.22621e+43 
2.43744e+15 4.31705e+28 1.05226e+44 8.89671e+27 2.16852e+43 9.49544e+27 2.31446e+43 1.09655e+28 2.67277e+43 1.10155e+28 2.68498e+43 
2.70496e+15 4.72875e+28 1.27911e+44 1.01551e+28 2.74692e+43 1.06090e+28 2.86968e+43 1.19840e+28 3.24163e+43 1.18813e+28 3.21384e+43 
3.00184e+15 5.14217e+28 1.54360e+44 1.15092e+28 3.45487e+43 1.17871e+28 3.53829e+43 1.30045e+28 3.90375e+43 1.26990e+28 3.81204e+43 
3.33129e+15 5.54462e+28 1.84708e+44 1.29436e+28 4.31189e+43 1.30135e+28 4.33519e+43 1.39962e+28 4.66253e+43 1.34274e+28 4.47306e+43 
3.69691e+15 5.92118e+28 2.18901e+44 1.44366e+28 5.33708e+43 1.42666e+28 5.27423e+43 1.49227e+28 5.51678e+43 1.40194e+28 5.18283e+43 
4.10266e+15 6.25554e+28 2.56644e+44 1.59603e+28 6.54795e+43 1.55196e+28 6.36715e+43 1.57442e+28 6.45930e+43 1.44253e+28 5.91819e+43 
4.55294e+15 6.53146e+28 2.97373e+44 1.74815e+28 7.95922e+43 1.67423e+28 7.62265e+43 1.64206e+28 7.47621e+43 1.45975e+28 6.64614e+43 
5.05263e+15 6.73471e+28 3.40280e+44 1.89641e+28 9.58185e+43 1.79030e+28 9.04573e+43 1.69163e+28 8.54718e+43 1.44969e+28 7.32473e+43 
5.60717e+15 6.85549e+28 3.84399e+44 2.03712e+28 1.14225e+44 1.89718e+28 1.06378e+44 1.72056e+28 9.64749e+43 1.41006e+28 7.90643e+43 
6.22257e+15 6.89068e+28 4.28777e+44 2.16685e+28 1.34834e+44 1.99233e+28 1.23974e+44 1.72789e+28 1.07519e+44 1.34093e+28 8.34406e+43 
6.90551e+15 6.84520e+28 4.72696e+44 2.28256e+28 1.57623e+44 2.07389e+28 1.43213e+44 1.71453e+28 1.18397e+44 1.24525e+28 8.59910e+43 
7.66341e+15 6.73175e+28 5.15881e+44 2.38173e+28 1.82522e+44 2.14071e+28 1.64051e+44 1.68333e+28 1.29000e+44 1.12879e+28 8.65037e+43 
8.50449e+15 6.56839e+28 5.58608e+44 2.46215e+28 2.09393e+44 2.19203e+28 1.86421e+44 1.63845e+28 1.39342e+44 9.99540e+27 8.50057e+43 
9.43788e+15 6.37436e+28 6.01605e+44 2.52160e+28 2.37986e+44 2.22703e+28 2.10185e+44 1.58450e+28 1.49543e+44 8.66500e+27 8.17792e+43 
1.04737e+16 6.16496e+28 6.45700e+44 2.55747e+28 2.67862e+44 2.24428e+28 2.35060e+44 1.52533e+28 1.59759e+44 7.38152e+27 7.73119e+43 
1.16232e+16 5.94722e+28 6.91259e+44 2.56637e+28 2.98295e+44 2.24126e+28 2.60506e+44 1.46308e+28 1.70057e+44 6.21066e+27 7.21879e+43 
1.28989e+16 5.71783e+28 7.37537e+44 2.54408e+28 3.28158e+44 2.21427e+28 2.85617e+44 1.39766e+28 1.80282e+44 5.19026e+27 6.69487e+43 
1.43146e+16 5.46419e+28 7.82177e+44 2.48590e+28 3.55847e+44 2.15885e+28 3.09031e+44 1.32692e+28 1.89943e+44 4.32912e+27 6.19696e+43 
1.58857e+16 5.16851e+28 8.21052e+44 2.38750e+28 3.79270e+44 2.07062e+28 3.28931e+44 1.24748e+28 1.98170e+44 3.61282e+27 5.73920e+43 
1.76291e+16 4.81371e+28 8.48615e+44 2.24607e+28 3.95962e+44 1.94650e+28 3.43151e+44 1.15594e+28 2.03781e+44 3.01377e+27 5.31302e+43 
1.95640e+16 4.38943e+28 8.58748e+44 2.06175e+28 4.03360e+44 1.78608e+28 3.49428e+44 1.05013e+28 2.05447e+44 2.50174e+27 4.89440e+43 
2.17112e+16 3.89661e+28 8.46000e+44 1.83885e+28 3.99236e+44 1.59270e+28 3.45793e+44 9.30162e+27 2.01949e+44 2.05182e+27 4.45475e+43 
2.40940e+16 3.34918e+28 8.06953e+44 1.58641e+28 3.82230e+44 1.37394e+28 3.31037e+44 7.98885e+27 1.92484e+44 1.64853e+27 3.97198e+43 
2.67384e+16 2.77269e+28 7.41373e+44 1.31778e+28 3.52354e+44 1.14125e+28 3.05153e+44 6.61727e+27 1.76935e+44 1.28612e+27 3.43887e+43 
2.96730e+16 2.19994e+28 6.52789e+44 1.04907e+28 3.11292e+44 9.08530e+27 2.69588e+44 5.25865e+27 1.56040e+44 9.66083e+26 2.86666e+43 
3.29297e+16 1.66486e+28 5.48234e+44 7.96649e+27 2.62334e+44 6.89920e+27 2.27189e+44 3.98905e+27 1.31358e+44 6.93301e+26 2.28302e+43 
3.65438e+16 1.19603e+28 4.37074e+44 5.74352e+27 2.09890e+44 4.97404e+27 1.81770e+44 2.87410e+27 1.05031e+44 4.71998e+26 1.72486e+43 
4.05546e+16 8.11765e+27 3.29208e+44 3.91253e+27 1.58671e+44 3.38835e+27 1.37413e+44 1.95713e+27 7.93707e+43 3.02900e+26 1.22840e+43 
4.50056e+16 5.17986e+27 2.33123e+44 2.50584e+27 1.12777e+44 2.17012e+27 9.76674e+43 1.25321e+27 5.64014e+43 1.82165e+26 8.19843e+42 
4.99451e+16 3.09148e+27 1.54404e+44 1.50105e+27 7.49699e+43 1.29995e+27 6.49259e+43 7.50611e+26 3.74893e+43 1.02110e+26 5.09989e+42 
5.54266e+16 1.71621e+27 9.51238e+43 8.36266e+26 4.63514e+43 7.24227e+26 4.01415e+43 4.18156e+26 2.31770e+43 5.30687e+25 2.94142e+42 
6.15099e+16 8.80863e+26 5.41818e+43 4.30669e+26 2.64904e+43 3.72971e+26 2.29414e+43 2.15340e+26 1.32455e+43 2.54397e+25 1.56479e+42 
6.82607e+16 4.15235e+26 2.83442e+43 2.03646e+26 1.39010e+43 1.76362e+26 1.20386e+43 1.01824e+26 6.95056e+42 1.11883e+25 7.63719e+41 
7.57525e+16 1.78459e+26 1.35187e+43 8.77653e+25 6.64844e+42 7.60070e+25 5.75772e+42 4.38828e+25 3.32423e+42 4.48849e+24 3.40015e+41 
8.40665e+16 6.93612e+25 5.83096e+42 3.41937e+25 2.87455e+42 2.96126e+25 2.48943e+42 1.70969e+25 1.43727e+42 1.63223e+24 1.37216e+41 
9.32930e+16 2.41614e+25 2.25409e+42 1.19353e+25 1.11348e+42 1.03362e+25 9.64300e+41 5.96764e+24 5.56739e+41 5.34191e+23 4.98363e+40 
1.03532e+17 7.46771e+24 7.73148e+41 3.69501e+24 3.82553e+41 3.19998e+24 3.31301e+41 1.84751e+24 1.91276e+41 1.56037e+23 1.61549e+40 
1.14895e+17 2.02465e+24 2.32622e+41 1.00310e+24 1.15252e+41 8.68714e+23 9.98109e+40 5.01552e+23 5.76259e+40 4.02765e+22 4.62758e+39 
1.27505e+17 4.75179e+23 6.05878e+40 2.35660e+23 3.00478e+40 2.04087e+23 2.60222e+40 1.17830e+23 1.50239e+40 9.07544e+21 1.15716e+39 
1.41499e+17 9.50484e+22 1.34493e+40 4.71723e+22 6.67483e+39 4.08524e+22 5.78058e+39 2.35861e+22 3.33742e+39 1.75826e+21 2.48793e+38 
1.57029e+17 1.59083e+22 2.49807e+39 7.89921e+21 1.24041e+39 6.84092e+21 1.07422e+39 3.94961e+21 6.20203e+38 2.87450e+20 4.51379e+37 
1.74263e+17 2.18063e+21 3.80004e+38 1.08314e+21 1.88751e+38 9.38024e+20 1.63463e+38 5.41568e+20 9.43755e+37 3.87716e+19 6.75646e+36 
1.93389e+17 2.38893e+20 4.61992e+37 1.18684e+20 2.29521e+37 1.02783e+20 1.98771e+37 5.93418e+19 1.14761e+37 4.20346e+18 8.12903e+35 
2.14614e+17 2.03605e+19 4.36965e+36 1.01165e+19 2.17114e+36 8.76112e+18 1.88026e+36 5.05823e+18 1.08557e+36 3.55829e+17 7.63658e+34 
2.38169e+17 1.31270e+18 3.12643e+35 6.52290e+17 1.55355e+35 5.64900e+17 1.34541e+35 3.26145e+17 7.76775e+34 2.28029e+16 5.43093e+33 
2.64308e+17 6.24631e+16 1.65095e+34 3.10420e+16 8.20466e+33 2.68832e+16 7.10544e+33 1.55210e+16 4.10233e+33 1.07293e+15 2.83585e+32 
2.93317e+17 2.18423e+15 6.40670e+32 1.08581e+15 3.18487e+32 9.40342e+14 2.75818e+32 5.42907e+14 1.59244e+32 3.62519e+13 1.06333e+31 
3.25509e+17 6.05032e+13 1.96943e+31 3.01046e+13 9.79931e+30 2.60713e+13 8.48645e+30 1.50523e+13 4.89965e+30 8.96677e+11 2.91876e+29 
3.61234e+17 1.69252e+12 6.11395e+29 8.43659e+11 3.04759e+29 7.30630e+11 2.63929e+29 4.21830e+11 1.52379e+29 1.91322e+10 6.91120e+27 
4.00881e+17 5.65364e+10 2.26643e+28 2.82211e+10 1.13133e+28 2.44402e+10 9.79761e+27 1.41106e+10 5.65665e+27 4.82017e+08 1.93231e+26 
4.44878e+17 1.79988e+09 8.00728e+26 8.98846e+08 3.99877e+26 7.78423e+08 3.46304e+26 4.49423e+08 1.99938e+26 1.36964e+07 6.09324e+24 
4.93705e+17 4.38507e+07 2.16493e+25 2.19012e+07 1.08127e+25 1.89670e+07 9.36408e+24 1.09506e+07 5.40635e+24 3.21492e+05 1.58722e+23 
5.47890e+17 7.67900e+05 4.20725e+23 3.83553e+05 2.10145e+23 3.32166e+05 1.81991e+23 1.91776e+05 1.05072e+23 5.46108e+03 2.99207e+21 
6.08022e+17 9.65073e+03 5.86786e+21 4.82075e+03 2.93112e+21 4.17489e+03 2.53843e+21 2.41037e+03 1.46556e+21 6.60999e+01 4.01902e+19 
6.74754e+17 8.63088e+01 5.82372e+19 4.31164e+01 2.90930e+19 3.73399e+01 2.51952e+19 2.15581e+01 1.45465e+19 5.68892e-01 3.83862e+17 
7.48810e+17 5.19797e-01 3.89229e+17 2.59684e-01 1.94454e+17 2.24893e-01 1.68402e+17 1.29842e-01 9.72268e+16 3.32894e-03 2.49274e+15 
8.30994e+17 1.91702e-03 1.59304e+15 9.57752e-04 7.95886e+14 8.29437e-04 6.89258e+14 4.78875e-04 3.97942e+14 1.20753e-05 1.00345e+13 
9.22198e+17 3.90874e-06 3.60463e+12 1.95285e-06 1.80091e+12 1.69122e-06 1.55964e+12 9.76423e-07 9.00455e+11 2.44185e-08 2.25187e+10 
1.02341e+18 4.01102e-09 4.10493e+09 2.00397e-09 2.05089e+09 1.73549e-09 1.77612e+09 1.00198e-09 1.02544e+09 2.49551e-11 2.55393e+07 
1.13573e+18 1.89556e-12 2.15285e+06 9.47057e-13 1.07560e+06 8.20176e-13 9.31501e+05 4.73527e-13 5.37801e+05 1.17664e-14 1.33635e+04 
1.26038e+18 3.76833e-16 4.74954e+02 1.88274e-16 2.37297e+02 1.63050e-16 2.05505e+02 9.41365e-17 1.18648e+02 2.33557e-18 2.94371e+00 
1.39871e+18 2.85894e-20 3.99884e-02 1.42839e-20 1.99791e-02 1.23702e-20 1.73024e-02 7.14193e-21 9.98952e-03 1.76992e-22 2.47562e-04 
1.55223e+18 7.43764e-25 1.15449e-06 3.71603e-25 5.76812e-07 3.21818e-25 4.99534e-07 1.85801e-25 2.88405e-07 4.60036e-27 7.14079e-09 
1.72259e+18 5.89391e-30 1.01528e-11 2.94476e-30 5.07260e-12 2.55024e-30 4.39300e-12 1.47237e-30 2.53629e-12 3.64279e-32 6.27501e-14 
1.91164e+18 1.24763e-35 2.38503e-17 6.23357e-36 1.19164e-17 5.39843e-36 1.03199e-17 3.11677e-36 5.95815e-18 7.70608e-38 1.47313e-19 
2.12145e+18 6.09903e-42 1.29388e-23 3.04729e-42 6.46467e-24 2.63903e-42 5.59857e-24 1.52363e-42 3.23231e-24 3.76477e-44 7.98679e-26 
2.35429e+18 5.85900e-49 1.37938e-30 2.92739e-49 6.89191e-31 2.53519e-49 5.96857e-31 1.46368e-49 3.44593e-31 3.61432e-51 8.50913e-33 
2.61268e+18 9.24823e-57 2.41626e-38 4.62085e-57 1.20728e-38 4.00177e-57 1.04553e-38 2.31040e-57 6.03633e-39 5.70098e-59 1.48948e-40 
2.89942e+18 1.96696e-65 5.70305e-47 9.82803e-66 2.84956e-47 8.51133e-66 2.46779e-47 4.91395e-66 1.42476e-47 1.21145e-67 3.51250e-49 
3.21764e+18 4.52354e-75 1.45551e-56 2.26027e-75 7.27274e-57 1.95745e-75 6.29837e-57 1.13012e-75 3.63631e-57 2.78286e-77 8.95426e-59 
3.57079e+18 8.81298e-86 3.14693e-67 4.40374e-86 1.57248e-67 3.81375e-86 1.36181e-67 2.20182e-86 7.86223e-68 5.41330e-88 1.93298e-69 
3.96269e+18 1.10960e-97 4.39701e-79 5.54487e-98 2.19726e-79 4.80200e-98 1.90288e-79 2.77235e-98 1.09860e-79 6.80061e-100 2.69487e-81 
4.39760e+18 6.68638e-111 2.94040e-92 3.34159e-111 1.46950e-92 2.89390e-111 1.27262e-92 1.67072e-111 7.34717e-93 4.08455e-113 1.79623e-94 
4.88025e+18 1.38195e-125 6.74425e-107 6.90741e-126 3.37099e-107 5.98199e-126 2.91936e-107 3.45348e-126 1.68539e-107 8.39893e-128 4.09889e-109 
5.41587e+18 6.76888e-142 3.66594e-123 3.38410e-142 1.83279e-123 2.93072e-142 1.58724e-123 1.69188e-142 9.16302e-124 4.07957e-144 2.20944e-125 
6.01028e+18 5.21330e-160 3.13334e-141 2.60747e-160 1.56716e-141 2.25813e-160 1.35720e-141 1.30352e-160 7.83453e-142 3.09688e-162 1.86131e-143 
6.66992e+18 4.00469e-180 2.67110e-161 2.00448e-180 1.33697e-161 1.73593e-180 1.15785e-161 1.00197e-180 6.68304e-162 2.31642e-182 1.54503e-163 
7.40196e+18 1.85109e-202 1.37017e-183 9.27876e-203 6.86810e-184 8.03564e-203 5.94795e-184 4.63711e-203 3.43237e-184 1.01563e-204 7.51763e-186 
8.21434e+18 2.93753e-227 2.41299e-208 1.47680e-227 1.21309e-208 1.27895e-227 1.05057e-208 7.37718e-228 6.05987e-209 1.43446e-229 1.17831e-210 
9.11589e+18 8.57670e-255 7.81843e-236 4.33937e-255 3.95572e-236 3.75800e-255 3.42575e-236 2.16564e-255 1.97417e-236 3.06470e-257 2.79374e-238 
1.01164e+19 -6.39647e-287 -6.47091e-268 0.00000e+00 0.00000e+00 0.00000e+00 0.00000e+00 -2.38005e-288 -2.40775e-269 -1.33923e-287 -1.35482e-268 
1.12267e+19 0.00000e+00 0.00000e+00 0.00000e+00 0.00000e+00 0.00000e+00 0.00000e+00 0.00000e+00 0.00000e+00 0.00000e+00 0.00000e+00 
1.24588e+19 0.00000e+00 0.00000e+00 0.00000e+00 0.00000e+00 0.00000e+00 0.00000e+00 0.00000e+00 0.00000e+00 0.00000e+00 0.00000e+00 
1.38262e+19 0.00000e+00 0.00000e+00 0.00000e+00 0.00000e+00 0.00000e+00 0.00000e+00 0.00000e+00 0.00000e+00 0.00000e+00 0.00000e+00 
1.53437e+19 0.00000e+00 0.00000e+00 0.00000e+00 0.00000e+00 0.00000e+00 0.00000e+00 0.00000e+00 0.00000e+00 0.00000e+00 0.00000e+00 
1.70277e+19 0.00000e+00 0.00000e+00 0.00000e+00 0.00000e+00 0.00000e+00 0.00000e+00 0.00000e+00 0.00000e+00 0.00000e+00 0.00000e+00 
1.88965e+19 0.00000e+00 0.00000e+00 0.00000e+00 0.00000e+00 0.00000e+00 0.00000e+00 0.00000e+00 0.00000e+00 0.00000e+00 0.00000e+00 
2.09705e+19 0.00000e+00 0.00000e+00 0.00000e+00 0.00000e+00 0.00000e+00 0.00000e+00 0.00000e+00 0.00000e+00 0.00000e+00 0.00000e+00 
2.32720e+19 0.00000e+00 0.00000e+00 0.00000e+00 0.00000e+00 0.00000e+00 0.00000e+00 0.00000e+00 0.00000e+00 0.00000e+00 0.00000e+00 
2.58262e+19 0.00000e+00 0.00000e+00 0.00000e+00 0.00000e+00 0.00000e+00 0.00000e+00 0.00000e+00 0.00000e+00 0.00000e+00 0.00000e+00 
2.86607e+19 0.00000e+00 0.00000e+00 0.00000e+00 0.00000e+00 0.00000e+00 0.00000e+00 0.00000e+00 0.00000e+00 0.00000e+00 0.00000e+00 
3.18063e+19 0.00000e+00 0.00000e+00 0.00000e+00 0.00000e+00 0.00000e+00 0.00000e+00 0.00000e+00 0.00000e+00 0.00000e+00 0.00000e+00 
3.52971e+19 0.00000e+00 0.00000e+00 0.00000e+00 0.00000e+00 0.00000e+00 0.00000e+00 0.00000e+00 0.00000e+00 0.00000e+00 0.00000e+00 
3.91710e+19 0.00000e+00 0.00000e+00 0.00000e+00 0.00000e+00 0.00000e+00 0.00000e+00 0.00000e+00 0.00000e+00 0.00000e+00 0.00000e+00 
4.34701e+19 0.00000e+00 0.00000e+00 0.00000e+00 0.00000e+00 0.00000e+00 0.00000e+00 0.00000e+00 0.00000e+00 0.00000e+00 0.00000e+00 
4.82411e+19 0.00000e+00 0.00000e+00 0.00000e+00 0.00000e+00 0.00000e+00 0.00000e+00 0.00000e+00 0.00000e+00 0.00000e+00 0.00000e+00 
5.35357e+19 0.00000e+00 0.00000e+00 0.00000e+00 0.00000e+00 0.00000e+00 0.00000e+00 0.00000e+00 0.00000e+00 0.00000e+00 0.00000e+00 
5.94113e+19 0.00000e+00 0.00000e+00 0.00000e+00 0.00000e+00 0.00000e+00 0.00000e+00 0.00000e+00 0.00000e+00 0.00000e+00 0.00000e+00 
6.59319e+19 0.00000e+00 0.00000e+00 0.00000e+00 0.00000e+00 0.00000e+00 0.00000e+00 0.00000e+00 0.00000e+00 0.00000e+00 0.00000e+00 
7.31681e+19 0.00000e+00 0.00000e+00 0.00000e+00 0.00000e+00 0.00000e+00 0.00000e+00 0.00000e+00 0.00000e+00 0.00000e+00 0.00000e+00 
8.11984e+19 0.00000e+00 0.00000e+00 0.00000e+00 0.00000e+00 0.00000e+00 0.00000e+00 0.00000e+00 0.00000e+00 0.00000e+00 0.00000e+00 
9.01102e+19 0.00000e+00 0.00000e+00 0.00000e+00 0.00000e+00 0.00000e+00 0.00000e+00 0.00000e+00 0.00000e+00 0.00000e+00 0.00000e+00 
1.00000e+20 0.00000e+00 0.00000e+00 0.00000e+00 0.00000e+00 0.00000e+00 0.00000e+00 0.00000e+00 0.00000e+00 0.00000e+00 0.00000e+00 
