1.00000e+11 9.37170e+20 9.37170e+31 8.43784e+19 8.43784e+30 1.54589e+20 1.54589e+31 2.36721e+20 2.36721e+31 2.76094e+20 2.76094e+31 
1.10975e+11 1.15416e+21 1.28083e+32 1.03916e+20 1.15321e+31 1.90383e+20 2.11278e+31 2.91532e+20 3.23528e+31 3.40020e+20 3.77339e+31 
1.23155e+11 1.42140e+21 1.75052e+32 1.27977e+20 1.57610e+31 2.34464e+20 2.88754e+31 3.59033e+20 4.42167e+31 4.18748e+20 5.15710e+31 
1.36672e+11 1.75050e+21 2.39244e+32 1.57609e+20 2.15407e+31 2.88752e+20 3.94642e+31 4.42162e+20 6.04311e+31 5.15704e+20 7.04822e+31 
1.51672e+11 2.15581e+21 3.26975e+32 1.94103e+20 2.94399e+31 3.55609e+20 5.39358e+31 5.44539e+20 8.25912e+31 6.35109e+20 9.63280e+31 
1.68318e+11 2.65496e+21 4.46877e+32 2.39046e+20 4.02357e+31 4.37945e+20 7.37141e+31 6.70619e+20 1.12877e+32 7.82158e+20 1.31651e+32 
1.86791e+11 3.26967e+21 6.10746e+32 2.94395e+20 5.49904e+31 5.39345e+20 1.00745e+32 8.25890e+20 1.54269e+32 9.63254e+20 1.79928e+32 
2.07292e+11 4.02670e+21 8.34703e+32 3.62559e+20 7.51557e+31 6.64221e+20 1.37688e+32 1.01711e+21 2.10839e+32 1.18628e+21 2.45906e+32 
2.30043e+11 4.95900e+21 1.14078e+33 4.46506e+20 1.02716e+32 8.18010e+20 1.88177e+32 1.25260e+21 2.88152e+32 1.46093e+21 3.36078e+32 
2.55291e+11 6.10714e+21 1.55910e+33 5.49889e+20 1.40382e+32 1.00740e+21 2.57181e+32 1.54261e+21 3.93814e+32 1.79918e+21 4.59314e+32 
2.83310e+11 7.52110e+21 2.13080e+33 6.77209e+20 1.91860e+32 1.24064e+21 3.51486e+32 1.89976e+21 5.38221e+32 2.21573e+21 6.27738e+32 
3.14404e+11 9.26239e+21 2.91213e+33 8.34007e+20 2.62215e+32 1.52788e+21 4.80372e+32 2.33960e+21 7.35578e+32 2.72872e+21 8.57919e+32 
3.48910e+11 1.14068e+22 3.97995e+33 1.02711e+21 3.58368e+32 1.88162e+21 6.56517e+32 2.88126e+21 1.00530e+33 3.36047e+21 1.17250e+33 
3.87204e+11 1.40477e+22 5.43931e+33 1.26492e+21 4.89780e+32 2.31725e+21 8.97249e+32 3.54831e+21 1.37392e+33 4.13846e+21 1.60243e+33 
4.29700e+11 1.72999e+22 7.43376e+33 1.55778e+21 6.69380e+32 2.85373e+21 1.22625e+33 4.36978e+21 1.87770e+33 5.09656e+21 2.18999e+33 
4.76861e+11 2.13049e+22 1.01595e+34 1.91845e+21 9.14835e+32 3.51440e+21 1.67588e+33 5.38142e+21 2.56619e+33 6.27644e+21 2.99299e+33 
5.29198e+11 2.62370e+22 1.38846e+34 2.36262e+21 1.25030e+33 4.32801e+21 2.29037e+33 6.62722e+21 3.50711e+33 7.72944e+21 4.09040e+33 
5.87279e+11 3.23108e+22 1.89754e+34 2.90962e+21 1.70876e+33 5.32996e+21 3.13017e+33 8.16140e+21 4.79302e+33 9.51876e+21 5.59017e+33 
6.51734e+11 3.97905e+22 2.59328e+34 3.58326e+21 2.33533e+33 6.56382e+21 4.27787e+33 1.00507e+22 6.55037e+33 1.17223e+22 7.63979e+33 
7.23263e+11 4.90013e+22 3.54409e+34 4.41284e+21 3.19165e+33 8.08329e+21 5.84635e+33 1.23773e+22 8.95202e+33 1.44357e+22 1.04408e+34 
8.02643e+11 6.03440e+22 4.84347e+34 5.43447e+21 4.36194e+33 9.95444e+21 7.98987e+33 1.52423e+22 1.22341e+34 1.77773e+22 1.42688e+34 
8.90735e+11 7.43118e+22 6.61922e+34 6.69259e+21 5.96133e+33 1.22587e+22 1.09192e+34 1.87704e+22 1.67195e+34 2.18921e+22 1.95001e+34 
9.88496e+11 9.15120e+22 9.04593e+34 8.24195e+21 8.14713e+33 1.50962e+22 1.49225e+34 2.31150e+22 2.28491e+34 2.69592e+22 2.66490e+34 
1.09699e+12 1.12693e+23 1.23622e+35 1.01499e+22 1.11343e+34 1.85903e+22 2.03933e+34 2.84649e+22 3.12256e+34 3.31988e+22 3.64186e+34 
1.21738e+12 1.38774e+23 1.68941e+35 1.24996e+22 1.52168e+34 2.28931e+22 2.78696e+34 3.50528e+22 4.26727e+34 4.08822e+22 4.97692e+34 
1.35099e+12 1.70890e+23 2.30871e+35 1.53931e+22 2.07959e+34 2.81914e+22 3.80864e+34 4.31649e+22 5.83155e+34 5.03432e+22 6.80134e+34 
1.49927e+12 2.10436e+23 3.15500e+35 1.89562e+22 2.84205e+34 3.47157e+22 5.20481e+34 5.31538e+22 7.96917e+34 6.19931e+22 9.29443e+34 
1.66382e+12 2.59131e+23 4.31146e+35 2.33441e+22 3.88403e+34 4.27493e+22 7.11270e+34 6.54533e+22 1.08902e+35 7.63378e+22 1.27012e+35 
1.84642e+12 3.19089e+23 5.89174e+35 2.87474e+22 5.30798e+34 5.26414e+22 9.71985e+34 8.05979e+22 1.48818e+35 9.40006e+22 1.73565e+35 
2.04907e+12 3.92914e+23 8.05111e+35 3.54010e+22 7.25393e+34 6.48217e+22 1.32824e+35 9.92451e+22 2.03361e+35 1.15748e+23 2.37177e+35 
2.27397e+12 4.83812e+23 1.10017e+36 4.35943e+22 9.91319e+34 7.98190e+22 1.81506e+35 1.22204e+23 2.77889e+35 1.42525e+23 3.24097e+35 
2.52354e+12 5.95728e+23 1.50334e+36 5.36833e+22 1.35472e+35 9.82845e+22 2.48025e+35 1.50472e+23 3.79723e+35 1.75493e+23 4.42862e+35 
2.80050e+12 7.33516e+23 2.05421e+36 6.61066e+22 1.85132e+35 1.21020e+23 3.38916e+35 1.85275e+23 5.18864e+35 2.16082e+23 6.05137e+35 
3.10787e+12 9.03153e+23 2.80688e+36 8.14038e+22 2.52992e+35 1.49011e+23 4.63105e+35 2.28123e+23 7.08975e+35 2.66052e+23 8.26853e+35 
3.44896e+12 1.11199e+24 3.83523e+36 1.00240e+23 3.45722e+35 1.83472e+23 6.32787e+35 2.80872e+23 9.68716e+35 3.27569e+23 1.12977e+36 
3.82749e+12 1.36909e+24 5.24017e+36 1.23432e+23 4.72435e+35 2.25897e+23 8.64619e+35 3.45808e+23 1.32358e+36 4.03300e+23 1.54363e+36 
4.24757e+12 1.68557e+24 7.15957e+36 1.51988e+23 6.45578e+35 2.78124e+23 1.18135e+36 4.25744e+23 1.80838e+36 4.96522e+23 2.10901e+36 
4.71375e+12 2.07514e+24 9.78168e+36 1.87146e+23 8.82161e+35 3.42416e+23 1.61406e+36 5.24140e+23 2.47067e+36 6.11270e+23 2.88138e+36 
5.23110e+12 2.55464e+24 1.33636e+37 2.30433e+23 1.20542e+36 4.21554e+23 2.20519e+36 6.45251e+23 3.37537e+36 7.52507e+23 3.93644e+36 
5.80523e+12 3.14481e+24 1.82563e+37 2.83727e+23 1.64710e+36 5.18963e+23 3.01270e+36 7.94312e+23 4.61116e+36 9.26337e+23 5.37760e+36 
6.44236e+12 3.87114e+24 2.49393e+37 3.49337e+23 2.25055e+36 6.38854e+23 4.11573e+36 9.77761e+23 6.29909e+36 1.14027e+24 7.34601e+36 
7.14943e+12 4.76497e+24 3.40668e+37 4.30107e+23 3.07502e+36 7.86403e+23 5.62234e+36 1.20351e+24 8.60444e+36 1.40352e+24 1.00344e+37 
7.93410e+12 5.86484e+24 4.65322e+37 5.29536e+23 4.20139e+36 9.67980e+23 7.68005e+36 1.48130e+24 1.17528e+37 1.72746e+24 1.37058e+37 
8.80488e+12 7.21812e+24 6.35547e+37 6.51928e+23 5.74015e+36 1.19141e+24 1.04903e+37 1.82309e+24 1.60521e+37 2.12601e+24 1.87193e+37 
9.77124e+12 8.88303e+24 8.67982e+37 8.02578e+23 7.84219e+36 1.46632e+24 1.43278e+37 2.24358e+24 2.19226e+37 2.61632e+24 2.55647e+37 
1.08437e+13 1.09311e+25 1.18533e+38 9.88001e+23 1.07135e+37 1.80454e+24 1.95678e+37 2.76083e+24 2.99375e+37 3.21945e+24 3.49106e+37 
1.20338e+13 1.34501e+25 1.61856e+38 1.21621e+24 1.46356e+37 2.22059e+24 2.67221e+37 3.39702e+24 4.08790e+37 3.96124e+24 4.76687e+37 
1.33545e+13 1.65481e+25 2.20992e+38 1.49705e+24 1.99923e+37 2.73232e+24 3.64888e+37 4.17940e+24 5.58139e+37 4.87346e+24 6.50827e+37 
1.48202e+13 2.03573e+25 3.01700e+38 1.84263e+24 2.73082e+37 3.36164e+24 4.98202e+37 5.14140e+24 7.61967e+37 5.99507e+24 8.88482e+37 
1.64468e+13 2.50404e+25 4.11834e+38 2.26785e+24 3.72987e+37 4.13546e+24 6.80150e+37 6.32406e+24 1.04010e+38 7.37390e+24 1.21277e+38 
1.82518e+13 3.07967e+25 5.62096e+38 2.79099e+24 5.09408e+37 5.08680e+24 9.28434e+37 7.77770e+24 1.41957e+38 9.06857e+24 1.65518e+38 
2.02550e+13 3.78705e+25 7.67068e+38 3.43456e+24 6.95670e+37 6.25614e+24 1.26718e+38 9.56403e+24 1.93720e+38 1.11510e+25 2.25864e+38 
2.24781e+13 4.65615e+25 1.04661e+39 4.22615e+24 9.49956e+37 7.69313e+24 1.72927e+38 1.17587e+25 2.64312e+38 1.37093e+25 3.08158e+38 
2.49451e+13 5.72364e+25 1.42777e+39 5.19968e+24 1.29707e+38 9.45863e+24 2.35946e+38 1.44542e+25 3.60561e+38 1.68512e+25 4.20356e+38 
2.76829e+13 7.03443e+25 1.94733e+39 6.39681e+24 1.77082e+38 1.16271e+25 3.21873e+38 1.77639e+25 4.91757e+38 2.07089e+25 5.73283e+38 
3.07211e+13 8.64345e+25 2.65537e+39 7.86861e+24 2.41733e+38 1.42899e+25 4.39002e+38 2.18266e+25 6.70537e+38 2.54438e+25 7.81662e+38 
3.40929e+13 1.06178e+26 3.61992e+39 9.67779e+24 3.29943e+38 1.75585e+25 5.98619e+38 2.68115e+25 9.14079e+38 3.12530e+25 1.06550e+39 
3.78346e+13 1.30396e+26 4.93347e+39 1.19012e+25 4.50278e+38 2.15693e+25 8.16065e+38 3.29255e+25 1.24573e+39 3.83775e+25 1.45200e+39 
4.19871e+13 1.60087e+26 6.72157e+39 1.46331e+25 6.14400e+38 2.64888e+25 1.11219e+39 4.04211e+25 1.69717e+39 4.71109e+25 1.97805e+39 
4.65953e+13 1.96471e+26 9.15460e+39 1.79888e+25 8.38193e+38 3.25203e+25 1.51529e+39 4.96058e+25 2.31140e+39 5.78112e+25 2.69373e+39 
5.17092e+13 2.41031e+26 1.24635e+40 2.21097e+25 1.14327e+39 3.99114e+25 2.06379e+39 6.08539e+25 3.14671e+39 7.09135e+25 3.66688e+39 
5.73844e+13 2.95573e+26 1.69613e+40 2.71685e+25 1.55905e+39 4.89636e+25 2.80975e+39 7.46202e+25 4.28204e+39 8.69471e+25 4.98941e+39 
6.36825e+13 3.62285e+26 2.30712e+40 3.33767e+25 2.12551e+39 6.00434e+25 3.82371e+39 9.14570e+25 5.82421e+39 1.06554e+26 6.78560e+39 
7.06718e+13 4.43821e+26 3.13657e+40 4.09922e+25 2.89700e+39 7.35957e+25 5.20114e+39 1.12033e+26 7.91759e+39 1.30511e+26 9.22341e+39 
7.84282e+13 5.43391e+26 4.26172e+40 5.03301e+25 3.94730e+39 9.01597e+25 7.07107e+39 1.37158e+26 1.07570e+40 1.59757e+26 1.25295e+40 
8.70359e+13 6.64868e+26 5.78674e+40 6.17744e+25 5.37659e+39 1.10388e+26 9.60768e+39 1.67806e+26 1.46052e+40 1.95426e+26 1.70091e+40 
9.65883e+13 8.12915e+26 7.85181e+40 7.57924e+25 7.32066e+39 1.35067e+26 1.30458e+40 2.05154e+26 1.98155e+40 2.38881e+26 2.30731e+40 
1.07189e+14 9.93135e+26 1.06453e+41 9.29526e+25 9.96351e+39 1.65144e+26 1.77017e+40 2.50611e+26 2.68627e+40 2.91756e+26 3.12730e+40 
1.18953e+14 1.21223e+27 1.44199e+41 1.13945e+26 1.35542e+40 2.01760e+26 2.40000e+40 3.05864e+26 3.63836e+40 3.56006e+26 4.23481e+40 
1.32009e+14 1.47820e+27 1.95135e+41 1.39607e+26 1.84294e+40 2.46277e+26 3.25107e+40 3.72927e+26 4.92296e+40 4.33960e+26 5.72866e+40 
1.46497e+14 1.80055e+27 2.63775e+41 1.70951e+26 2.50438e+40 3.00321e+26 4.39962e+40 4.54188e+26 6.65373e+40 5.28383e+26 7.74065e+40 
1.62576e+14 2.19052e+27 3.56124e+41 2.09198e+26 3.40104e+40 3.65828e+26 5.94747e+40 5.52475e+26 8.98189e+40 6.42536e+26 1.04461e+41 
1.80419e+14 2.66134e+27 4.80156e+41 2.55821e+26 4.61548e+40 4.45086e+26 8.03019e+40 6.71110e+26 1.21081e+41 7.80252e+26 1.40772e+41 
2.00220e+14 3.22851e+27 6.46413e+41 3.12588e+26 6.25863e+40 5.40793e+26 1.08278e+41 8.13979e+26 1.62975e+41 9.46007e+26 1.89410e+41 
2.22195e+14 3.91002e+27 8.68787e+41 3.81616e+26 8.47931e+40 6.56107e+26 1.45783e+41 9.85597e+26 2.18994e+41 1.14498e+27 2.54410e+41 
2.46581e+14 4.72663e+27 1.16550e+42 4.65434e+26 1.14767e+41 7.94704e+26 1.95959e+41 1.19116e+27 2.93718e+41 1.38315e+27 3.41058e+41 
2.73644e+14 5.70207e+27 1.56034e+42 5.67044e+26 1.55168e+41 9.60830e+26 2.62925e+41 1.43661e+27 3.93119e+41 1.66727e+27 4.56240e+41 
3.03677e+14 6.86315e+27 2.08418e+42 6.90000e+26 2.09537e+41 1.15935e+27 3.52068e+41 1.72864e+27 5.24948e+41 2.00500e+27 6.08874e+41 
3.37006e+14 8.23985e+27 2.77688e+42 8.38487e+26 2.82576e+41 1.39579e+27 4.70389e+41 2.07472e+27 6.99195e+41 2.40481e+27 8.10437e+41 
3.73994e+14 9.86514e+27 3.68950e+42 1.01740e+27 3.80500e+41 1.67632e+27 6.26934e+41 2.48307e+27 9.28654e+41 2.87595e+27 1.07559e+42 
4.15040e+14 1.17747e+28 4.88696e+42 1.23242e+27 5.11503e+41 2.00782e+27 8.33325e+41 2.96253e+27 1.22957e+42 3.42833e+27 1.42290e+42 
4.60592e+14 1.40061e+28 6.45109e+42 1.49009e+27 6.86326e+41 2.39773e+27 1.10438e+42 3.52241e+27 1.62240e+42 4.07229e+27 1.87567e+42 
5.11143e+14 1.65981e+28 8.48403e+42 1.79790e+27 9.18986e+41 2.85405e+27 1.45883e+42 4.17227e+27 2.13263e+42 4.81828e+27 2.46283e+42 
5.67243e+14 1.95892e+28 1.11118e+43 2.16427e+27 1.22766e+42 3.38512e+27 1.92019e+42 4.92151e+27 2.79169e+42 5.67641e+27 3.21990e+42 
6.29499e+14 2.30155e+28 1.44882e+43 2.59855e+27 1.63579e+42 3.99943e+27 2.51764e+42 5.77892e+27 3.63783e+42 6.65585e+27 4.18985e+42 
6.98588e+14 2.69086e+28 1.87980e+43 3.11100e+27 2.17331e+42 4.70529e+27 3.28706e+42 6.75211e+27 4.71694e+42 7.76406e+27 5.42388e+42 
7.75260e+14 3.12926e+28 2.42599e+43 3.71255e+27 2.87819e+42 5.51043e+27 4.27202e+42 7.84672e+27 6.08325e+42 9.00598e+27 6.98197e+42 
8.60346e+14 3.61807e+28 3.11279e+43 4.41458e+27 3.79807e+42 6.42156e+27 5.52477e+42 9.06568e+27 7.79963e+42 1.03829e+28 8.93291e+42 
9.54772e+14 4.15717e+28 3.96914e+43 5.22846e+27 4.99199e+42 7.44376e+27 7.10709e+42 1.04083e+28 9.93752e+42 1.18916e+28 1.13537e+43 
1.05956e+15 4.74457e+28 5.02715e+43 6.16499e+27 6.53217e+42 8.57984e+27 9.09086e+42 1.18692e+28 1.25761e+43 1.35228e+28 1.43282e+43 
1.17585e+15 5.37601e+28 6.32137e+43 7.23352e+27 8.50553e+42 9.82961e+27 1.15581e+43 1.34375e+28 1.58005e+43 1.52604e+28 1.79439e+43 
1.30490e+15 6.04452e+28 7.88751e+43 8.44096e+27 1.10146e+43 1.11891e+28 1.46006e+43 1.50959e+28 1.96987e+43 1.70802e+28 2.22880e+43 
1.44812e+15 6.74002e+28 9.76035e+43 9.79051e+27 1.41778e+43 1.26496e+28 1.83181e+43 1.68197e+28 2.43569e+43 1.89487e+28 2.74400e+43 
1.60705e+15 7.44892e+28 1.19708e+44 1.12802e+28 1.81279e+43 1.41970e+28 2.28153e+43 1.85759e+28 2.98524e+43 2.08225e+28 3.34628e+43 
1.78343e+15 8.15385e+28 1.45418e+44 1.29013e+28 2.30086e+43 1.58106e+28 2.81972e+43 2.03228e+28 3.62443e+43 2.26474e+28 4.03901e+43 
1.97917e+15 8.83358e+28 1.74831e+44 1.46370e+28 2.89691e+43 1.74630e+28 3.45621e+43 2.20103e+28 4.35620e+43 2.43589e+28 4.82103e+43 
2.19639e+15 9.46339e+28 2.07852e+44 1.64610e+28 3.61547e+43 1.91192e+28 4.19931e+43 2.35801e+28 5.17910e+43 2.58832e+28 5.68494e+43 
2.43744e+15 1.00160e+29 2.44133e+44 1.83370e+28 4.46955e+43 2.07379e+28 5.05474e+43 2.49686e+28 6.08597e+43 2.71404e+28 6.61531e+43 
2.70496e+15 1.04632e+29 2.83024e+44 2.02191e+28 5.46919e+43 2.22726e+28 6.02464e+43 2.61106e+28 7.06281e+43 2.80497e+28 7.58734e+43 
3.00184e+15 1.07787e+29 3.23558e+44 2.20532e+28 6.62001e+43 2.36746e+28 7.10672e+43 2.69449e+28 8.08842e+43 2.85377e+28 8.56655e+43 
3.33129e+15 1.09412e+29 3.64485e+44 2.37802e+28 7.92189e+43 2.48970e+28 8.29392e+43 2.74220e+28 9.13507e+43 2.85472e+28 9.50991e+43 
3.69691e+15 1.09384e+29 4.04383e+44 2.53409e+28 9.36829e+43 2.58993e+28 9.57476e+43 2.75113e+28 1.01707e+44 2.80479e+28 1.03691e+44 
4.10266e+15 1.07696e+29 4.41838e+44 2.66818e+28 1.09466e+44 2.66528e+28 1.09347e+44 2.72078e+28 1.11624e+44 2.70447e+28 1.10955e+44 
4.55294e+15 1.04479e+29 4.75686e+44 2.77624e+28 1.26400e+44 2.71444e+28 1.23586e+44 2.65361e+28 1.20817e+44 2.55821e+28 1.16473e+44 
5.05263e+15 1.00003e+29 5.05277e+44 2.85614e+28 1.44310e+44 2.73800e+28 1.38341e+44 2.55495e+28 1.29092e+44 2.37429e+28 1.19964e+44 
5.60717e+15 9.46487e+28 5.30711e+44 2.90813e+28 1.63064e+44 2.73852e+28 1.53553e+44 2.43261e+28 1.36400e+44 2.16406e+28 1.21343e+44 
6.22257e+15 8.88656e+28 5.52972e+44 2.93490e+28 1.82626e+44 2.72025e+28 1.69269e+44 2.29590e+28 1.42864e+44 1.94060e+28 1.20755e+44 
6.90551e+15 8.31080e+28 5.73903e+44 2.94125e+28 2.03108e+44 2.68864e+28 1.85665e+44 2.15456e+28 1.48784e+44 1.71703e+28 1.18569e+44 
7.66341e+15 7.77736e+28 5.96011e+44 2.93312e+28 2.24777e+44 2.64951e+28 2.03043e+44 2.01753e+28 1.54611e+44 1.50490e+28 1.15327e+44 
8.50449e+15 7.31482e+28 6.22088e+44 2.91639e+28 2.48024e+44 2.60805e+28 2.21801e+44 1.89181e+28 1.60889e+44 1.31289e+28 1.11655e+44 
9.43788e+15 6.93720e+28 6.54724e+44 2.89546e+28 2.73270e+44 2.56779e+28 2.42345e+44 1.78175e+28 1.68160e+44 1.14606e+28 1.08164e+44 
1.04737e+16 6.64295e+28 6.95763e+44 2.87202e+28 3.00807e+44 2.52980e+28 2.64964e+44 1.68859e+28 1.76858e+44 1.00578e+28 1.05342e+44 
1.16232e+16 6.41649e+28 7.45803e+44 2.84443e+28 3.30614e+44 2.49215e+28 2.89668e+44 1.61047e+28 1.87189e+44 8.90198e+27 1.03470e+44 
1.28989e+16 6.23162e+28 8.03810e+44 2.80769e+28 3.62161e+44 2.45005e+28 3.16029e+44 1.54293e+28 1.99021e+44 7.95155e+27 1.02566e+44 
1.43146e+16 6.05619e+28 8.66919e+44 2.75430e+28 3.94267e+44 2.39650e+28 3.43049e+44 1.47966e+28 2.11807e+44 7.15225e+27 1.02381e+44 
1.58857e+16 5.85736e+28 9.30480e+44 2.67576e+28 4.25062e+44 2.32358e+28 3.69116e+44 1.41367e+28 2.24571e+44 6.44809e+27 1.02432e+44 
1.76291e+16 5.60659e+28 9.88394e+44 2.56439e+28 4.52080e+44 2.22410e+28 3.92089e+44 1.33856e+28 2.35977e+44 5.79061e+27 1.02083e+44 
1.95640e+16 5.28399e+28 1.03376e+45 2.41529e+28 4.72527e+44 2.09325e+28 4.09522e+44 1.24970e+28 2.44490e+44 5.14555e+27 1.00668e+44 
2.17112e+16 4.88125e+28 1.05978e+45 2.22775e+28 4.83671e+44 1.92995e+28 4.19015e+44 1.14509e+28 2.48613e+44 4.49607e+27 9.76150e+43 
2.40940e+16 4.40280e+28 1.06081e+45 2.00591e+28 4.83306e+44 1.73742e+28 4.18615e+44 1.02575e+28 2.47145e+44 3.84219e+27 9.25738e+43 
2.67384e+16 3.86486e+28 1.03340e+45 1.75841e+28 4.70171e+44 1.52291e+28 4.07203e+44 8.95370e+27 2.39408e+44 3.19703e+27 8.54834e+43 
2.96730e+16 3.29258e+28 9.77007e+44 1.49716e+28 4.44251e+44 1.29660e+28 3.84740e+44 7.59582e+27 2.25391e+44 2.58107e+27 7.65882e+43 
3.29297e+16 2.71579e+28 8.94300e+44 1.23553e+28 4.06858e+44 1.07001e+28 3.52351e+44 6.24885e+27 2.05773e+44 2.01604e+27 6.63877e+43 
3.65438e+16 2.16424e+28 7.90898e+44 9.86441e+27 3.60483e+44 8.54285e+27 3.12188e+44 4.97559e+27 1.81827e+44 1.51986e+27 5.55416e+43 
4.05546e+16 1.66327e+28 6.74532e+44 7.60586e+27 3.08453e+44 6.58687e+27 2.67128e+44 3.82764e+27 1.55229e+44 1.10355e+27 4.47540e+43 
4.50056e+16 1.23061e+28 5.53842e+44 5.65349e+27 2.54439e+44 4.89607e+27 2.20350e+44 2.83980e+27 1.27807e+44 7.70196e+26 3.46631e+43 
4.99451e+16 8.75070e+27 4.37054e+44 4.04348e+27 2.01952e+44 3.50176e+27 1.74896e+44 2.02809e+27 1.01293e+44 5.15699e+26 2.57566e+43 
5.54266e+16 5.96953e+27 3.30871e+44 2.77675e+27 1.53906e+44 2.40473e+27 1.33286e+44 1.39118e+27 7.71086e+43 3.30627e+26 1.83256e+43 
6.15099e+16 3.89833e+27 2.39785e+44 1.82624e+27 1.12332e+44 1.58157e+27 9.72822e+43 9.14243e+26 5.62350e+43 2.02573e+26 1.24603e+43 
6.82607e+16 2.43049e+27 1.65907e+44 1.14679e+27 7.82808e+43 9.93150e+26 6.77931e+43 5.73795e+26 3.91677e+43 1.18376e+26 8.08042e+42 
7.57525e+16 1.44178e+27 1.09219e+44 6.84965e+26 5.18878e+43 5.93197e+26 4.49362e+43 3.42607e+26 2.59534e+43 6.58410e+25 4.98762e+42 
8.40665e+16 8.10196e+26 6.81104e+43 3.87318e+26 3.25605e+43 3.35427e+26 2.81982e+43 1.93693e+26 1.62831e+43 3.47793e+25 2.92377e+42 
9.32930e+16 4.28867e+26 4.00103e+43 2.06128e+26 1.92303e+43 1.78512e+26 1.66539e+43 1.03071e+26 9.61584e+42 1.73994e+25 1.62324e+42 
1.03532e+17 2.12323e+26 2.19823e+43 1.02496e+26 1.06116e+43 8.87640e+25 9.18993e+42 5.12492e+25 5.30594e+42 8.21069e+24 8.50071e+41 
1.14895e+17 9.74441e+25 1.11959e+43 4.71940e+25 5.42237e+42 4.08712e+25 4.69591e+42 2.35972e+25 2.71120e+42 3.63165e+24 4.17258e+41 
1.27505e+17 4.10146e+25 5.22958e+42 1.99083e+25 2.53841e+42 1.72411e+25 2.19832e+42 9.95412e+24 1.26920e+42 1.49139e+24 1.90161e+41 
1.41499e+17 1.56367e+25 2.21258e+42 7.59964e+24 1.07534e+42 6.58148e+24 9.31274e+41 3.79981e+24 5.37670e+41 5.61410e+23 7.94390e+40 
1.57029e+17 5.32566e+24 8.36283e+41 2.58963e+24 4.06647e+41 2.24269e+24 3.52167e+41 1.29481e+24 2.03323e+41 1.90726e+23 2.99496e+40 
1.74263e+17 1.59659e+24 2.78227e+41 7.76284e+23 1.35278e+41 6.72281e+23 1.17154e+41 3.88141e+23 6.76388e+40 5.74814e+22 1.00169e+40 
1.93389e+17 4.14865e+23 8.02305e+40 2.01609e+23 3.89891e+40 1.74599e+23 3.37655e+40 1.00805e+23 1.94945e+40 1.50989e+22 2.91997e+39 
2.14614e+17 9.19687e+22 1.97378e+40 4.46567e+22 9.58397e+39 3.86739e+22 8.29996e+39 2.23284e+22 4.79198e+39 3.39676e+21 7.28993e+38 
2.38169e+17 1.71159e+22 4.07647e+39 8.30203e+21 1.97728e+39 7.18977e+21 1.71238e+39 4.15101e+21 9.88641e+38 6.43401e+20 1.53238e+38 
2.64308e+17 2.63093e+21 6.95376e+38 1.27448e+21 3.36856e+38 1.10373e+21 2.91726e+38 6.37241e+20 1.68428e+38 1.00921e+20 2.66742e+37 
2.93317e+17 3.28576e+20 9.63768e+37 1.58927e+20 4.66161e+37 1.37635e+20 4.03707e+37 7.94637e+19 2.33080e+37 1.28958e+19 3.78254e+36 
3.25509e+17 3.27941e+19 1.06748e+37 1.58340e+19 5.15411e+36 1.37127e+19 4.46359e+36 7.91701e+18 2.57706e+36 1.32040e+18 4.29800e+35 
3.61234e+17 2.57162e+18 9.28957e+35 1.23919e+18 4.47637e+35 1.07317e+18 3.87665e+35 6.19594e+17 2.23819e+35 1.06456e+17 3.84555e+34 
4.00881e+17 1.55534e+17 6.23505e+34 7.47877e+16 2.99810e+34 6.47681e+16 2.59643e+34 3.73939e+16 1.49905e+34 6.62585e+15 2.65618e+33 
4.44878e+17 7.09617e+15 3.15693e+33 3.40496e+15 1.51479e+33 2.94878e+15 1.31185e+33 1.70248e+15 7.57397e+32 3.10729e+14 1.38236e+32 
4.93705e+17 2.37343e+14 1.17177e+32 1.13669e+14 5.61188e+31 9.84400e+13 4.86003e+31 5.68344e+13 2.80594e+31 1.06450e+13 5.25550e+30 
5.47890e+17 5.60623e+12 3.07160e+30 2.68086e+12 1.46882e+30 2.32169e+12 1.27203e+30 1.34043e+12 7.34408e+29 2.56212e+11 1.40376e+29 
6.08022e+17 8.92678e+10 5.42768e+28 4.26409e+10 2.59266e+28 3.69281e+10 2.24531e+28 2.13204e+10 1.29633e+28 4.13382e+09 2.51345e+27 
6.74754e+17 9.07419e+08 6.12285e+26 4.33149e+08 2.92269e+26 3.75118e+08 2.53113e+26 2.16575e+08 1.46135e+26 4.23721e+07 2.85908e+25 
7.48810e+17 5.54307e+06 4.15071e+24 2.64489e+06 1.98052e+24 2.29054e+06 1.71518e+24 1.32244e+06 9.90260e+23 2.60068e+05 1.94742e+23 
8.30994e+17 1.90619e+04 1.58403e+22 9.09354e+03 7.55668e+21 7.87523e+03 6.54427e+21 4.54677e+03 3.77834e+21 8.96551e+02 7.45028e+20 
9.22198e+17 3.44069e+01 3.17299e+19 1.64123e+01 1.51354e+19 1.42135e+01 1.31076e+19 8.20615e+00 7.56769e+18 1.62016e+00 1.49411e+18 
1.02341e+18 3.02284e-02 3.09361e+16 1.44185e-02 1.47561e+16 1.24868e-02 1.27792e+16 7.20927e-03 7.37805e+15 1.42411e-03 1.45745e+15 
1.13573e+18 1.19082e-05 1.35245e+13 5.67997e-06 6.45093e+12 4.91900e-06 5.58667e+12 2.83998e-06 3.22546e+12 5.61115e-07 6.37277e+11 
1.26038e+18 1.92266e-09 2.42329e+09 9.17066e-10 1.15585e+09 7.94202e-10 1.00100e+09 4.58533e-10 5.77927e+08 9.06005e-11 1.14191e+08 
1.39871e+18 1.15234e-13 1.61180e+05 5.49642e-14 7.68792e+04 4.76004e-14 6.65794e+04 2.74821e-14 3.84396e+04 5.43014e-15 7.59521e+03 
1.55223e+18 2.29805e-18 3.56710e+00 1.09612e-18 1.70143e+00 9.49270e-19 1.47348e+00 5.48062e-19 8.50715e-01 1.08288e-19 1.68087e-01 
1.72259e+18 1.35089e-23 2.32702e-05 6.44346e-24 1.10994e-05 5.58020e-24 9.61238e-06 3.22173e-24 5.54971e-06 6.36534e-25 1.09648e-06 
1.91164e+18 2.04667e-29 3.91250e-11 9.76227e-30 1.86620e-11 8.45438e-30 1.61618e-11 4.88114e-30 9.33099e-12 9.64312e-31 1.84342e-12 
2.12145e+18 6.88663e-36 1.46097e-17 3.28485e-36 6.96864e-18 2.84476e-36 6.03502e-18 1.64242e-36 3.48432e-18 3.24423e-37 6.88247e-19 
2.35429e+18 4.36364e-43 1.02733e-24 2.08146e-43 4.90036e-25 1.80260e-43 4.24383e-25 1.04073e-43 2.45018e-25 2.05501e-44 4.83808e-26 
2.61268e+18 4.33759e-51 1.13327e-32 2.06916e-51 5.40604e-33 1.79194e-51 4.68177e-33 1.03458e-51 2.70302e-33 2.04122e-52 5.33305e-34 
2.89942e+18 5.52935e-60 1.60319e-41 2.63805e-60 7.64881e-42 2.28462e-60 6.62407e-42 1.31902e-60 3.82441e-42 2.59722e-61 7.53044e-43 
3.21764e+18 7.25341e-70 2.33389e-51 3.46197e-70 1.11394e-51 2.99815e-70 9.64698e-52 1.73098e-70 5.56969e-52 3.38994e-71 1.09076e-52 
3.57079e+18 7.76193e-81 2.77162e-62 3.70892e-81 1.32438e-62 3.21202e-81 1.14694e-62 1.85446e-81 6.62188e-63 3.57486e-82 1.27650e-63 
3.96269e+18 5.44598e-93 2.15807e-74 2.61084e-93 1.03459e-74 2.26105e-93 8.95985e-75 1.30542e-93 5.17297e-75 2.40175e-94 9.51737e-76 
4.39760e+18 2.16993e-106 9.54249e-88 1.04820e-106 4.60957e-88 9.07769e-107 3.99201e-88 5.24101e-107 2.30479e-88 8.58370e-108 3.77477e-89 
4.88025e+18 4.44599e-121 2.16975e-102 2.16822e-121 1.05815e-102 1.87773e-121 9.16381e-103 1.08411e-121 5.29073e-103 1.50301e-122 7.33508e-104 
5.41587e+18 3.26760e-137 1.76969e-118 1.60168e-137 8.67447e-119 1.38709e-137 7.51231e-119 8.00838e-138 4.33723e-119 1.00349e-138 5.43475e-120 
6.01028e+18 4.71825e-155 2.83580e-136 2.31595e-155 1.39195e-136 2.00567e-155 1.20546e-136 1.15797e-155 6.95974e-137 1.40904e-156 8.46873e-138 
6.66992e+18 7.59764e-175 5.06756e-156 3.73026e-175 2.48805e-156 3.23050e-175 2.15472e-156 1.86513e-175 1.24403e-156 2.25690e-176 1.50534e-157 
7.40196e+18 8.02008e-197 5.93643e-178 3.93782e-197 2.91476e-178 3.41025e-197 2.52425e-178 1.96891e-197 1.45738e-178 2.38050e-198 1.76204e-179 
8.21434e+18 3.22671e-221 2.65053e-202 1.58474e-221 1.30176e-202 1.37242e-221 1.12736e-202 7.92369e-222 6.50879e-203 9.46900e-223 7.77816e-204 
9.11589e+18 4.78074e-240 4.35807e-221 6.25967e-241 5.70624e-222 6.79952e-241 6.19836e-222 8.03805e-241 7.32740e-222 7.24865e-241 6.60779e-222 
1.01164e+19 4.41495e-248 4.46633e-229 5.78157e-249 5.84885e-230 6.27973e-249 6.35281e-230 7.42320e-249 7.50959e-230 6.69395e-249 6.77186e-230 
1.12267e+19 5.20220e-257 5.84034e-238 6.81340e-258 7.64919e-239 7.40000e-258 8.30774e-239 8.74705e-258 9.82004e-239 7.88751e-258 8.85505e-239 
1.24588e+19 6.23795e-267 7.77176e-248 8.17085e-268 1.01799e-248 8.87384e-268 1.10558e-248 1.04888e-267 1.30678e-248 9.45783e-268 1.17833e-248 
1.38262e+19 5.92089e-278 8.18635e-259 7.75625e-279 1.07240e-259 8.42320e-279 1.16461e-259 9.95579e-279 1.37651e-259 8.97705e-279 1.24119e-259 
1.53437e+19 3.36568e-290 5.16420e-271 4.40929e-291 6.76548e-272 4.78828e-291 7.34698e-272 5.65936e-291 8.68354e-272 5.10291e-291 7.82974e-272 
1.70277e+19 8.40636e-304 1.43141e-284 1.10135e-304 1.87535e-285 1.19598e-304 2.03649e-285 1.41353e-304 2.40692e-285 1.27453e-304 2.17023e-285 
1.88965e+19 6.54207e-319 1.23622e-299 8.57154e-320 1.61968e-300 9.30770e-320 1.75882e-300 1.10004e-319 2.07872e-300 9.91886e-320 1.87429e-300 
2.09705e+19 0.00000e+00 0.00000e+00 0.00000e+00 0.00000e+00 0.00000e+00 0.00000e+00 0.00000e+00 0.00000e+00 0.00000e+00 0.00000e+00 
2.32720e+19 0.00000e+00 0.00000e+00 0.00000e+00 0.00000e+00 0.00000e+00 0.00000e+00 0.00000e+00 0.00000e+00 0.00000e+00 0.00000e+00 
2.58262e+19 0.00000e+00 0.00000e+00 0.00000e+00 0.00000e+00 0.00000e+00 0.00000e+00 0.00000e+00 0.00000e+00 0.00000e+00 0.00000e+00 
2.86607e+19 0.00000e+00 0.00000e+00 0.00000e+00 0.00000e+00 0.00000e+00 0.00000e+00 0.00000e+00 0.00000e+00 0.00000e+00 0.00000e+00 
3.18063e+19 0.00000e+00 0.00000e+00 0.00000e+00 0.00000e+00 0.00000e+00 0.00000e+00 0.00000e+00 0.00000e+00 0.00000e+00 0.00000e+00 
3.52971e+19 0.00000e+00 0.00000e+00 0.00000e+00 0.00000e+00 0.00000e+00 0.00000e+00 0.00000e+00 0.00000e+00 0.00000e+00 0.00000e+00 
3.91710e+19 0.00000e+00 0.00000e+00 0.00000e+00 0.00000e+00 0.00000e+00 0.00000e+00 0.00000e+00 0.00000e+00 0.00000e+00 0.00000e+00 
4.34701e+19 0.00000e+00 0.00000e+00 0.00000e+00 0.00000e+00 0.00000e+00 0.00000e+00 0.00000e+00 0.00000e+00 0.00000e+00 0.00000e+00 
4.82411e+19 0.00000e+00 0.00000e+00 0.00000e+00 0.00000e+00 0.00000e+00 0.00000e+00 0.00000e+00 0.00000e+00 0.00000e+00 0.00000e+00 
5.35357e+19 0.00000e+00 0.00000e+00 0.00000e+00 0.00000e+00 0.00000e+00 0.00000e+00 0.00000e+00 0.00000e+00 0.00000e+00 0.00000e+00 
5.94113e+19 0.00000e+00 0.00000e+00 0.00000e+00 0.00000e+00 0.00000e+00 0.00000e+00 0.00000e+00 0.00000e+00 0.00000e+00 0.00000e+00 
6.59319e+19 0.00000e+00 0.00000e+00 0.00000e+00 0.00000e+00 0.00000e+00 0.00000e+00 0.00000e+00 0.00000e+00 0.00000e+00 0.00000e+00 
7.31681e+19 0.00000e+00 0.00000e+00 0.00000e+00 0.00000e+00 0.00000e+00 0.00000e+00 0.00000e+00 0.00000e+00 0.00000e+00 0.00000e+00 
8.11984e+19 0.00000e+00 0.00000e+00 0.00000e+00 0.00000e+00 0.00000e+00 0.00000e+00 0.00000e+00 0.00000e+00 0.00000e+00 0.00000e+00 
9.01102e+19 0.00000e+00 0.00000e+00 0.00000e+00 0.00000e+00 0.00000e+00 0.00000e+00 0.00000e+00 0.00000e+00 0.00000e+00 0.00000e+00 
1.00000e+20 0.00000e+00 0.00000e+00 0.00000e+00 0.00000e+00 0.00000e+00 0.00000e+00 0.00000e+00 0.00000e+00 0.00000e+00 0.00000e+00 
