1.00000e+11 3.28622e+20 3.28622e+31 2.98450e+19 2.98450e+30 5.57931e+19 5.57931e+30 8.40486e+19 8.40486e+30 9.59708e+19 9.59708e+30 
1.10975e+11 4.04711e+20 4.49129e+31 3.67555e+19 4.07895e+30 6.87115e+19 7.62527e+30 1.03509e+20 1.14870e+31 1.18192e+20 1.31164e+31 
1.23155e+11 4.98417e+20 6.13826e+31 4.52661e+19 5.57475e+30 8.46209e+19 1.04215e+31 1.27475e+20 1.56992e+31 1.45558e+20 1.79261e+31 
1.36672e+11 6.13819e+20 8.38917e+31 5.57473e+19 7.61907e+30 1.04214e+20 1.42431e+31 1.56991e+20 2.14562e+31 1.79259e+20 2.44997e+31 
1.51672e+11 7.55940e+20 1.14655e+32 6.86553e+19 1.04131e+31 1.28343e+20 1.94660e+31 1.93339e+20 2.93241e+31 2.20764e+20 3.34836e+31 
1.68318e+11 9.30965e+20 1.56698e+32 8.45521e+19 1.42316e+31 1.58059e+20 2.66042e+31 2.38104e+20 4.00772e+31 2.71878e+20 4.57620e+31 
1.86791e+11 1.14651e+21 2.14159e+32 1.04130e+20 1.94505e+31 1.94655e+20 3.63600e+31 2.93232e+20 5.47733e+31 3.34826e+20 6.25426e+31 
2.07292e+11 1.41196e+21 2.92689e+32 1.28240e+20 2.65832e+31 2.39724e+20 4.96930e+31 3.61124e+20 7.48582e+31 4.12347e+20 8.54764e+31 
2.30043e+11 1.73887e+21 4.00015e+32 1.57933e+20 3.63314e+31 2.95228e+20 6.79151e+31 4.44734e+20 1.02308e+32 5.07816e+20 1.16820e+32 
2.55291e+11 2.14146e+21 5.46695e+32 1.94501e+20 4.96544e+31 3.63582e+20 9.28190e+31 5.47701e+20 1.39823e+32 6.25387e+20 1.59656e+32 
2.83310e+11 2.63726e+21 7.47160e+32 2.39536e+20 6.78629e+31 4.47760e+20 1.26855e+32 6.74505e+20 1.91094e+32 7.70177e+20 2.18199e+32 
3.14404e+11 3.24783e+21 1.02113e+33 2.94998e+20 9.27484e+31 5.51427e+20 1.73370e+32 8.30665e+20 2.61164e+32 9.48486e+20 2.98207e+32 
3.48910e+11 3.99975e+21 1.39555e+33 3.63301e+20 1.26760e+32 6.79093e+20 2.36942e+32 1.02298e+21 3.56927e+32 1.16807e+21 4.07552e+32 
3.87204e+11 4.92573e+21 1.90726e+33 4.47419e+20 1.73242e+32 8.36314e+20 3.23824e+32 1.25980e+21 4.87801e+32 1.43849e+21 5.56989e+32 
4.29700e+11 6.06607e+21 2.60659e+33 5.51012e+20 2.36770e+32 1.02993e+21 4.42562e+32 1.55146e+21 6.66662e+32 1.77151e+21 7.61217e+32 
4.76861e+11 7.47037e+21 3.56233e+33 6.78590e+20 3.23593e+32 1.26837e+21 6.04836e+32 1.91062e+21 9.11101e+32 2.18161e+21 1.04032e+33 
5.29198e+11 9.19973e+21 4.86848e+33 8.35705e+20 4.42253e+32 1.56200e+21 8.26608e+32 2.35292e+21 1.24516e+33 2.68663e+21 1.42176e+33 
5.87279e+11 1.13294e+22 6.65350e+33 1.02920e+21 6.04425e+32 1.92360e+21 1.12969e+33 2.89760e+21 1.70170e+33 3.30855e+21 1.94304e+33 
6.51734e+11 1.39519e+22 9.09295e+33 1.26748e+21 8.26061e+32 2.36890e+21 1.54390e+33 3.56834e+21 2.32561e+33 4.07442e+21 2.65544e+33 
7.23263e+11 1.71815e+22 1.24267e+34 1.56094e+21 1.12897e+33 2.91727e+21 2.10996e+33 4.39432e+21 3.17825e+33 5.01753e+21 3.62899e+33 
8.02643e+11 2.11584e+22 1.69827e+34 1.92233e+21 1.54294e+33 3.59256e+21 2.88355e+33 5.41146e+21 4.34347e+33 6.17890e+21 4.95945e+33 
8.90735e+11 2.60557e+22 2.32088e+34 2.36738e+21 2.10871e+33 4.42414e+21 3.94074e+33 6.66398e+21 5.93585e+33 7.60903e+21 6.77763e+33 
9.88496e+11 3.20863e+22 3.17172e+34 2.91547e+21 2.88193e+33 5.44817e+21 5.38549e+33 8.20635e+21 8.11194e+33 9.37008e+21 9.26229e+33 
1.09699e+12 3.95122e+22 4.33444e+34 3.59043e+21 3.93865e+33 6.70917e+21 7.35986e+33 1.01056e+22 1.10857e+34 1.15386e+22 1.26577e+34 
1.21738e+12 4.86564e+22 5.92334e+34 4.42164e+21 5.38283e+33 8.26196e+21 1.00580e+34 1.24443e+22 1.51494e+34 1.42089e+22 1.72976e+34 
1.35099e+12 5.99160e+22 8.09461e+34 5.44526e+21 7.35651e+33 1.01740e+22 1.37451e+34 1.53240e+22 2.07026e+34 1.74968e+22 2.36381e+34 
1.49927e+12 7.37803e+22 1.10616e+35 6.70582e+21 1.00538e+34 1.25285e+22 1.87836e+34 1.88699e+22 2.82910e+34 2.15454e+22 3.23023e+34 
1.66382e+12 9.08514e+22 1.51160e+35 8.25815e+21 1.37401e+34 1.54276e+22 2.56688e+34 2.32359e+22 3.86603e+34 2.65303e+22 4.41416e+34 
1.84642e+12 1.11871e+23 2.06561e+35 1.01698e+22 1.87778e+34 1.89974e+22 3.50773e+34 2.86117e+22 5.28294e+34 3.26681e+22 6.03191e+34 
2.04907e+12 1.37751e+23 2.82262e+35 1.25239e+22 2.56623e+34 2.33928e+22 4.79337e+34 3.52307e+22 7.21903e+34 4.02251e+22 8.24242e+34 
2.27397e+12 1.69615e+23 3.85698e+35 1.54227e+22 3.50708e+34 2.88048e+22 6.55011e+34 4.33800e+22 9.86446e+34 4.95292e+22 1.12628e+35 
2.52354e+12 2.08845e+23 5.27028e+35 1.89925e+22 4.79283e+34 3.54681e+22 8.95052e+34 5.34132e+22 1.34790e+35 6.09841e+22 1.53896e+35 
2.80050e+12 2.57143e+23 7.20129e+35 2.33883e+22 6.54991e+34 4.36720e+22 1.22304e+35 6.57655e+22 1.84177e+35 7.50864e+22 2.10280e+35 
3.10787e+12 3.16601e+23 9.83955e+35 2.88013e+22 8.95106e+34 5.37723e+22 1.67117e+35 8.09722e+22 2.51651e+35 9.24473e+22 2.87314e+35 
3.44896e+12 3.89798e+23 1.34440e+36 3.54667e+22 1.22323e+35 6.62070e+22 2.28346e+35 9.96922e+22 3.43835e+35 1.13819e+23 3.92557e+35 
3.82749e+12 4.79901e+23 1.83682e+36 4.36742e+22 1.67163e+35 8.15149e+22 3.11998e+35 1.22736e+23 4.69772e+35 1.40126e+23 5.36332e+35 
4.24757e+12 5.90812e+23 2.50952e+36 5.37803e+22 2.28436e+35 1.00359e+23 4.26283e+35 1.51101e+23 6.41814e+35 1.72507e+23 7.32737e+35 
4.71375e+12 7.27327e+23 3.42844e+36 6.62241e+22 3.12164e+35 1.23556e+23 5.82411e+35 1.86015e+23 8.76828e+35 2.12363e+23 1.00103e+36 
5.23110e+12 8.95347e+23 4.68365e+36 8.15459e+22 4.26575e+35 1.52108e+23 7.95693e+35 2.28985e+23 1.19784e+36 2.61414e+23 1.36749e+36 
5.80523e+12 1.10213e+24 6.39810e+36 1.00411e+23 5.82908e+35 1.87251e+23 1.08703e+36 2.81868e+23 1.63631e+36 3.21780e+23 1.86800e+36 
6.44236e+12 1.35659e+24 8.73966e+36 1.23638e+23 7.96521e+35 2.30503e+23 1.48498e+36 3.46945e+23 2.23515e+36 3.96062e+23 2.55157e+36 
7.14943e+12 1.66971e+24 1.19375e+37 1.52235e+23 1.08839e+36 2.83731e+23 2.02851e+36 4.27022e+23 3.05296e+36 4.87461e+23 3.48507e+36 
7.93410e+12 2.05496e+24 1.63043e+37 1.87442e+23 1.48718e+36 3.49230e+23 2.77083e+36 5.25545e+23 4.16973e+36 5.99912e+23 4.75976e+36 
8.80488e+12 2.52892e+24 2.22668e+37 2.30785e+23 2.03203e+36 4.29824e+23 3.78455e+36 6.46753e+23 5.69458e+36 7.38245e+23 6.50016e+36 
9.77124e+12 3.11194e+24 3.04075e+37 2.84142e+23 2.77642e+36 5.28980e+23 5.16879e+36 7.95850e+23 7.77644e+36 9.08400e+23 8.87619e+36 
1.08437e+13 3.82902e+24 4.15206e+37 3.49825e+23 3.79338e+36 6.50960e+23 7.05878e+36 9.79229e+23 1.06184e+37 1.11767e+24 1.21196e+37 
1.20338e+13 4.71087e+24 5.66896e+37 4.30676e+23 5.18266e+36 8.00999e+23 9.63905e+36 1.20474e+24 1.44976e+37 1.37500e+24 1.65464e+37 
1.33545e+13 5.79517e+24 7.73917e+37 5.30193e+23 7.08048e+36 9.85529e+23 1.31613e+37 1.48202e+24 1.97917e+37 1.69137e+24 2.25875e+37 
1.48202e+13 7.12817e+24 1.05641e+38 6.52678e+23 9.67283e+36 1.21244e+24 1.79686e+37 1.82289e+24 2.70156e+37 2.08028e+24 3.08302e+37 
1.64468e+13 8.76659e+24 1.44182e+38 8.03422e+23 1.32137e+37 1.49143e+24 2.45292e+37 2.24185e+24 3.68713e+37 2.55824e+24 4.20747e+37 
1.82518e+13 1.07800e+25 1.96754e+38 9.88929e+23 1.80498e+37 1.83437e+24 3.34806e+37 2.75669e+24 5.03146e+37 3.14551e+24 5.74113e+37 
2.02550e+13 1.32535e+25 2.68450e+38 1.21720e+24 2.46544e+37 2.25585e+24 4.56923e+37 3.38918e+24 6.86479e+37 3.86690e+24 7.83242e+37 
2.24781e+13 1.62916e+25 3.66203e+38 1.49806e+24 3.36735e+37 2.77373e+24 6.23481e+37 4.16600e+24 9.36435e+37 4.75280e+24 1.06834e+38 
2.49451e+13 2.00219e+25 4.99448e+38 1.84360e+24 4.59887e+37 3.40990e+24 8.50602e+37 5.11980e+24 1.27714e+38 5.84039e+24 1.45689e+38 
2.76829e+13 2.46007e+25 6.81019e+38 2.26865e+24 6.28029e+37 4.19116e+24 1.16023e+38 6.29051e+24 1.74139e+38 7.17510e+24 1.98627e+38 
3.07211e+13 3.02190e+25 9.28361e+38 2.79146e+24 8.57569e+37 5.15030e+24 1.58223e+38 7.72692e+24 2.37380e+38 8.81246e+24 2.70729e+38 
3.40929e+13 3.71098e+25 1.26518e+39 3.43442e+24 1.17089e+38 6.32741e+24 2.15720e+38 9.48863e+24 3.23494e+38 1.08202e+25 3.68892e+38 
3.78346e+13 4.55576e+25 1.72365e+39 4.22500e+24 1.59851e+38 7.77149e+24 2.94031e+38 1.16483e+25 4.40709e+38 1.32810e+25 5.02482e+38 
4.19871e+13 5.59090e+25 2.34745e+39 5.19694e+24 2.18204e+38 9.54232e+24 4.00654e+38 1.42945e+25 6.00183e+38 1.62954e+25 6.84197e+38 
4.65953e+13 6.85858e+25 3.19577e+39 6.39161e+24 2.97819e+38 1.17128e+25 5.45761e+38 1.75349e+25 8.17045e+38 1.99859e+25 9.31246e+38 
5.17092e+13 8.41008e+25 4.34879e+39 7.85974e+24 4.06421e+38 1.43718e+25 7.43152e+38 2.15007e+25 1.11178e+39 2.45009e+25 1.26692e+39 
5.73844e+13 1.03076e+26 5.91498e+39 9.66349e+24 5.54533e+38 1.76272e+25 1.01153e+39 2.63506e+25 1.51212e+39 3.00208e+25 1.72273e+39 
6.36825e+13 1.26267e+26 8.04099e+39 1.18790e+25 7.56484e+38 2.16104e+25 1.37621e+39 3.22774e+25 2.05550e+39 3.67638e+25 2.34121e+39 
7.06718e+13 1.54584e+26 1.09247e+40 1.45995e+25 1.03177e+39 2.64806e+25 1.87143e+39 3.95137e+25 2.79251e+39 4.49933e+25 3.17976e+39 
7.84282e+13 1.89129e+26 1.48330e+40 1.79389e+25 1.40691e+39 3.24306e+25 2.54347e+39 4.83407e+25 3.79127e+39 5.50271e+25 4.31568e+39 
8.70359e+13 2.31227e+26 2.01250e+40 2.20366e+25 1.91798e+39 3.96932e+25 3.45474e+39 5.90963e+25 5.14350e+39 6.72470e+25 5.85290e+39 
9.65883e+13 2.82469e+26 2.72832e+40 2.70628e+25 2.61395e+39 4.85497e+25 4.68933e+39 7.21868e+25 6.97240e+39 8.21109e+25 7.93096e+39 
1.07189e+14 3.44761e+26 3.69547e+40 3.32250e+25 3.56136e+39 5.93379e+25 6.36038e+39 8.80980e+25 9.44315e+39 1.00166e+26 1.07367e+40 
1.18953e+14 4.20379e+26 5.00055e+40 4.07764e+25 4.85049e+39 7.24637e+25 8.61980e+39 1.07410e+26 1.27767e+40 1.22064e+26 1.45199e+40 
1.32009e+14 5.12024e+26 6.75918e+40 5.00248e+25 6.60371e+39 8.84122e+25 1.16712e+40 1.30811e+26 1.72682e+40 1.48577e+26 1.96135e+40 
1.46497e+14 6.22900e+26 9.12531e+40 6.13447e+25 8.98683e+39 1.07762e+26 1.57869e+40 1.59116e+26 2.33101e+40 1.80617e+26 2.64599e+40 
1.62576e+14 7.56778e+26 1.23034e+41 7.51907e+25 1.22242e+40 1.31202e+26 2.13302e+40 1.93287e+26 3.14237e+40 2.19256e+26 3.56457e+40 
1.80419e+14 9.18080e+26 1.65639e+41 9.21134e+25 1.66190e+40 1.59544e+26 2.87846e+40 2.34446e+26 4.22984e+40 2.65744e+26 4.79452e+40 
2.00220e+14 1.11196e+27 2.22636e+41 1.12779e+26 2.25806e+40 1.93746e+26 3.87919e+40 2.83903e+26 5.68431e+40 3.21530e+26 6.43767e+40 
2.22195e+14 1.34437e+27 2.98711e+41 1.37992e+26 3.06610e+40 2.34932e+26 5.22006e+40 3.43171e+26 7.62507e+40 3.88283e+26 8.62744e+40 
2.46581e+14 1.62216e+27 3.99994e+41 1.68719e+26 4.16030e+40 2.84409e+26 7.01300e+40 4.13984e+26 1.02081e+41 4.67906e+26 1.15377e+41 
2.73644e+14 1.95313e+27 5.34462e+41 2.06125e+26 5.64048e+40 3.43693e+26 9.40496e+40 4.98317e+26 1.36361e+41 5.62549e+26 1.53938e+41 
3.03677e+14 2.34606e+27 7.12445e+41 2.51599e+26 7.64049e+40 4.14526e+26 1.25882e+41 5.98390e+26 1.81717e+41 6.74613e+26 2.04865e+41 
3.37006e+14 2.81077e+27 9.47248e+41 3.06803e+26 1.03395e+41 4.98898e+26 1.68132e+41 7.16674e+26 2.41524e+41 8.06748e+26 2.71879e+41 
3.73994e+14 3.35807e+27 1.25590e+42 3.73710e+26 1.39765e+41 5.99064e+26 2.24046e+41 8.55890e+26 3.20098e+41 9.61832e+26 3.59719e+41 
4.15040e+14 3.99973e+27 1.66005e+42 4.54653e+26 1.88699e+41 7.17558e+26 2.97816e+41 1.01899e+27 4.22921e+41 1.14294e+27 4.74368e+41 
4.60592e+14 4.74841e+27 2.18708e+42 5.52380e+26 2.54422e+41 8.57205e+26 3.94822e+41 1.20912e+27 5.56910e+41 1.35332e+27 6.23328e+41 
5.11143e+14 5.61748e+27 2.87134e+42 6.70106e+26 3.42520e+41 1.02113e+27 5.21942e+41 1.42960e+27 7.30732e+41 1.59629e+27 8.15931e+41 
5.67243e+14 6.62093e+27 3.75567e+42 8.11568e+26 4.60356e+41 1.21274e+27 6.87919e+41 1.68388e+27 9.55170e+41 1.87520e+27 1.06369e+42 
6.29499e+14 7.77316e+27 4.89320e+42 9.81073e+26 6.17584e+41 1.43578e+27 9.03825e+41 1.97547e+27 1.24356e+42 2.19338e+27 1.38073e+42 
6.98588e+14 9.08887e+27 6.34938e+42 1.18355e+27 8.26811e+41 1.69429e+27 1.18361e+42 2.30792e+27 1.61229e+42 2.55401e+27 1.78420e+42 
7.75260e+14 1.05830e+28 8.20454e+42 1.42455e+27 1.10440e+42 1.99260e+27 1.54478e+42 2.68478e+27 2.08140e+42 2.96014e+27 2.29487e+42 
8.60346e+14 1.22705e+28 1.05569e+43 1.71030e+27 1.47145e+42 2.33540e+27 2.00925e+42 3.10958e+27 2.67532e+42 3.41460e+27 2.93774e+42 
9.54772e+14 1.41667e+28 1.35259e+43 2.04763e+27 1.95502e+42 2.72768e+27 2.60431e+42 3.58583e+27 3.42365e+42 3.92002e+27 3.74272e+42 
1.05956e+15 1.62868e+28 1.72568e+43 2.44390e+27 2.58946e+42 3.17475e+27 3.36383e+42 4.11702e+27 4.36223e+42 4.47877e+27 4.74553e+42 
1.17585e+15 1.86458e+28 2.19246e+43 2.90686e+27 3.41803e+42 3.68212e+27 4.32962e+42 4.70646e+27 5.53409e+42 5.09287e+27 5.98845e+42 
1.30490e+15 2.12573e+28 2.77387e+43 3.44444e+27 4.49466e+42 4.25539e+27 5.55287e+42 5.35713e+27 6.99053e+42 5.76366e+27 7.52101e+42 
1.44812e+15 2.41319e+28 3.49459e+43 4.06440e+27 5.88574e+42 4.89985e+27 7.09556e+42 6.07117e+27 8.79177e+42 6.49129e+27 9.40015e+42 
1.60705e+15 2.72737e+28 4.38303e+43 4.77388e+27 7.67187e+42 5.62001e+27 9.03165e+42 6.84915e+27 1.10069e+43 7.27378e+27 1.16894e+43 
1.78343e+15 3.06762e+28 5.47089e+43 5.57879e+27 9.94939e+42 6.41885e+27 1.14476e+43 7.68900e+27 1.37128e+43 8.10581e+27 1.44562e+43 
1.97917e+15 3.43170e+28 6.79191e+43 6.48312e+27 1.28312e+43 7.29696e+27 1.44419e+43 8.58479e+27 1.69907e+43 8.97718e+27 1.77673e+43 
2.19639e+15 3.81524e+28 8.37974e+43 7.48801e+27 1.64466e+43 8.25150e+27 1.81235e+43 9.52542e+27 2.09215e+43 9.87135e+27 2.16813e+43 
2.43744e+15 4.21132e+28 1.02649e+44 8.59079e+27 2.09396e+43 9.27534e+27 2.26081e+43 1.04936e+28 2.55776e+43 1.07643e+28 2.62374e+43 
2.70496e+15 4.61022e+28 1.24705e+44 9.78390e+27 2.64651e+43 1.03563e+28 2.80134e+43 1.14655e+28 3.10138e+43 1.16242e+28 3.14430e+43 
3.00184e+15 4.99960e+28 1.50080e+44 1.10539e+28 3.31821e+43 1.14769e+28 3.44518e+43 1.24110e+28 3.72557e+43 1.24120e+28 3.72587e+43 
3.33129e+15 5.36494e+28 1.78722e+44 1.23809e+28 4.12445e+43 1.26143e+28 4.20219e+43 1.32948e+28 4.42890e+43 1.30834e+28 4.35846e+43 
3.69691e+15 5.69050e+28 2.10373e+44 1.37379e+28 5.07879e+43 1.37411e+28 5.07996e+43 1.40792e+28 5.20495e+43 1.35919e+28 5.02480e+43 
4.10266e+15 5.96063e+28 2.44544e+44 1.50916e+28 6.19159e+43 1.48266e+28 6.08286e+43 1.47264e+28 6.04175e+43 1.38931e+28 5.69987e+43 
4.55294e+15 6.16141e+28 2.80525e+44 1.64037e+28 7.46851e+43 1.58388e+28 7.21130e+43 1.52031e+28 6.92187e+43 1.39500e+28 6.35135e+43 
5.05263e+15 6.28242e+28 3.17427e+44 1.76333e+28 8.90944e+43 1.67466e+28 8.46143e+43 1.54840e+28 7.82351e+43 1.37383e+28 6.94147e+43 
5.60717e+15 6.31857e+28 3.54293e+44 1.87402e+28 1.05079e+44 1.75230e+28 9.82542e+43 1.55563e+28 8.72270e+43 1.32519e+28 7.43059e+43 
6.22257e+15 6.27136e+28 3.90240e+44 1.96892e+28 1.22517e+44 1.81475e+28 1.12924e+44 1.54224e+28 9.59671e+43 1.25068e+28 7.78243e+43 
6.90551e+15 6.14929e+28 4.24640e+44 2.04531e+28 1.41239e+44 1.86084e+28 1.28500e+44 1.51010e+28 1.04280e+44 1.15419e+28 7.97028e+43 
7.66341e+15 5.96700e+28 4.57276e+44 2.10150e+28 1.61046e+44 1.89024e+28 1.44857e+44 1.46253e+28 1.12080e+44 1.04170e+28 7.98301e+43 
8.50449e+15 5.74293e+28 4.88407e+44 2.13675e+28 1.81720e+44 1.90333e+28 1.61868e+44 1.40379e+28 1.19386e+44 9.20581e+27 7.82907e+43 
9.43788e+15 5.49579e+28 5.18686e+44 2.15100e+28 2.03009e+44 1.90076e+28 1.79391e+44 1.33834e+28 1.26311e+44 7.98556e+27 7.53667e+43 
1.04737e+16 5.24057e+28 5.48882e+44 2.14428e+28 2.24585e+44 1.88292e+28 1.97211e+44 1.26992e+28 1.33008e+44 6.82567e+27 7.14901e+43 
1.16232e+16 4.98529e+28 5.79451e+44 2.11617e+28 2.45967e+44 1.84946e+28 2.14967e+44 1.20083e+28 1.39575e+44 5.77728e+27 6.71506e+43 
1.28989e+16 4.72941e+28 6.10041e+44 2.06552e+28 2.66429e+44 1.79908e+28 2.32061e+44 1.13153e+28 1.45956e+44 4.86715e+27 6.27809e+43 
1.43146e+16 4.46485e+28 6.39124e+44 1.99049e+28 2.84931e+44 1.72975e+28 2.47607e+44 1.06085e+28 1.51857e+44 4.09744e+27 5.86531e+43 
1.58857e+16 4.17933e+28 6.63913e+44 1.88932e+28 3.00131e+44 1.63941e+28 2.60431e+44 9.86584e+27 1.56725e+44 3.45126e+27 5.48255e+43 
1.76291e+16 3.86114e+28 6.80685e+44 1.76128e+28 3.10499e+44 1.52693e+28 2.69185e+44 9.06503e+27 1.59809e+44 2.90187e+27 5.11576e+43 
1.95640e+16 3.50381e+28 6.85485e+44 1.60778e+28 3.14547e+44 1.39313e+28 2.72553e+44 8.19354e+27 1.60298e+44 2.42237e+27 4.73912e+43 
2.17112e+16 3.10919e+28 6.75042e+44 1.43303e+28 3.11128e+44 1.24136e+28 2.69515e+44 7.25496e+27 1.57514e+44 1.99278e+27 4.32656e+43 
2.40940e+16 2.68792e+28 6.47628e+44 1.24398e+28 2.99725e+44 1.07744e+28 2.59599e+44 6.27052e+27 1.51082e+44 1.60307e+27 3.86245e+43 
2.67384e+16 2.25744e+28 6.03604e+44 1.04956e+28 2.80635e+44 9.08985e+27 2.43048e+44 5.27534e+27 1.41054e+44 1.25203e+27 3.34773e+43 
2.96730e+16 1.83829e+28 5.45476e+44 8.59352e+27 2.54996e+44 7.44233e+27 2.20837e+44 4.31113e+27 1.27924e+44 9.43645e+26 2.80008e+43 
3.29297e+16 1.44995e+28 4.77464e+44 6.82176e+27 2.24639e+44 5.90785e+27 1.94544e+44 3.41797e+27 1.12553e+44 6.82895e+26 2.24875e+43 
3.65438e+16 1.10747e+28 4.04713e+44 5.24841e+27 1.91797e+44 4.54527e+27 1.66101e+44 2.62748e+27 9.60181e+43 4.72529e+26 1.72680e+43 
4.05546e+16 8.19569e+27 3.32373e+44 3.91453e+27 1.58752e+44 3.39008e+27 1.37483e+44 1.95866e+27 7.94326e+43 3.11504e+26 1.26329e+43 
4.50056e+16 5.88351e+27 2.64791e+44 2.83283e+27 1.27493e+44 2.45331e+27 1.10412e+44 1.41696e+27 6.37711e+43 1.95034e+26 8.77762e+42 
4.99451e+16 4.10409e+27 2.04979e+44 1.99164e+27 9.94726e+43 1.72481e+27 8.61458e+43 9.96008e+26 4.97457e+43 1.15690e+26 5.77814e+42 
5.54266e+16 2.78649e+27 1.54446e+44 1.36210e+27 7.54965e+43 1.17961e+27 6.53819e+43 6.81104e+26 3.77513e+43 6.49286e+25 3.59878e+42 
6.15099e+16 1.84304e+27 1.13365e+44 9.06649e+26 5.57679e+43 7.85181e+26 4.82964e+43 4.53337e+26 2.78847e+43 3.44998e+25 2.12208e+42 
6.82607e+16 1.18631e+27 8.09782e+43 5.86612e+26 4.00426e+43 5.08021e+26 3.46779e+43 2.93306e+26 2.00213e+43 1.74230e+25 1.18931e+42 
7.57525e+16 7.40175e+26 5.60701e+43 3.67445e+26 2.78349e+43 3.18217e+26 2.41057e+43 1.83721e+26 1.39173e+43 8.43150e+24 6.38707e+41 
8.40665e+16 4.44403e+26 3.73594e+43 2.21222e+26 1.85974e+43 1.91584e+26 1.61058e+43 1.10610e+26 9.29859e+42 3.95676e+24 3.32631e+41 
9.32930e+16 2.54130e+26 2.37085e+43 1.26730e+26 1.18230e+43 1.09752e+26 1.02391e+43 6.33644e+25 5.91146e+42 1.82180e+24 1.69961e+41 
1.03532e+17 1.36718e+26 1.41547e+43 6.82513e+25 7.06620e+42 5.91073e+25 6.11951e+42 3.41253e+25 3.53307e+42 8.26369e+23 8.55558e+40 
1.14895e+17 6.82851e+25 7.84563e+42 3.41089e+25 3.91895e+42 2.95392e+25 3.39391e+42 1.70544e+25 1.95946e+42 3.65913e+23 4.20417e+40 
1.27505e+17 3.12396e+25 3.98320e+42 1.56092e+25 1.99025e+42 1.35179e+25 1.72361e+42 7.80454e+24 9.95119e+41 1.54863e+23 1.97458e+40 
1.41499e+17 1.29156e+25 1.82755e+42 6.45439e+24 9.13291e+41 5.58967e+24 7.90933e+41 3.22718e+24 4.56644e+41 6.10248e+22 8.63496e+39 
1.57029e+17 4.76045e+24 7.47528e+41 2.37914e+24 3.73594e+41 2.06039e+24 3.23542e+41 1.18957e+24 1.86796e+41 2.18323e+22 3.42830e+39 
1.74263e+17 1.54228e+24 2.68762e+41 7.70813e+23 1.34324e+41 6.67543e+23 1.16328e+41 3.85406e+23 6.71621e+40 6.93604e+21 1.20870e+39 
1.93389e+17 4.32597e+23 8.36595e+40 2.16211e+23 4.18129e+40 1.87244e+23 3.62110e+40 1.08105e+23 2.09064e+40 1.91854e+21 3.71026e+38 
2.14614e+17 1.03328e+23 2.21756e+40 5.16437e+22 1.10835e+40 4.47247e+22 9.59856e+39 2.58218e+22 5.54172e+39 4.53379e+20 9.73015e+37 
2.38169e+17 2.06346e+22 4.91451e+39 1.03133e+22 2.45631e+39 8.93160e+21 2.12723e+39 5.15666e+21 1.22815e+39 8.97666e+19 2.13796e+37 
2.64308e+17 3.37558e+21 8.92193e+38 1.68715e+21 4.45927e+38 1.46111e+21 3.86184e+38 8.43574e+20 2.22964e+38 1.45818e+19 3.85409e+36 
2.93317e+17 4.42183e+20 1.29700e+38 2.21009e+20 6.48255e+37 1.91399e+20 5.61406e+37 1.10504e+20 3.24128e+37 1.89902e+18 5.57015e+35 
3.25509e+17 4.52259e+19 1.47214e+37 2.26046e+19 7.35799e+36 1.95761e+19 6.37221e+36 1.13023e+19 3.67899e+36 1.93282e+17 6.29149e+34 
3.61234e+17 3.51190e+18 1.26862e+36 1.75531e+18 6.34077e+35 1.52014e+18 5.49127e+35 8.77653e+17 3.17038e+35 1.49466e+16 5.39921e+33 
4.00881e+17 2.00728e+17 8.04681e+34 1.00328e+17 4.02194e+34 8.68862e+16 3.48310e+34 5.01638e+16 2.01097e+34 8.51230e+14 3.41242e+32 
4.44878e+17 8.16031e+15 3.63034e+33 4.07867e+15 1.81451e+33 3.53224e+15 1.57141e+33 2.03934e+15 9.07257e+32 3.44957e+13 1.53464e+31 
4.93705e+17 2.27191e+14 1.12165e+32 1.13554e+14 5.60623e+31 9.83410e+13 4.85514e+31 5.67772e+13 2.80312e+31 9.57631e+11 4.72787e+29 
5.47890e+17 4.15411e+12 2.27599e+30 2.07631e+12 1.13759e+30 1.79814e+12 9.85181e+29 1.03815e+12 5.68794e+29 1.74633e+10 9.56798e+27 
6.08022e+17 4.76266e+10 2.89580e+28 2.38048e+10 1.44739e+28 2.06156e+10 1.25347e+28 1.19024e+10 7.23693e+27 1.99713e+08 1.21430e+26 
6.74754e+17 3.25260e+08 2.19470e+26 1.62572e+08 1.09696e+26 1.40792e+08 9.49997e+25 8.12860e+07 5.48481e+25 1.36063e+06 9.18094e+23 
7.48810e+17 1.25008e+06 9.36070e+23 6.24817e+05 4.67870e+23 5.41108e+05 4.05187e+23 3.12409e+05 2.33935e+23 5.21722e+03 3.90671e+21 
8.30994e+17 2.53867e+03 2.10962e+21 1.26889e+03 1.05444e+21 1.09889e+03 9.13169e+20 6.34443e+02 5.27219e+20 1.05713e+01 8.78467e+18 
9.22198e+17 2.54034e+00 2.34270e+18 1.26973e+00 1.17094e+18 1.09962e+00 1.01406e+18 6.34864e-01 5.85470e+17 1.05550e-02 9.73382e+15 
1.02341e+18 1.15915e-03 1.18629e+15 5.79373e-04 5.92937e+14 5.01751e-04 5.13498e+14 2.89686e-04 2.96468e+14 4.80589e-06 4.91840e+12 
1.13573e+18 2.21313e-07 2.51352e+11 1.10618e-07 1.25633e+11 9.57981e-08 1.08801e+11 5.53090e-08 6.28163e+10 9.15659e-10 1.03994e+09 
1.26038e+18 1.60719e-11 2.02567e+07 8.03316e-12 1.01249e+07 6.95692e-12 8.76838e+06 4.01658e-12 5.06243e+06 6.63611e-14 8.36404e+04 
1.39871e+18 3.99343e-16 5.58567e+02 1.99603e-16 2.79187e+02 1.72861e-16 2.41783e+02 9.98015e-17 1.39594e+02 1.64568e-18 2.30184e+00 
1.55223e+18 3.01873e-21 4.68576e-03 1.50885e-21 2.34207e-03 1.30670e-21 2.02830e-03 7.54425e-22 1.17104e-03 1.24170e-23 1.92740e-05 
1.72259e+18 6.09349e-27 1.04966e-08 3.04570e-27 5.24649e-09 2.63766e-27 4.54359e-09 1.52285e-27 2.62324e-09 2.50207e-29 4.31002e-11 
1.91164e+18 2.84182e-33 5.43255e-15 1.42043e-33 2.71535e-15 1.23012e-33 2.35156e-15 7.10213e-34 1.35767e-15 1.16500e-35 2.22706e-17 
2.12145e+18 2.60742e-40 5.53152e-22 1.30327e-40 2.76482e-22 1.12866e-40 2.39440e-22 6.51634e-41 1.38241e-22 1.06732e-42 2.26427e-24 
2.35429e+18 3.93738e-48 9.26971e-30 1.96802e-48 4.63329e-30 1.70436e-48 4.01254e-30 9.84011e-49 2.31664e-30 1.60958e-50 3.78942e-32 
2.61268e+18 8.02663e-57 2.09710e-38 4.01196e-57 1.04819e-38 3.47446e-57 9.07763e-39 2.00598e-57 5.24097e-39 3.27740e-59 8.56279e-41 
2.89942e+18 1.77277e-66 5.14001e-48 8.86086e-67 2.56914e-48 7.67373e-67 2.22494e-48 4.43043e-67 1.28457e-48 7.23114e-69 2.09661e-50 
3.21764e+18 3.32280e-77 1.06916e-58 1.66084e-77 5.34399e-59 1.43833e-77 4.62803e-59 8.30421e-78 2.67200e-59 1.35419e-79 4.35730e-61 
3.57079e+18 4.03048e-89 1.43920e-70 2.01456e-89 7.19358e-71 1.74466e-89 6.22982e-71 1.00728e-89 3.59679e-71 1.64138e-91 5.86102e-73 
3.96269e+18 2.34174e-102 9.27957e-84 1.17047e-102 4.63823e-84 1.01366e-102 4.01682e-84 5.85237e-103 2.31911e-84 9.53049e-105 3.77664e-86 
4.39760e+18 4.66689e-117 2.05231e-98 2.33266e-117 1.02581e-98 2.02014e-117 8.88379e-99 1.16633e-117 5.12906e-99 1.89831e-119 8.34802e-101 
4.88025e+18 2.20243e-133 1.07484e-114 1.10084e-133 5.37240e-115 9.53360e-134 4.65264e-115 5.50422e-134 2.68620e-115 8.95433e-136 4.36994e-117 
5.41587e+18 1.63155e-151 8.83629e-133 8.15504e-152 4.41666e-133 7.06247e-152 3.82494e-133 4.07752e-152 2.20833e-133 6.63044e-154 3.59096e-135 
6.01028e+18 1.20228e-171 7.22605e-153 6.00940e-172 3.61182e-153 5.20429e-172 3.12792e-153 3.00470e-172 1.80591e-153 4.88390e-174 2.93536e-155 
6.66992e+18 5.31244e-194 3.54335e-175 2.65533e-194 1.77109e-175 2.29958e-194 1.53380e-175 1.32767e-194 8.85543e-176 2.15714e-196 1.43880e-177 
7.40196e+18 8.02706e-219 5.94160e-200 4.01219e-219 2.96981e-200 3.47466e-219 2.57193e-200 2.00610e-219 1.48490e-200 3.25810e-221 2.41163e-202 
8.21434e+18 2.22410e-246 1.82695e-227 1.11168e-246 9.13170e-228 9.62741e-247 7.90828e-228 5.55839e-247 4.56585e-228 9.02362e-249 7.41231e-230 
9.11589e+18 9.84392e-283 8.97361e-264 4.90941e-283 4.47536e-264 4.25167e-283 3.87578e-264 2.45470e-283 2.23768e-264 1.10382e-284 1.00623e-265 
1.01164e+19 -1.87832e-318 -1.90019e-299 -9.37875e-319 -9.48788e-300 -8.12224e-319 -8.21675e-300 -4.68937e-319 -4.74394e-300 -1.54593e-320 -1.56379e-301 
1.12267e+19 0.00000e+00 0.00000e+00 0.00000e+00 0.00000e+00 0.00000e+00 0.00000e+00 0.00000e+00 0.00000e+00 0.00000e+00 0.00000e+00 
1.24588e+19 0.00000e+00 0.00000e+00 0.00000e+00 0.00000e+00 0.00000e+00 0.00000e+00 0.00000e+00 0.00000e+00 0.00000e+00 0.00000e+00 
1.38262e+19 0.00000e+00 0.00000e+00 0.00000e+00 0.00000e+00 0.00000e+00 0.00000e+00 0.00000e+00 0.00000e+00 0.00000e+00 0.00000e+00 
1.53437e+19 0.00000e+00 0.00000e+00 0.00000e+00 0.00000e+00 0.00000e+00 0.00000e+00 0.00000e+00 0.00000e+00 0.00000e+00 0.00000e+00 
1.70277e+19 0.00000e+00 0.00000e+00 0.00000e+00 0.00000e+00 0.00000e+00 0.00000e+00 0.00000e+00 0.00000e+00 0.00000e+00 0.00000e+00 
1.88965e+19 0.00000e+00 0.00000e+00 0.00000e+00 0.00000e+00 0.00000e+00 0.00000e+00 0.00000e+00 0.00000e+00 0.00000e+00 0.00000e+00 
2.09705e+19 0.00000e+00 0.00000e+00 0.00000e+00 0.00000e+00 0.00000e+00 0.00000e+00 0.00000e+00 0.00000e+00 0.00000e+00 0.00000e+00 
2.32720e+19 0.00000e+00 0.00000e+00 0.00000e+00 0.00000e+00 0.00000e+00 0.00000e+00 0.00000e+00 0.00000e+00 0.00000e+00 0.00000e+00 
2.58262e+19 0.00000e+00 0.00000e+00 0.00000e+00 0.00000e+00 0.00000e+00 0.00000e+00 0.00000e+00 0.00000e+00 0.00000e+00 0.00000e+00 
2.86607e+19 0.00000e+00 0.00000e+00 0.00000e+00 0.00000e+00 0.00000e+00 0.00000e+00 0.00000e+00 0.00000e+00 0.00000e+00 0.00000e+00 
3.18063e+19 0.00000e+00 0.00000e+00 0.00000e+00 0.00000e+00 0.00000e+00 0.00000e+00 0.00000e+00 0.00000e+00 0.00000e+00 0.00000e+00 
3.52971e+19 0.00000e+00 0.00000e+00 0.00000e+00 0.00000e+00 0.00000e+00 0.00000e+00 0.00000e+00 0.00000e+00 0.00000e+00 0.00000e+00 
3.91710e+19 0.00000e+00 0.00000e+00 0.00000e+00 0.00000e+00 0.00000e+00 0.00000e+00 0.00000e+00 0.00000e+00 0.00000e+00 0.00000e+00 
4.34701e+19 0.00000e+00 0.00000e+00 0.00000e+00 0.00000e+00 0.00000e+00 0.00000e+00 0.00000e+00 0.00000e+00 0.00000e+00 0.00000e+00 
4.82411e+19 0.00000e+00 0.00000e+00 0.00000e+00 0.00000e+00 0.00000e+00 0.00000e+00 0.00000e+00 0.00000e+00 0.00000e+00 0.00000e+00 
5.35357e+19 0.00000e+00 0.00000e+00 0.00000e+00 0.00000e+00 0.00000e+00 0.00000e+00 0.00000e+00 0.00000e+00 0.00000e+00 0.00000e+00 
5.94113e+19 0.00000e+00 0.00000e+00 0.00000e+00 0.00000e+00 0.00000e+00 0.00000e+00 0.00000e+00 0.00000e+00 0.00000e+00 0.00000e+00 
6.59319e+19 0.00000e+00 0.00000e+00 0.00000e+00 0.00000e+00 0.00000e+00 0.00000e+00 0.00000e+00 0.00000e+00 0.00000e+00 0.00000e+00 
7.31681e+19 0.00000e+00 0.00000e+00 0.00000e+00 0.00000e+00 0.00000e+00 0.00000e+00 0.00000e+00 0.00000e+00 0.00000e+00 0.00000e+00 
8.11984e+19 0.00000e+00 0.00000e+00 0.00000e+00 0.00000e+00 0.00000e+00 0.00000e+00 0.00000e+00 0.00000e+00 0.00000e+00 0.00000e+00 
9.01102e+19 0.00000e+00 0.00000e+00 0.00000e+00 0.00000e+00 0.00000e+00 0.00000e+00 0.00000e+00 0.00000e+00 0.00000e+00 0.00000e+00 
1.00000e+20 0.00000e+00 0.00000e+00 0.00000e+00 0.00000e+00 0.00000e+00 0.00000e+00 0.00000e+00 0.00000e+00 0.00000e+00 0.00000e+00 
