1.00000e+11 7.07398e+20 7.07398e+31 8.65774e+19 8.65774e+30 1.27511e+20 1.27511e+31 1.81711e+20 1.81711e+31 2.05890e+20 2.05890e+31 
1.10975e+11 8.71190e+20 9.66805e+31 1.06624e+20 1.18326e+31 1.57035e+20 1.74270e+31 2.23785e+20 2.48346e+31 2.53562e+20 2.81391e+31 
1.23155e+11 1.07290e+21 1.32134e+32 1.31312e+20 1.61718e+31 1.93395e+20 2.38175e+31 2.75600e+20 3.39415e+31 3.12272e+20 3.84578e+31 
1.36672e+11 1.32132e+21 1.80587e+32 1.61717e+20 2.21021e+31 2.38173e+20 3.25515e+31 3.39412e+20 4.63879e+31 3.84574e+20 5.25604e+31 
1.51672e+11 1.62726e+21 2.46809e+32 1.99161e+20 3.02071e+31 2.93319e+20 4.44882e+31 4.17998e+20 6.33984e+31 4.73617e+20 7.18343e+31 
1.68318e+11 2.00403e+21 3.37314e+32 2.45275e+20 4.12842e+31 3.61234e+20 6.08021e+31 5.14779e+20 8.66466e+31 5.83276e+20 9.81759e+31 
1.86791e+11 2.46802e+21 4.61006e+32 3.02066e+20 5.64234e+31 4.44872e+20 8.30983e+31 6.33968e+20 1.18420e+32 7.18324e+20 1.34177e+32 
2.07292e+11 3.03945e+21 6.30054e+32 3.72007e+20 7.71141e+31 5.47875e+20 1.13570e+32 7.80751e+20 1.61844e+32 8.84638e+20 1.83379e+32 
2.30043e+11 3.74317e+21 8.61091e+32 4.58141e+20 1.05392e+32 6.74726e+20 1.55216e+32 9.61518e+20 2.21191e+32 1.08946e+21 2.50622e+32 
2.55291e+11 4.60982e+21 1.17684e+33 5.64218e+20 1.44040e+32 8.30946e+20 2.12133e+32 1.18414e+21 3.02299e+32 1.34170e+21 3.42522e+32 
2.83310e+11 5.67711e+21 1.60838e+33 6.94855e+20 1.96859e+32 1.02333e+21 2.89920e+32 1.45829e+21 4.13148e+32 1.65233e+21 4.68121e+32 
3.14404e+11 6.99148e+21 2.19815e+33 8.55738e+20 2.69047e+32 1.26026e+21 3.96230e+32 1.79592e+21 5.64643e+32 2.03488e+21 6.39773e+32 
3.48910e+11 8.61014e+21 3.00417e+33 1.05387e+21 3.67706e+32 1.55204e+21 5.41522e+32 2.21171e+21 7.71687e+32 2.50599e+21 8.74365e+32 
3.87204e+11 1.06035e+22 4.10573e+33 1.29787e+21 5.02542e+32 1.91137e+21 7.40089e+32 2.72375e+21 1.05465e+33 3.08616e+21 1.19497e+33 
4.29700e+11 1.30584e+22 5.61118e+33 1.59837e+21 6.86820e+32 2.35388e+21 1.01146e+33 3.35433e+21 1.44136e+33 3.80064e+21 1.63314e+33 
4.76861e+11 1.60815e+22 7.66863e+33 1.96843e+21 9.38669e+32 2.89883e+21 1.38234e+33 4.13088e+21 1.96986e+33 4.68050e+21 2.23195e+33 
5.29198e+11 1.98044e+22 1.04804e+34 2.42417e+21 1.28287e+33 3.56994e+21 1.88920e+33 5.08719e+21 2.69213e+33 5.76404e+21 3.05032e+33 
5.87279e+11 2.43890e+22 1.43232e+34 2.98542e+21 1.75327e+33 4.39639e+21 2.58191e+33 6.26486e+21 3.67922e+33 7.09839e+21 4.16873e+33 
6.51734e+11 3.00349e+22 1.95747e+34 3.67660e+21 2.39616e+33 5.41415e+21 3.52858e+33 7.71511e+21 5.02820e+33 8.74159e+21 5.69719e+33 
7.23263e+11 3.69875e+22 2.67517e+34 4.52778e+21 3.27478e+33 6.66748e+21 4.82235e+33 9.50104e+21 6.87175e+33 1.07651e+22 7.78601e+33 
8.02643e+11 4.55493e+22 3.65598e+34 5.57601e+21 4.47554e+33 8.21092e+21 6.59044e+33 1.17003e+22 9.39118e+33 1.32570e+22 1.06406e+34 
8.90735e+11 5.60925e+22 4.99636e+34 6.86688e+21 6.11658e+33 1.01116e+22 9.00674e+33 1.44086e+22 1.28342e+34 1.63255e+22 1.45417e+34 
9.88496e+11 6.90758e+22 6.82811e+34 8.45657e+21 8.35928e+33 1.24521e+22 1.23089e+34 1.77436e+22 1.75395e+34 2.01042e+22 1.98729e+34 
1.09699e+12 8.50634e+22 9.33133e+34 1.04142e+22 1.14243e+34 1.53343e+22 1.68215e+34 2.18503e+22 2.39695e+34 2.47572e+22 2.71583e+34 
1.21738e+12 1.04750e+23 1.27521e+35 1.28250e+22 1.56129e+34 1.88835e+22 2.29884e+34 2.69073e+22 3.27565e+34 3.04869e+22 3.71142e+34 
1.35099e+12 1.28993e+23 1.74268e+35 1.57938e+22 2.13373e+34 2.32539e+22 3.14159e+34 3.31344e+22 4.47644e+34 3.75423e+22 5.07193e+34 
1.49927e+12 1.58843e+23 2.38149e+35 1.94496e+22 2.91602e+34 2.86356e+22 4.29325e+34 4.08022e+22 6.11734e+34 4.62299e+22 6.93110e+34 
1.66382e+12 1.95600e+23 3.25442e+35 2.39516e+22 3.98510e+34 3.52624e+22 5.86702e+34 5.02437e+22 8.35963e+34 5.69271e+22 9.47163e+34 
1.84642e+12 2.40858e+23 4.44726e+35 2.94953e+22 5.44609e+34 4.34223e+22 8.01759e+34 6.18692e+22 1.14237e+35 7.00987e+22 1.29432e+35 
2.04907e+12 2.96584e+23 6.07722e+35 3.63219e+22 7.44263e+34 5.34696e+22 1.09563e+35 7.61834e+22 1.56105e+35 8.63165e+22 1.76869e+35 
2.27397e+12 3.65197e+23 8.30445e+35 4.47281e+22 1.01710e+35 6.58408e+22 1.49720e+35 9.38078e+22 2.13316e+35 1.06285e+23 2.41687e+35 
2.52354e+12 4.49674e+23 1.13477e+36 5.50792e+22 1.38995e+35 8.10730e+22 2.04591e+35 1.15507e+23 2.91487e+35 1.30869e+23 3.30254e+35 
2.80050e+12 5.53682e+23 1.55059e+36 6.78251e+22 1.89944e+35 9.98274e+22 2.79567e+35 1.42223e+23 3.98297e+35 1.61138e+23 4.51267e+35 
3.10787e+12 6.81731e+23 2.11873e+36 8.35193e+22 2.59567e+35 1.22918e+23 3.82012e+35 1.75115e+23 5.44233e+35 1.98402e+23 6.16606e+35 
3.44896e+12 8.39373e+23 2.89496e+36 1.02844e+23 3.54704e+35 1.51346e+23 5.21985e+35 2.15607e+23 7.43622e+35 2.44277e+23 8.42502e+35 
3.82749e+12 1.03344e+24 3.95548e+36 1.26637e+23 4.84704e+35 1.86343e+23 7.13228e+35 2.65456e+23 1.01603e+36 3.00751e+23 1.15112e+36 
4.24757e+12 1.27233e+24 5.40432e+36 1.55933e+23 6.62337e+35 2.29428e+23 9.74512e+35 3.26819e+23 1.38819e+36 3.70269e+23 1.57274e+36 
4.71375e+12 1.56639e+24 7.38360e+36 1.92002e+23 9.05052e+35 2.82466e+23 1.33147e+36 4.02352e+23 1.89659e+36 4.55840e+23 2.14872e+36 
5.23110e+12 1.92835e+24 1.00874e+37 2.36410e+23 1.23668e+36 3.47753e+23 1.81913e+36 4.95324e+23 2.59109e+36 5.61164e+23 2.93551e+36 
5.80523e+12 2.37384e+24 1.37807e+37 2.91081e+23 1.68979e+36 4.28114e+23 2.48530e+36 6.09753e+23 3.53976e+36 6.90794e+23 4.01021e+36 
6.44236e+12 2.92211e+24 1.88253e+37 3.58386e+23 2.30886e+36 5.27024e+23 3.39528e+36 7.50582e+23 4.83552e+36 8.50326e+23 5.47811e+36 
7.14943e+12 3.59683e+24 2.57153e+37 4.41242e+23 3.15463e+36 6.48756e+23 4.63824e+36 9.23887e+23 6.60526e+36 1.04664e+24 7.48291e+36 
7.93410e+12 4.42708e+24 3.51249e+37 5.43234e+23 4.31007e+36 7.98565e+23 6.33589e+36 1.13714e+24 9.02219e+36 1.28821e+24 1.02208e+37 
8.80488e+12 5.44863e+24 4.79746e+37 6.68779e+23 5.88852e+36 9.82911e+23 8.65442e+36 1.39953e+24 1.23227e+37 1.58542e+24 1.39594e+37 
9.77124e+12 6.70542e+24 6.55203e+37 8.23304e+23 8.04470e+36 1.20974e+24 1.18206e+37 1.72234e+24 1.68294e+37 1.95106e+24 1.90643e+37 
1.08437e+13 8.25145e+24 8.94759e+37 1.01349e+24 1.09899e+37 1.48881e+24 1.61441e+37 2.11943e+24 2.29824e+37 2.40082e+24 2.60337e+37 
1.20338e+13 1.01530e+25 1.22179e+38 1.24755e+24 1.50127e+37 1.83211e+24 2.20472e+37 2.60784e+24 3.13822e+37 2.95400e+24 3.55478e+37 
1.33545e+13 1.24916e+25 1.66820e+38 1.53557e+24 2.05068e+37 2.25438e+24 3.01062e+37 3.20850e+24 4.28479e+37 3.63426e+24 4.85338e+37 
1.48202e+13 1.53672e+25 2.27746e+38 1.88998e+24 2.80100e+37 2.77371e+24 4.11070e+37 3.94706e+24 5.84962e+37 4.47068e+24 6.62564e+37 
1.64468e+13 1.89025e+25 3.10885e+38 2.32604e+24 3.82558e+37 3.41232e+24 5.61217e+37 4.85505e+24 7.98498e+37 5.49890e+24 9.04391e+37 
1.82518e+13 2.32480e+25 4.24319e+38 2.86249e+24 5.22456e+37 4.19748e+24 7.66116e+37 5.97110e+24 1.08984e+38 6.76266e+24 1.23431e+38 
2.02550e+13 2.85882e+25 5.79055e+38 3.52236e+24 7.13455e+37 5.16261e+24 1.04569e+38 7.34261e+24 1.48725e+38 8.31558e+24 1.68432e+38 
2.24781e+13 3.51493e+25 7.90089e+38 4.33396e+24 9.74189e+37 6.34875e+24 1.42707e+38 9.02764e+24 2.02924e+38 1.02233e+25 2.29801e+38 
2.49451e+13 4.32084e+25 1.07784e+39 5.33201e+24 1.33007e+38 7.80615e+24 1.94725e+38 1.10973e+25 2.76823e+38 1.25664e+25 3.13470e+38 
2.76829e+13 5.31043e+25 1.47008e+39 6.55917e+24 1.81577e+38 9.59640e+24 2.65656e+38 1.36387e+25 3.77558e+38 1.54432e+25 4.27511e+38 
3.07211e+13 6.52521e+25 2.00462e+39 8.06774e+24 2.47850e+38 1.17949e+25 3.62352e+38 1.67582e+25 5.14832e+38 1.89740e+25 5.82904e+38 
3.40929e+13 8.01585e+25 2.73283e+39 9.92189e+24 3.38266e+38 1.44939e+25 4.94138e+38 2.05861e+25 7.01840e+38 2.33061e+25 7.94573e+38 
3.78346e+13 9.84429e+25 3.72455e+39 1.22003e+25 4.61593e+38 1.78061e+25 6.73688e+38 2.52813e+25 9.56508e+38 2.86190e+25 1.08279e+39 
4.19871e+13 1.20861e+26 5.07459e+39 1.49993e+25 6.29776e+38 2.18694e+25 9.18231e+38 3.10376e+25 1.30318e+39 3.51317e+25 1.47508e+39 
4.65953e+13 1.48333e+26 6.91160e+39 1.84369e+25 8.59074e+38 2.68518e+25 1.25117e+39 3.80914e+25 1.77488e+39 4.31111e+25 2.00877e+39 
5.17092e+13 1.81980e+26 9.41003e+39 2.26577e+25 1.17161e+39 3.29584e+25 1.70425e+39 4.67304e+25 2.41639e+39 5.28818e+25 2.73448e+39 
5.73844e+13 2.23165e+26 1.28062e+40 2.78381e+25 1.59747e+39 4.04387e+25 2.32055e+39 5.73041e+25 3.28836e+39 6.48384e+25 3.72071e+39 
6.36825e+13 2.73542e+26 1.74198e+40 3.41939e+25 2.17756e+39 4.95965e+25 3.15843e+39 7.02372e+25 4.47288e+39 7.94594e+25 5.06017e+39 
7.06718e+13 3.35117e+26 2.36833e+40 4.19888e+25 2.96742e+39 6.08004e+25 4.29688e+39 8.60437e+25 6.08087e+39 9.73245e+25 6.87810e+39 
7.84282e+13 4.10314e+26 3.21802e+40 5.15439e+25 4.04250e+39 7.44976e+25 5.84271e+39 1.05346e+26 8.26209e+39 1.19134e+26 9.34348e+39 
8.70359e+13 5.02062e+26 4.36974e+40 6.32507e+25 5.50509e+39 9.12292e+25 7.94022e+39 1.28894e+26 1.12184e+40 1.45733e+26 1.26840e+40 
9.65883e+13 6.13885e+26 5.92941e+40 7.75855e+25 7.49385e+39 1.11649e+26 1.07840e+40 1.57593e+26 1.52216e+40 1.78138e+26 1.72060e+40 
1.07189e+14 7.50018e+26 8.03937e+40 9.51269e+25 1.01966e+40 1.36545e+26 1.46361e+40 1.92527e+26 2.06368e+40 2.17568e+26 2.33209e+40 
1.18953e+14 9.15530e+26 1.08905e+41 1.16577e+26 1.38672e+40 1.66863e+26 1.98490e+40 2.34995e+26 2.79534e+40 2.65480e+26 3.15797e+40 
1.32009e+14 1.11647e+27 1.47384e+41 1.42785e+26 1.88489e+40 2.03740e+26 2.68955e+40 2.86547e+26 3.78267e+40 3.23611e+26 4.27195e+40 
1.46497e+14 1.36003e+27 1.99241e+41 1.74778e+26 2.56045e+40 2.48532e+26 3.64092e+40 3.49024e+26 5.11310e+40 3.94022e+26 5.77231e+40 
1.62576e+14 1.65473e+27 2.69018e+41 2.13795e+26 3.47579e+40 3.02852e+26 4.92363e+40 4.24605e+26 6.90303e+40 4.79146e+26 7.78975e+40 
1.80419e+14 2.01057e+27 3.62744e+41 2.61325e+26 4.71479e+40 3.68615e+26 6.65049e+40 5.15851e+26 9.30691e+40 5.81842e+26 1.04975e+41 
2.00220e+14 2.43928e+27 4.88394e+41 3.19153e+26 6.39009e+40 4.48078e+26 8.97141e+40 6.25762e+26 1.25290e+41 7.05444e+26 1.41244e+41 
2.22195e+14 2.95452e+27 6.56478e+41 3.89413e+26 8.65255e+40 5.43891e+26 1.20850e+41 7.57822e+26 1.68384e+41 8.53820e+26 1.89714e+41 
2.46581e+14 3.57200e+27 8.80788e+41 4.74645e+26 1.17039e+41 6.59145e+26 1.62533e+41 9.16049e+26 2.25880e+41 1.03141e+27 2.54327e+41 
2.73644e+14 4.30974e+27 1.17933e+42 5.77861e+26 1.58128e+41 7.97418e+26 2.18209e+41 1.10503e+27 3.02385e+41 1.24328e+27 3.40216e+41 
3.03677e+14 5.18810e+27 1.57551e+42 7.02613e+26 2.13367e+41 9.62823e+26 2.92387e+41 1.32996e+27 4.03879e+41 1.49511e+27 4.54032e+41 
3.37006e+14 6.22985e+27 2.09950e+42 8.53064e+26 2.87488e+41 1.16004e+27 3.90941e+41 1.59663e+27 5.38074e+41 1.79323e+27 6.04330e+41 
3.73994e+14 7.46010e+27 2.79003e+42 1.03407e+27 3.86734e+41 1.39434e+27 5.21473e+41 1.91141e+27 7.14854e+41 2.14453e+27 8.02041e+41 
4.15040e+14 8.90599e+27 3.69634e+42 1.25123e+27 5.19309e+41 1.67157e+27 6.93771e+41 2.28117e+27 9.46780e+41 2.55640e+27 1.06101e+42 
4.60592e+14 1.05963e+28 4.88057e+42 1.51096e+27 6.95936e+41 1.99817e+27 9.20340e+41 2.71320e+27 1.24968e+42 3.03653e+27 1.39860e+42 
5.11143e+14 1.25607e+28 6.42030e+42 1.82054e+27 9.30555e+41 2.38102e+27 1.21704e+42 3.21494e+27 1.64330e+42 3.59273e+27 1.83640e+42 
5.67243e+14 1.48286e+28 8.41143e+42 2.18807e+27 1.24117e+42 2.82740e+27 1.60382e+42 3.79379e+27 2.15200e+42 4.23250e+27 2.40086e+42 
6.29499e+14 1.74281e+28 1.09710e+43 2.62249e+27 1.65085e+42 3.34477e+27 2.10553e+42 4.45667e+27 2.80547e+42 4.96269e+27 3.12401e+42 
6.98588e+14 2.03838e+28 1.42399e+43 3.13339e+27 2.18895e+42 3.94049e+27 2.75278e+42 5.20962e+27 3.63937e+42 5.78884e+27 4.04401e+42 
7.75260e+14 2.37148e+28 1.83851e+43 3.73083e+27 2.89236e+42 4.62153e+27 3.58289e+42 6.05720e+27 4.69590e+42 6.71462e+27 5.20557e+42 
8.60346e+14 2.74324e+28 2.36014e+43 4.42499e+27 3.80703e+42 5.39402e+27 4.64073e+42 7.00187e+27 6.02404e+42 7.74103e+27 6.65996e+42 
9.54772e+14 3.15371e+28 3.01107e+43 5.22563e+27 4.98929e+42 6.26272e+27 5.97947e+42 8.04327e+27 7.67949e+42 8.86560e+27 8.46463e+42 
1.05956e+15 3.60156e+28 3.81607e+43 6.14141e+27 6.50720e+42 7.23044e+27 7.66109e+42 9.17747e+27 9.72408e+42 1.00816e+28 1.06821e+43 
1.17585e+15 4.08380e+28 4.80193e+43 7.17895e+27 8.44137e+42 8.29731e+27 9.75639e+42 1.03962e+28 1.22243e+43 1.13771e+28 1.33778e+43 
1.30490e+15 4.59544e+28 5.99659e+43 8.34169e+27 1.08851e+43 9.45999e+27 1.23444e+43 1.16859e+28 1.52490e+43 1.27344e+28 1.66172e+43 
1.44812e+15 5.12920e+28 7.42769e+43 9.62852e+27 1.39432e+43 1.07108e+28 1.55105e+43 1.30275e+28 1.88654e+43 1.41291e+28 2.04606e+43 
1.60705e+15 5.67524e+28 9.12042e+43 1.10323e+28 1.77294e+43 1.20367e+28 1.93436e+43 1.43951e+28 2.31337e+43 1.55294e+28 2.49566e+43 
1.78343e+15 6.22094e+28 1.10946e+44 1.25382e+28 2.23610e+43 1.34185e+28 2.39309e+43 1.57559e+28 2.80995e+43 1.68962e+28 3.01333e+43 
1.97917e+15 6.75080e+28 1.33610e+44 1.41226e+28 2.79509e+43 1.48299e+28 2.93508e+43 1.70698e+28 3.37839e+43 1.81826e+28 3.59865e+43 
2.19639e+15 7.24667e+28 1.59165e+44 1.57519e+28 3.45972e+43 1.62373e+28 3.56633e+43 1.82901e+28 4.01722e+43 1.93351e+28 4.24674e+43 
2.43744e+15 7.68827e+28 1.87397e+44 1.73827e+28 4.23692e+43 1.76000e+28 4.28990e+43 1.93651e+28 4.72014e+43 2.02953e+28 4.94688e+43 
2.70496e+15 8.05441e+28 2.17869e+44 1.89625e+28 5.12929e+43 1.88716e+28 5.10470e+43 2.02406e+28 5.47499e+43 2.10038e+28 5.68144e+43 
3.00184e+15 8.32475e+28 2.49895e+44 2.04329e+28 6.13362e+43 2.00028e+28 6.00451e+43 2.08646e+28 6.26320e+43 2.14050e+28 6.42544e+43 
3.33129e+15 8.48216e+28 2.82566e+44 2.17333e+28 7.24000e+43 2.09453e+28 6.97750e+43 2.11933e+28 7.06013e+43 2.14546e+28 7.14717e+43 
3.69691e+15 8.51548e+28 3.14810e+44 2.28075e+28 8.43174e+43 2.16574e+28 8.00656e+43 2.11980e+28 7.83672e+43 2.11267e+28 7.81035e+43 
4.10266e+15 8.42210e+28 3.45530e+44 2.36106e+28 9.68662e+43 2.21100e+28 9.07097e+43 2.08711e+28 8.56270e+43 2.04208e+28 8.37795e+43 
4.55294e+15 8.20985e+28 3.73789e+44 2.41163e+28 1.09800e+44 2.22919e+28 1.01493e+44 2.02313e+28 9.21119e+43 1.93667e+28 8.81753e+43 
5.05263e+15 7.89757e+28 3.99035e+44 2.43226e+28 1.22893e+44 2.22140e+28 1.12239e+44 1.93252e+28 9.76429e+43 1.80250e+28 9.10736e+43 
5.60717e+15 7.51387e+28 4.21316e+44 2.42547e+28 1.36000e+44 2.19105e+28 1.22856e+44 1.82240e+28 1.02185e+44 1.64827e+28 9.24215e+43 
6.22257e+15 7.09383e+28 4.41418e+44 2.39627e+28 1.49110e+44 2.14353e+28 1.33383e+44 1.70168e+28 1.05888e+44 1.48434e+28 9.23644e+43 
6.90551e+15 6.67404e+28 4.60877e+44 2.35149e+28 1.62383e+44 2.08558e+28 1.44020e+44 1.57978e+28 1.09092e+44 1.32130e+28 9.12426e+43 
7.66341e+15 6.28694e+28 4.81794e+44 2.29870e+28 1.76159e+44 2.02421e+28 1.55124e+44 1.46532e+28 1.12294e+44 1.16838e+28 8.95378e+43 
8.50449e+15 5.95556e+28 5.06490e+44 2.24495e+28 1.90921e+44 1.96564e+28 1.67168e+44 1.36480e+28 1.16069e+44 1.03213e+28 8.77775e+43 
9.43788e+15 5.69042e+28 5.37055e+44 2.19562e+28 2.07220e+44 1.91430e+28 1.80669e+44 1.28178e+28 1.20973e+44 9.15658e+27 8.64187e+43 
1.04737e+16 5.48923e+28 5.74926e+44 2.15371e+28 2.25573e+44 1.87227e+28 1.96096e+44 1.21671e+28 1.27434e+44 8.18724e+27 8.57507e+43 
1.16232e+16 5.33938e+28 6.20609e+44 2.11957e+28 2.46363e+44 1.83920e+28 2.13775e+44 1.16738e+28 1.35687e+44 7.38609e+27 8.58502e+43 
1.28989e+16 5.22202e+28 6.73583e+44 2.09108e+28 2.69727e+44 1.81259e+28 2.33804e+44 1.12981e+28 1.45733e+44 6.71384e+27 8.66011e+43 
1.43146e+16 5.11615e+28 7.32356e+44 2.06410e+28 2.95468e+44 1.78825e+28 2.55980e+44 1.09920e+28 1.57346e+44 6.13108e+27 8.77639e+43 
1.58857e+16 5.00152e+28 7.94524e+44 2.03297e+28 3.22951e+44 1.76085e+28 2.79723e+44 1.07057e+28 1.70067e+44 5.60587e+27 8.90529e+43 
1.76291e+16 4.85979e+28 8.56739e+44 1.99101e+28 3.50999e+44 1.72435e+28 3.03988e+44 1.03919e+28 1.83200e+44 5.11561e+27 9.01839e+43 
1.95640e+16 4.67482e+28 9.14581e+44 1.93112e+28 3.77804e+44 1.67242e+28 3.27192e+44 1.00068e+28 1.95772e+44 4.64488e+27 9.08723e+43 
2.17112e+16 4.43310e+28 9.62478e+44 1.84656e+28 4.00910e+44 1.59917e+28 3.47199e+44 9.51238e+27 2.06525e+44 4.18224e+27 9.08013e+43 
2.40940e+16 4.12516e+28 9.93918e+44 1.73218e+28 4.17351e+44 1.50011e+28 3.61437e+44 8.88047e+27 2.13966e+44 3.71858e+27 8.95955e+43 
2.67384e+16 3.74805e+28 1.00217e+45 1.58580e+28 4.24018e+44 1.37334e+28 3.67210e+44 8.09848e+27 2.16541e+44 3.24789e+27 8.68434e+43 
2.96730e+16 3.30790e+28 9.81554e+44 1.40952e+28 4.18246e+44 1.22068e+28 3.62212e+44 7.17546e+27 2.12917e+44 2.76963e+27 8.21834e+43 
3.29297e+16 2.82121e+28 9.29016e+44 1.21023e+28 3.98524e+44 1.04809e+28 3.45132e+44 6.14476e+27 2.02345e+44 2.29079e+27 7.54349e+43 
3.65438e+16 2.31368e+28 8.45508e+44 9.99042e+27 3.65088e+44 8.65195e+27 3.16176e+44 5.06118e+27 1.84955e+44 1.82576e+27 6.67203e+43 
4.05546e+16 1.81629e+28 7.36588e+44 7.89520e+27 3.20187e+44 6.83744e+27 2.77290e+44 3.99191e+27 1.61890e+44 1.39362e+27 5.65178e+43 
4.50056e+16 1.35940e+28 6.11806e+44 5.95091e+27 2.67824e+44 5.15364e+27 2.31943e+44 3.00354e+27 1.35176e+44 1.01330e+27 4.56042e+43 
4.99451e+16 9.66865e+27 4.82901e+44 4.26483e+27 2.13007e+44 3.69345e+27 1.84470e+44 2.14904e+27 1.07334e+44 6.98673e+26 3.48953e+43 
5.54266e+16 6.51885e+27 3.61318e+44 2.89928e+27 1.60697e+44 2.51085e+27 1.39168e+44 1.45874e+27 8.08532e+43 4.55274e+26 2.52343e+43 
6.15099e+16 4.15976e+27 2.55867e+44 1.86654e+27 1.14811e+44 1.61647e+27 9.94289e+43 9.37829e+26 5.76857e+43 2.79778e+26 1.72091e+43 
6.82607e+16 2.51007e+27 1.71339e+44 1.13680e+27 7.75986e+43 9.84496e+26 6.72024e+43 5.70460e+26 3.89400e+43 1.62025e+26 1.10599e+43 
7.57525e+16 1.43142e+27 1.08434e+44 6.54346e+26 4.95684e+43 5.66680e+26 4.29275e+43 3.28002e+26 2.48470e+43 8.84709e+25 6.70190e+42 
8.40665e+16 7.70548e+26 6.47773e+43 3.55353e+26 2.98733e+43 3.07744e+26 2.58710e+43 1.77967e+26 1.49611e+43 4.55950e+25 3.83301e+42 
9.32930e+16 3.90354e+26 3.64173e+43 1.81414e+26 1.69246e+43 1.57109e+26 1.46572e+43 9.07930e+25 8.47036e+42 2.21794e+25 2.06919e+42 
1.03532e+17 1.84971e+26 1.91504e+43 8.64980e+25 8.95533e+42 7.49095e+25 7.75554e+42 4.32694e+25 4.47977e+42 1.01533e+25 1.05119e+42 
1.14895e+17 8.11899e+25 9.32832e+42 3.81383e+25 4.38190e+42 3.30287e+25 3.79484e+42 1.90724e+25 2.19133e+42 4.34060e+24 4.98714e+41 
1.27505e+17 3.25793e+25 4.15403e+42 1.53487e+25 1.95703e+42 1.32923e+25 1.69484e+42 7.67441e+24 9.78527e+41 1.71088e+24 2.18146e+41 
1.41499e+17 1.17654e+25 1.66480e+42 5.55205e+24 7.85610e+41 4.80822e+24 6.80358e+41 2.77585e+24 3.92781e+41 6.11383e+23 8.65102e+40 
1.57029e+17 3.75846e+24 5.90187e+41 1.77495e+24 2.78718e+41 1.53715e+24 2.41377e+41 8.87399e+23 1.39347e+41 1.94324e+23 3.05145e+40 
1.74263e+17 1.04299e+24 1.81755e+41 4.92651e+23 8.58509e+40 4.26648e+23 7.43491e+40 2.46306e+23 4.29221e+40 5.38481e+22 9.38375e+39 
1.93389e+17 2.46744e+23 4.77176e+40 1.16534e+23 2.25364e+40 1.00922e+23 1.95171e+40 5.82632e+22 1.12675e+40 1.27477e+22 2.46527e+39 
2.14614e+17 4.87941e+22 1.04719e+40 2.30384e+22 4.94437e+39 1.99519e+22 4.28195e+39 1.15186e+22 2.47206e+39 2.52544e+21 5.41995e+38 
2.38169e+17 7.89881e+21 1.88125e+39 3.72819e+21 8.87938e+38 3.22871e+21 7.68977e+38 1.86403e+21 4.43952e+38 4.09774e+20 9.75953e+37 
2.64308e+17 1.02335e+21 2.70480e+38 4.82842e+20 1.27619e+38 4.18153e+20 1.10521e+38 2.41415e+20 6.38078e+37 5.32243e+19 1.40676e+37 
2.93317e+17 1.03524e+20 3.03654e+37 4.88281e+19 1.43221e+37 4.22864e+19 1.24033e+37 2.44136e+19 7.16091e+36 5.39819e+18 1.58338e+36 
3.25509e+17 7.95833e+18 2.59051e+36 3.75234e+18 1.22142e+36 3.24962e+18 1.05778e+36 1.87615e+18 6.10702e+35 4.16033e+17 1.35423e+35 
3.61234e+17 4.51154e+17 1.62972e+35 2.12650e+17 7.68166e+34 1.84161e+17 6.65251e+34 1.06324e+17 3.84080e+34 2.36428e+16 8.54058e+33 
4.00881e+17 1.82434e+16 7.31344e+33 8.59639e+15 3.44613e+33 7.44470e+15 2.98443e+33 4.29817e+15 1.72305e+33 9.58318e+14 3.84171e+32 
4.44878e+17 5.07159e+14 2.25624e+32 2.38907e+14 1.06284e+32 2.06899e+14 9.20451e+31 1.19453e+14 5.31421e+31 2.67019e+13 1.18791e+31 
4.93705e+17 9.30345e+12 4.59316e+30 4.38134e+12 2.16309e+30 3.79435e+12 1.87329e+30 2.19067e+12 1.08154e+30 4.90926e+11 2.42373e+29 
5.47890e+17 1.07602e+11 5.89542e+28 5.06598e+10 2.77560e+28 4.38727e+10 2.40374e+28 2.53299e+10 1.38780e+28 5.69081e+09 3.11794e+27 
6.08022e+17 7.45810e+08 4.53469e+26 3.51030e+08 2.13434e+26 3.04001e+08 1.84839e+26 1.75515e+08 1.06717e+26 3.95393e+07 2.40408e+25 
6.74754e+17 2.92670e+06 1.97480e+24 1.37704e+06 9.29162e+23 1.19255e+06 8.04678e+23 6.88518e+05 4.64581e+23 1.55606e+05 1.04996e+23 
7.48810e+17 6.09705e+03 4.56554e+21 2.86737e+03 2.14712e+21 2.48321e+03 1.85946e+21 1.43368e+03 1.07356e+21 3.25501e+02 2.43739e+20 
8.30994e+17 6.25650e+00 5.19912e+18 2.93994e+00 2.44308e+18 2.54607e+00 2.11577e+18 1.46997e+00 1.22154e+18 3.36478e-01 2.79611e+17 
9.22198e+17 2.87946e-03 2.65543e+15 1.35058e-03 1.24550e+15 1.16963e-03 1.07863e+15 6.75289e-04 6.22750e+14 1.57456e-04 1.45206e+14 
1.02341e+18 5.14879e-07 5.26933e+11 2.40172e-07 2.45795e+11 2.07995e-07 2.12865e+11 1.20086e-07 1.22898e+11 2.95532e-08 3.02451e+10 
1.13573e+18 2.39703e-11 2.72239e+07 1.08428e-11 1.23146e+07 9.39017e-12 1.06647e+07 5.42142e-12 6.15728e+06 1.73416e-12 1.96954e+06 
1.26038e+18 -7.85455e-16 -9.89974e+02 -4.05006e-16 -5.10463e+02 -3.50745e-16 -4.42074e+02 -2.02503e-16 -2.55231e+02 -4.17624e-18 -5.26367e+00 
1.39871e+18 -4.97567e-20 -6.95954e-02 -2.44138e-20 -3.41479e-02 -2.11430e-20 -2.95730e-02 -1.22069e-20 -1.70740e-02 -1.58117e-21 -2.21161e-03 
1.55223e+18 -5.04871e-25 -7.83674e-07 -2.46167e-25 -3.82106e-07 -2.13187e-25 -3.30914e-07 -1.23083e-25 -1.91053e-07 -1.77276e-26 -2.75172e-08 
1.72259e+18 -1.17019e-30 -2.01576e-12 -5.69157e-31 -9.80422e-13 -4.92905e-31 -8.49071e-13 -2.84579e-31 -4.90211e-13 -4.29831e-32 -7.40420e-14 
1.91164e+18 -4.45931e-37 -8.52461e-19 -2.14947e-37 -4.10902e-19 -1.86149e-37 -3.55851e-19 -1.07473e-37 -2.05451e-19 -1.96266e-38 -3.75190e-20 
2.12145e+18 8.65242e-44 1.83557e-25 4.35040e-44 9.22916e-26 3.76755e-44 7.99268e-26 2.17520e-44 4.61458e-26 7.64128e-46 1.62106e-27 
2.35429e+18 1.95164e-50 4.59473e-32 9.67783e-51 2.27844e-32 8.38124e-51 1.97318e-32 4.83891e-51 1.13922e-32 4.00499e-52 9.42890e-34 
2.61268e+18 4.51058e-58 1.17847e-39 2.23430e-58 5.83751e-40 1.93496e-58 5.05543e-40 1.11715e-58 2.91875e-40 9.66044e-60 2.52396e-41 
2.89942e+18 1.38216e-66 4.00748e-48 6.84581e-67 1.98489e-48 5.92864e-67 1.71896e-48 3.42290e-67 9.92444e-49 2.97174e-68 8.61634e-50 
3.21764e+18 4.74807e-76 1.52776e-57 2.35172e-76 7.56699e-58 2.03665e-76 6.55320e-58 1.17586e-76 3.78349e-58 1.02010e-77 3.28231e-59 
3.57079e+18 1.47705e-86 5.27422e-68 7.31718e-87 2.61281e-68 6.33686e-87 2.26276e-68 3.65859e-87 1.30640e-68 3.13123e-88 1.11809e-69 
3.96269e+18 4.78633e-98 1.89668e-79 2.37743e-98 9.42100e-80 2.05891e-98 8.15883e-80 1.18871e-98 4.71050e-80 8.17348e-100 3.23889e-81 
4.39760e+18 6.51933e-110 2.86694e-91 3.25203e-110 1.43011e-91 2.81634e-110 1.23851e-91 1.62601e-110 7.15057e-92 6.81817e-112 2.99836e-93 
4.88025e+18 1.12747e-122 5.50233e-104 5.62607e-123 2.74566e-104 4.87232e-123 2.37781e-104 2.81303e-123 1.37283e-104 1.11896e-124 5.46081e-106 
5.41587e+18 7.88833e-137 4.27222e-118 3.93631e-137 2.13185e-118 3.40894e-137 1.84624e-118 1.96815e-137 1.06593e-118 7.81945e-139 4.23491e-120 
6.01028e+18 1.49287e-152 8.97254e-134 7.44946e-153 4.47733e-134 6.45142e-153 3.87748e-134 3.72473e-153 2.23866e-134 1.47980e-154 8.89398e-136 
6.66992e+18 5.13568e-170 3.42546e-151 2.56272e-170 1.70932e-151 2.21938e-170 1.48031e-151 1.28136e-170 8.54658e-152 5.09070e-172 3.39546e-153 
7.40196e+18 2.06851e-189 1.53110e-170 1.03219e-189 7.64027e-171 8.93907e-190 6.61666e-171 5.16097e-190 3.82013e-171 2.05039e-191 1.51769e-172 
8.21434e+18 5.98680e-211 4.91776e-192 2.98744e-211 2.45398e-192 2.58720e-211 2.12521e-192 1.49372e-211 1.22699e-192 5.93436e-213 4.87469e-194 
9.11589e+18 5.25287e-228 4.78846e-209 6.87785e-229 6.26977e-210 7.47101e-229 6.81049e-210 8.83186e-229 8.05103e-210 7.96451e-229 7.26036e-210 
1.01164e+19 4.85095e-236 4.90741e-217 6.35254e-237 6.42647e-218 6.89990e-237 6.98020e-218 8.15629e-237 8.25121e-218 7.35503e-237 7.44062e-218 
1.12267e+19 5.71595e-245 6.41712e-226 7.48627e-246 8.40460e-227 8.13080e-246 9.12819e-227 9.61089e-246 1.07898e-226 8.66646e-246 9.72955e-227 
1.24588e+19 6.85399e-255 8.53927e-236 8.97778e-256 1.11853e-236 9.75019e-256 1.21476e-236 1.15246e-255 1.43583e-236 1.03919e-255 1.29470e-236 
1.38262e+19 6.50562e-266 8.99481e-247 8.52223e-267 1.17830e-247 9.25505e-267 1.27962e-247 1.09390e-266 1.51245e-247 9.86359e-267 1.36376e-247 
1.53437e+19 3.69807e-278 5.67420e-259 4.84474e-279 7.43362e-260 5.26115e-279 8.07255e-260 6.21826e-279 9.54111e-260 5.60686e-279 8.60298e-260 
1.70277e+19 9.23654e-292 1.57277e-272 1.21012e-292 2.06055e-273 1.31410e-292 2.23760e-273 1.55313e-292 2.64462e-273 1.40040e-292 2.38456e-273 
1.88965e+19 7.18812e-307 1.35830e-287 9.41781e-308 1.77964e-288 1.02268e-307 1.93252e-288 1.20869e-307 2.28401e-288 1.08982e-307 2.05939e-288 
2.09705e+19 9.88131e-324 2.49038e-304 0.00000e+00 3.04944e-305 0.00000e+00 3.55768e-305 0.00000e+00 4.06592e-305 0.00000e+00 3.55768e-305 
2.32720e+19 0.00000e+00 0.00000e+00 0.00000e+00 0.00000e+00 0.00000e+00 0.00000e+00 0.00000e+00 0.00000e+00 0.00000e+00 0.00000e+00 
2.58262e+19 0.00000e+00 0.00000e+00 0.00000e+00 0.00000e+00 0.00000e+00 0.00000e+00 0.00000e+00 0.00000e+00 0.00000e+00 0.00000e+00 
2.86607e+19 0.00000e+00 0.00000e+00 0.00000e+00 0.00000e+00 0.00000e+00 0.00000e+00 0.00000e+00 0.00000e+00 0.00000e+00 0.00000e+00 
3.18063e+19 0.00000e+00 0.00000e+00 0.00000e+00 0.00000e+00 0.00000e+00 0.00000e+00 0.00000e+00 0.00000e+00 0.00000e+00 0.00000e+00 
3.52971e+19 0.00000e+00 0.00000e+00 0.00000e+00 0.00000e+00 0.00000e+00 0.00000e+00 0.00000e+00 0.00000e+00 0.00000e+00 0.00000e+00 
3.91710e+19 0.00000e+00 0.00000e+00 0.00000e+00 0.00000e+00 0.00000e+00 0.00000e+00 0.00000e+00 0.00000e+00 0.00000e+00 0.00000e+00 
4.34701e+19 0.00000e+00 0.00000e+00 0.00000e+00 0.00000e+00 0.00000e+00 0.00000e+00 0.00000e+00 0.00000e+00 0.00000e+00 0.00000e+00 
4.82411e+19 0.00000e+00 0.00000e+00 0.00000e+00 0.00000e+00 0.00000e+00 0.00000e+00 0.00000e+00 0.00000e+00 0.00000e+00 0.00000e+00 
5.35357e+19 0.00000e+00 0.00000e+00 0.00000e+00 0.00000e+00 0.00000e+00 0.00000e+00 0.00000e+00 0.00000e+00 0.00000e+00 0.00000e+00 
5.94113e+19 0.00000e+00 0.00000e+00 0.00000e+00 0.00000e+00 0.00000e+00 0.00000e+00 0.00000e+00 0.00000e+00 0.00000e+00 0.00000e+00 
6.59319e+19 0.00000e+00 0.00000e+00 0.00000e+00 0.00000e+00 0.00000e+00 0.00000e+00 0.00000e+00 0.00000e+00 0.00000e+00 0.00000e+00 
7.31681e+19 0.00000e+00 0.00000e+00 0.00000e+00 0.00000e+00 0.00000e+00 0.00000e+00 0.00000e+00 0.00000e+00 0.00000e+00 0.00000e+00 
8.11984e+19 0.00000e+00 0.00000e+00 0.00000e+00 0.00000e+00 0.00000e+00 0.00000e+00 0.00000e+00 0.00000e+00 0.00000e+00 0.00000e+00 
9.01102e+19 0.00000e+00 0.00000e+00 0.00000e+00 0.00000e+00 0.00000e+00 0.00000e+00 0.00000e+00 0.00000e+00 0.00000e+00 0.00000e+00 
1.00000e+20 0.00000e+00 0.00000e+00 0.00000e+00 0.00000e+00 0.00000e+00 0.00000e+00 0.00000e+00 0.00000e+00 0.00000e+00 0.00000e+00 
