1.00000e+11 6.40766e+20 6.40766e+31 6.29109e+19 6.29109e+30 1.08331e+20 1.08331e+31 1.62854e+20 1.62854e+31 1.87641e+20 1.87641e+31 
1.10975e+11 7.89129e+20 8.75738e+31 7.74777e+19 8.59810e+30 1.33414e+20 1.48057e+31 2.00562e+20 2.22574e+31 2.31087e+20 2.56450e+31 
1.23155e+11 9.71844e+20 1.19688e+32 9.54173e+19 1.17511e+31 1.64305e+20 2.02350e+31 2.47000e+20 3.04193e+31 2.84593e+20 3.50491e+31 
1.36672e+11 1.19686e+21 1.63577e+32 1.17511e+20 1.60604e+31 2.02348e+20 2.76552e+31 3.04190e+20 4.15741e+31 3.50487e+20 4.79017e+31 
1.51672e+11 1.47398e+21 2.23561e+32 1.44720e+20 2.19499e+31 2.49199e+20 3.77965e+31 3.74621e+20 5.68194e+31 4.31638e+20 6.54673e+31 
1.68318e+11 1.81526e+21 3.05541e+32 1.78228e+20 2.99991e+31 3.06898e+20 5.16565e+31 4.61359e+20 7.76551e+31 5.31578e+20 8.94741e+31 
1.86791e+11 2.23556e+21 4.17583e+32 2.19496e+20 4.09999e+31 3.77957e+20 7.05990e+31 5.68180e+20 1.06131e+32 6.54656e+20 1.22284e+32 
2.07292e+11 2.75316e+21 5.70709e+32 2.70318e+20 5.60349e+31 4.65467e+20 9.64876e+31 6.99732e+20 1.45049e+32 8.06229e+20 1.67125e+32 
2.30043e+11 3.39060e+21 7.79985e+32 3.32908e+20 7.65832e+31 5.73237e+20 1.31869e+32 8.61741e+20 1.98237e+32 9.92895e+20 2.28409e+32 
2.55291e+11 4.17562e+21 1.06600e+33 4.09990e+20 1.04667e+32 7.05960e+20 1.80225e+32 1.06126e+21 2.70929e+32 1.22278e+21 3.12164e+32 
2.83310e+11 5.14239e+21 1.45689e+33 5.04918e+20 1.43048e+32 8.69410e+20 2.46312e+32 1.30697e+21 3.70276e+32 1.50588e+21 4.26631e+32 
3.14404e+11 6.33297e+21 1.99111e+33 6.21826e+20 1.95504e+32 1.07070e+21 3.36632e+32 1.60956e+21 5.06051e+32 1.85453e+21 5.83070e+32 
3.48910e+11 7.79918e+21 2.72121e+33 7.65800e+20 2.67196e+32 1.31859e+21 4.60071e+32 1.98220e+21 6.91611e+32 2.28388e+21 7.96870e+32 
3.87204e+11 9.60482e+21 3.71903e+33 9.43110e+20 3.65176e+32 1.62388e+21 6.28771e+32 2.44112e+21 9.45210e+32 2.81264e+21 1.08906e+33 
4.29700e+11 1.18285e+22 5.08270e+33 1.16147e+21 4.99084e+32 1.99983e+21 8.59329e+32 3.00627e+21 1.29179e+33 3.46380e+21 1.48839e+33 
4.76861e+11 1.45669e+22 6.94637e+33 1.43039e+21 6.82095e+32 2.46282e+21 1.17442e+33 3.70224e+21 1.76546e+33 4.26569e+21 2.03414e+33 
5.29198e+11 1.79392e+22 9.49336e+33 1.76156e+21 9.32214e+32 3.03299e+21 1.60505e+33 4.55933e+21 2.41279e+33 5.25321e+21 2.77999e+33 
5.87279e+11 2.20921e+22 1.29742e+34 2.16941e+21 1.27405e+33 3.73514e+21 2.19357e+33 5.61481e+21 3.29746e+33 6.46931e+21 3.79929e+33 
6.51734e+11 2.72062e+22 1.77312e+34 2.67168e+21 1.74122e+33 4.59983e+21 2.99786e+33 6.91460e+21 4.50648e+33 7.96690e+21 5.19230e+33 
7.23263e+11 3.35041e+22 2.42323e+34 3.29022e+21 2.37970e+33 5.66467e+21 4.09705e+33 8.51524e+21 6.15876e+33 9.81112e+21 7.09602e+33 
8.02643e+11 4.12597e+22 3.31168e+34 4.05196e+21 3.25228e+33 6.97597e+21 5.59922e+33 1.04863e+22 8.41679e+33 1.20822e+22 9.69768e+33 
8.90735e+11 5.08102e+22 4.52585e+34 4.99005e+21 4.44481e+33 8.59079e+21 7.65212e+33 1.29136e+22 1.15026e+34 1.48788e+22 1.32531e+34 
9.88496e+11 6.25710e+22 6.18511e+34 6.14529e+21 6.07459e+33 1.05793e+22 1.04576e+34 1.59027e+22 1.57197e+34 1.83227e+22 1.81119e+34 
1.09699e+12 7.70533e+22 8.45264e+34 7.56795e+21 8.30193e+33 1.30281e+22 1.42916e+34 1.95834e+22 2.14827e+34 2.25635e+22 2.47518e+34 
1.21738e+12 9.48869e+22 1.15514e+35 9.31992e+21 1.13459e+34 1.60435e+22 1.95311e+34 2.41159e+22 2.93582e+34 2.77856e+22 3.38257e+34 
1.35099e+12 1.16847e+23 1.57859e+35 1.14774e+22 1.55059e+34 1.97568e+22 2.66913e+34 2.96970e+22 4.01205e+34 3.42160e+22 4.62255e+34 
1.49927e+12 1.43888e+23 2.15726e+35 1.41343e+22 2.11911e+34 2.43292e+22 3.64760e+34 3.65695e+22 5.48275e+34 4.21340e+22 6.31702e+34 
1.66382e+12 1.77184e+23 2.94802e+35 1.74061e+22 2.89606e+34 2.99595e+22 4.98471e+34 4.50318e+22 7.49247e+34 5.18838e+22 8.63251e+34 
1.84642e+12 2.18182e+23 4.02858e+35 2.14352e+22 3.95784e+34 3.68924e+22 6.81191e+34 5.54516e+22 1.02387e+35 6.38888e+22 1.17966e+35 
2.04907e+12 2.68664e+23 5.50512e+35 2.63966e+22 5.40887e+34 4.54291e+22 9.30875e+34 6.82815e+22 1.39914e+35 7.86704e+22 1.61202e+35 
2.27397e+12 3.30820e+23 7.52273e+35 3.25063e+22 7.39181e+34 5.59403e+22 1.27206e+35 8.40784e+22 1.91191e+35 9.68703e+22 2.20280e+35 
2.52354e+12 4.07349e+23 1.02796e+36 4.00297e+22 1.01016e+35 6.88824e+22 1.73827e+35 1.03528e+23 2.61257e+35 1.19278e+23 3.01004e+35 
2.80050e+12 5.01571e+23 1.40465e+36 4.92938e+22 1.38048e+35 8.48174e+22 2.37531e+35 1.27475e+23 3.56993e+35 1.46867e+23 4.11302e+35 
3.10787e+12 6.17574e+23 1.91934e+36 6.07014e+22 1.88652e+35 1.04437e+23 3.24575e+35 1.56957e+23 4.87800e+35 1.80833e+23 5.62004e+35 
3.44896e+12 7.60388e+23 2.62255e+36 7.47480e+22 2.57803e+35 1.28591e+23 4.43507e+35 1.93252e+23 6.66520e+35 2.22648e+23 7.67905e+35 
3.82749e+12 9.36203e+23 3.58331e+36 9.20439e+22 3.52297e+35 1.58329e+23 6.06003e+35 2.37935e+23 9.10694e+35 2.74125e+23 1.04921e+36 
4.24757e+12 1.15263e+24 4.89590e+36 1.13340e+23 4.81421e+35 1.94938e+23 8.28015e+35 2.92940e+23 1.24428e+36 3.37493e+23 1.43353e+36 
4.71375e+12 1.41905e+24 6.68907e+36 1.39562e+23 6.57859e+35 2.40006e+23 1.13133e+36 3.60648e+23 1.70001e+36 4.15495e+23 1.95854e+36 
5.23110e+12 1.74699e+24 9.13867e+36 1.71847e+23 8.98946e+35 2.95483e+23 1.54570e+36 4.43991e+23 2.32256e+36 5.11505e+23 2.67574e+36 
5.80523e+12 2.15062e+24 1.24848e+37 2.11596e+23 1.22836e+36 3.63770e+23 2.11177e+36 5.46570e+23 3.17296e+36 6.29675e+23 3.65540e+36 
6.44236e+12 2.64739e+24 1.70555e+37 2.60533e+23 1.67845e+36 4.47822e+23 2.88503e+36 6.72818e+23 4.33454e+36 7.75108e+23 4.99353e+36 
7.14943e+12 3.25875e+24 2.32982e+37 3.20781e+23 2.29340e+36 5.51269e+23 3.94126e+36 8.28186e+23 5.92106e+36 9.54080e+23 6.82113e+36 
7.93410e+12 4.01106e+24 3.18241e+37 3.94951e+23 3.13358e+36 6.78580e+23 5.38392e+36 1.01937e+24 8.08781e+36 1.17431e+24 9.31709e+36 
8.80488e+12 4.93674e+24 4.34674e+37 4.86256e+23 4.28143e+36 8.35246e+23 7.35425e+36 1.25462e+24 1.10468e+37 1.44528e+24 1.27255e+37 
9.77124e+12 6.07564e+24 5.93665e+37 5.98648e+23 5.84954e+36 1.02802e+24 1.00450e+37 1.54405e+24 1.50873e+37 1.77865e+24 1.73797e+37 
1.08437e+13 7.47671e+24 8.10749e+37 7.36992e+23 7.99169e+36 1.26520e+24 1.37194e+37 1.90010e+24 2.06040e+37 2.18875e+24 2.37340e+37 
1.20338e+13 9.20011e+24 1.10712e+38 9.07269e+23 1.09179e+37 1.55699e+24 1.87365e+37 2.33805e+24 2.81356e+37 2.69316e+24 3.24089e+37 
1.33545e+13 1.13197e+25 1.51169e+38 1.11684e+24 1.49148e+37 1.91592e+24 2.55862e+37 2.87668e+24 3.84166e+37 3.31349e+24 4.42501e+37 
1.48202e+13 1.39261e+25 2.06388e+38 1.37474e+24 2.03740e+37 2.35737e+24 3.49367e+37 3.53902e+24 5.24490e+37 4.07627e+24 6.04111e+37 
1.64468e+13 1.71308e+25 2.81746e+38 1.69211e+24 2.78298e+37 2.90024e+24 4.76996e+37 4.35335e+24 7.15985e+37 5.01403e+24 8.24645e+37 
1.82518e+13 2.10701e+25 3.84569e+38 2.08262e+24 3.80116e+37 3.56773e+24 6.51176e+37 5.35437e+24 9.77271e+37 6.16671e+24 1.12554e+38 
2.02550e+13 2.59117e+25 5.24842e+38 2.56307e+24 5.19151e+37 4.38829e+24 8.88848e+37 6.58462e+24 1.33372e+38 7.58325e+24 1.53599e+38 
2.24781e+13 3.18608e+25 7.16169e+38 3.15413e+24 7.08986e+37 5.39682e+24 1.21310e+38 8.09624e+24 1.81988e+38 9.32364e+24 2.09577e+38 
2.49451e+13 3.91688e+25 9.77070e+38 3.88115e+24 9.68155e+37 6.63612e+24 1.65538e+38 9.95313e+24 2.48282e+38 1.14614e+25 2.85905e+38 
2.76829e+13 4.81438e+25 1.33276e+39 4.77530e+24 1.32194e+38 8.15861e+24 2.25854e+38 1.22335e+25 3.38658e+38 1.40864e+25 3.89952e+38 
3.07211e+13 5.91625e+25 1.81754e+39 5.87483e+24 1.80481e+38 1.00285e+25 3.08086e+38 1.50330e+25 4.61832e+38 1.73087e+25 5.31743e+38 
3.40929e+13 7.26857e+25 2.47806e+39 7.22670e+24 2.46379e+38 1.23243e+25 4.20172e+38 1.84688e+25 6.29652e+38 2.12628e+25 7.24910e+38 
3.78346e+13 8.92761e+25 3.37773e+39 8.88851e+24 3.36294e+38 1.51422e+25 5.72900e+38 2.26836e+25 8.58225e+38 2.61130e+25 9.87976e+38 
4.19871e+13 1.09621e+26 4.60266e+39 1.09309e+25 4.58957e+38 1.85996e+25 7.80943e+38 2.78520e+25 1.16942e+39 3.20596e+25 1.34609e+39 
4.65953e+13 1.34558e+26 6.26976e+39 1.34405e+25 6.26262e+38 2.28398e+25 1.06423e+39 3.41867e+25 1.59294e+39 3.93470e+25 1.83338e+39 
5.17092e+13 1.65108e+26 8.53758e+39 1.65233e+25 8.54405e+38 2.80377e+25 1.44981e+39 4.19467e+25 2.16903e+39 4.82725e+25 2.49613e+39 
5.73844e+13 2.02511e+26 1.16210e+40 2.03092e+25 1.16543e+39 3.44063e+25 1.97439e+39 5.14471e+25 2.95226e+39 5.91976e+25 3.39702e+39 
6.36825e+13 2.48277e+26 1.58109e+40 2.49572e+25 1.58934e+39 4.22049e+25 2.68772e+39 6.30706e+25 4.01649e+39 7.25613e+25 4.62088e+39 
7.06718e+13 3.04234e+26 2.15007e+40 3.06616e+25 2.16691e+39 5.17486e+25 3.65717e+39 7.72812e+25 5.46161e+39 8.88954e+25 6.28240e+39 
7.84282e+13 3.72595e+26 2.92220e+40 3.76597e+25 2.95358e+39 6.34196e+25 4.97389e+39 9.46408e+25 7.42251e+39 1.08844e+26 8.53640e+39 
8.70359e+13 4.56038e+26 3.96917e+40 4.62413e+25 4.02466e+39 7.76810e+25 6.76104e+39 1.15828e+26 1.00812e+40 1.33182e+26 1.15916e+40 
9.65883e+13 5.57787e+26 5.38757e+40 5.67598e+25 5.48233e+39 9.50927e+25 9.18485e+39 1.41660e+26 1.36827e+40 1.62847e+26 1.57292e+40 
1.07189e+14 6.81721e+26 7.30731e+40 6.96453e+25 7.46522e+39 1.16330e+26 1.24693e+40 1.73121e+26 1.85567e+40 1.98962e+26 2.13266e+40 
1.18953e+14 8.32492e+26 9.90277e+40 8.54213e+25 1.01612e+40 1.42206e+26 1.69159e+40 2.11389e+26 2.51455e+40 2.42872e+26 2.88905e+40 
1.32009e+14 1.01566e+27 1.34076e+41 1.04724e+26 1.38244e+40 1.73696e+26 2.29294e+40 2.57873e+26 3.40415e+40 2.96183e+26 3.90987e+40 
1.46497e+14 1.23784e+27 1.81340e+41 1.28323e+26 1.87990e+40 2.11968e+26 3.10528e+40 3.14248e+26 4.60365e+40 3.60803e+26 5.28566e+40 
1.62576e+14 1.50689e+27 2.44984e+41 1.57153e+26 2.55493e+40 2.58414e+26 4.20119e+40 3.82503e+26 6.21857e+40 4.38992e+26 7.13694e+40 
1.80419e+14 1.83209e+27 3.30543e+41 1.92341e+26 3.47019e+40 3.14689e+26 5.67757e+40 4.64982e+26 8.38915e+40 5.33411e+26 9.62372e+40 
2.00220e+14 2.22431e+27 4.45352e+41 2.35246e+26 4.71009e+40 3.82747e+26 7.66336e+40 5.64437e+26 1.13012e+41 6.47173e+26 1.29577e+41 
2.22195e+14 2.69627e+27 5.99096e+41 2.87501e+26 6.38812e+40 4.64893e+26 1.03297e+41 6.84077e+26 1.51998e+41 7.83905e+26 1.74179e+41 
2.46581e+14 3.26268e+27 8.04516e+41 3.51065e+26 8.65660e+40 5.63820e+26 1.39027e+41 8.27618e+26 2.04075e+41 9.47788e+26 2.33707e+41 
2.73644e+14 3.94049e+27 1.07829e+42 4.28278e+26 1.17196e+41 6.82664e+26 1.86807e+41 9.99328e+26 2.73460e+41 1.14361e+27 3.12942e+41 
3.03677e+14 4.74899e+27 1.44216e+42 5.21924e+26 1.58496e+41 8.25043e+26 2.50547e+41 1.20406e+27 3.65646e+41 1.37680e+27 4.18102e+41 
3.37006e+14 5.70992e+27 1.92428e+42 6.35304e+26 2.14101e+41 9.95105e+26 3.35357e+41 1.44729e+27 4.87746e+41 1.65342e+27 5.57213e+41 
3.73994e+14 6.84747e+27 2.56091e+42 7.72311e+26 2.88839e+41 1.19755e+27 4.47877e+41 1.73508e+27 6.48908e+41 1.98018e+27 7.40574e+41 
4.15040e+14 8.18820e+27 3.39843e+42 9.37512e+26 3.89105e+41 1.43767e+27 5.96691e+41 2.07407e+27 8.60824e+41 2.36434e+27 9.81296e+41 
4.60592e+14 9.76069e+27 4.49570e+42 1.13623e+27 5.23337e+41 1.72131e+27 7.92824e+41 2.47141e+27 1.13831e+42 2.81363e+27 1.29594e+42 
5.11143e+14 1.15951e+28 5.92678e+42 1.37461e+27 7.02624e+41 2.05490e+27 1.05035e+42 2.93460e+27 1.50000e+42 3.33606e+27 1.70521e+42 
5.67243e+14 1.37226e+28 7.78403e+42 1.65973e+27 9.41467e+41 2.44533e+27 1.38710e+42 3.47133e+27 1.96908e+42 3.93967e+27 2.23475e+42 
6.29499e+14 1.61739e+28 1.01814e+43 1.99958e+27 1.25873e+42 2.89990e+27 1.82548e+42 4.08918e+27 2.57414e+42 4.63218e+27 2.91595e+42 
6.98588e+14 1.89784e+28 1.32581e+43 2.40316e+27 1.67882e+42 3.42615e+27 2.39347e+42 4.79535e+27 3.34998e+42 5.42057e+27 3.78675e+42 
7.75260e+14 2.21626e+28 1.71818e+43 2.88040e+27 2.23306e+42 4.03170e+27 3.12561e+42 5.59619e+27 4.33850e+42 6.31058e+27 4.89234e+42 
8.60346e+14 2.57479e+28 2.21521e+43 3.44209e+27 2.96139e+42 4.72396e+27 4.06424e+42 6.49678e+27 5.58948e+42 7.30608e+27 6.28576e+42 
9.54772e+14 2.97488e+28 2.84033e+43 4.09969e+27 3.91427e+42 5.50990e+27 5.26070e+42 7.50042e+27 7.16118e+42 8.40851e+27 8.02820e+42 
1.05956e+15 3.41706e+28 3.62058e+43 4.86505e+27 5.15482e+42 6.39570e+27 6.77663e+42 8.60806e+27 9.12076e+42 9.61611e+27 1.01888e+43 
1.17585e+15 3.90069e+28 4.58662e+43 5.74998e+27 6.76111e+42 7.38636e+27 8.68525e+42 9.81780e+27 1.15443e+43 1.09233e+28 1.28441e+43 
1.30490e+15 4.42368e+28 5.77247e+43 6.76560e+27 8.82845e+42 8.48526e+27 1.10724e+43 1.11243e+28 1.45161e+43 1.23198e+28 1.60762e+43 
1.44812e+15 4.98225e+28 7.21488e+43 7.92162e+27 1.14714e+43 9.69368e+27 1.40376e+43 1.25181e+28 1.81277e+43 1.37902e+28 1.99698e+43 
1.60705e+15 5.57053e+28 8.95214e+43 9.22529e+27 1.48255e+43 1.10102e+28 1.76939e+43 1.39851e+28 2.24747e+43 1.53126e+28 2.46082e+43 
1.78343e+15 6.18027e+28 1.10221e+44 1.06802e+28 1.90474e+43 1.24298e+28 2.21677e+43 1.55056e+28 2.76532e+43 1.68583e+28 3.00655e+43 
1.97917e+15 6.80045e+28 1.34592e+44 1.22849e+28 2.43140e+43 1.39435e+28 2.75964e+43 1.70541e+28 3.37528e+43 1.83903e+28 3.63976e+43 
2.19639e+15 7.41700e+28 1.62906e+44 1.40316e+28 3.08187e+43 1.55367e+28 3.41247e+43 1.85979e+28 4.08481e+43 1.98637e+28 4.36283e+43 
2.43744e+15 8.01278e+28 1.95307e+44 1.59041e+28 3.87653e+43 1.71893e+28 4.18979e+43 2.00977e+28 4.89870e+43 2.12246e+28 5.17337e+43 
2.70496e+15 8.56777e+28 2.31755e+44 1.78770e+28 4.83566e+43 1.88739e+28 5.10531e+43 2.15075e+28 5.81768e+43 2.24122e+28 6.06240e+43 
3.00184e+15 9.05993e+28 2.71964e+44 1.99145e+28 5.97800e+43 2.05564e+28 6.17069e+43 2.27760e+28 6.83697e+43 2.33607e+28 7.01249e+43 
3.33129e+15 9.46656e+28 3.15359e+44 2.19697e+28 7.31875e+43 2.21956e+28 7.39401e+43 2.38493e+28 7.94492e+43 2.40041e+28 7.99647e+43 
3.69691e+15 9.76640e+28 3.61055e+44 2.39858e+28 8.86734e+43 2.37446e+28 8.77818e+43 2.46747e+28 9.12204e+43 2.42820e+28 8.97686e+43 
4.10266e+15 9.94222e+28 4.07895e+44 2.58982e+28 1.06252e+44 2.51530e+28 1.03194e+44 2.52057e+28 1.03410e+44 2.41478e+28 9.90700e+43 
4.55294e+15 9.98376e+28 4.54554e+44 2.76387e+28 1.25837e+44 2.63705e+28 1.20063e+44 2.54082e+28 1.15682e+44 2.35764e+28 1.07342e+44 
5.05263e+15 9.89040e+28 4.99725e+44 2.91414e+28 1.47241e+44 2.73524e+28 1.38202e+44 2.52671e+28 1.27665e+44 2.25729e+28 1.14053e+44 
5.60717e+15 9.67279e+28 5.42370e+44 3.03508e+28 1.70182e+44 2.80652e+28 1.57366e+44 2.47911e+28 1.39008e+44 2.11765e+28 1.18740e+44 
6.22257e+15 9.35287e+28 5.81989e+44 3.12294e+28 1.94327e+44 2.84926e+28 1.77297e+44 2.40157e+28 1.49440e+44 1.94610e+28 1.21098e+44 
6.90551e+15 8.96149e+28 6.18837e+44 3.17639e+28 2.19346e+44 2.86396e+28 1.97771e+44 2.30016e+28 1.58838e+44 1.75285e+28 1.21043e+44 
7.66341e+15 8.53384e+28 6.53984e+44 3.19680e+28 2.44984e+44 2.85320e+28 2.18653e+44 2.18274e+28 1.67272e+44 1.54967e+28 1.18757e+44 
8.50449e+15 8.10352e+28 6.89163e+44 3.18786e+28 2.71111e+44 2.82124e+28 2.39932e+44 2.05785e+28 1.75010e+44 1.34825e+28 1.14662e+44 
9.43788e+15 7.69641e+28 7.26377e+44 3.15458e+28 2.97726e+44 2.77295e+28 2.61708e+44 1.93336e+28 1.82469e+44 1.15861e+28 1.09348e+44 
1.04737e+16 7.32624e+28 7.67329e+44 3.10187e+28 3.24880e+44 2.71259e+28 2.84109e+44 1.81512e+28 1.90111e+44 9.87825e+27 1.03462e+44 
1.16232e+16 6.99268e+28 8.12774e+44 3.03290e+28 3.52520e+44 2.64244e+28 3.07137e+44 1.70601e+28 1.98293e+44 8.39520e+27 9.75793e+43 
1.28989e+16 6.68248e+28 8.61966e+44 2.94793e+28 3.80251e+44 2.56198e+28 3.30467e+44 1.60560e+28 2.07105e+44 7.14064e+27 9.21064e+43 
1.43146e+16 6.37312e+28 9.12286e+44 2.84396e+28 4.07101e+44 2.46770e+28 3.53240e+44 1.51052e+28 2.16225e+44 6.09314e+27 8.72208e+43 
1.58857e+16 6.03802e+28 9.59179e+44 2.71541e+28 4.31360e+44 2.35395e+28 3.73940e+44 1.41545e+28 2.24853e+44 5.21615e+27 8.28620e+43 
1.76291e+16 5.65237e+28 9.96465e+44 2.55592e+28 4.50587e+44 2.21455e+28 3.90407e+44 1.31450e+28 2.31735e+44 4.46793e+27 7.87658e+43 
1.95640e+16 5.19865e+28 1.01706e+45 2.36072e+28 4.61850e+44 2.04488e+28 4.00061e+44 1.20281e+28 2.35318e+44 3.80979e+27 7.45346e+43 
2.17112e+16 4.67098e+28 1.01412e+45 2.12890e+28 4.62210e+44 1.84385e+28 4.00322e+44 1.07785e+28 2.34015e+44 3.21195e+27 6.97352e+43 
2.40940e+16 4.07760e+28 9.82459e+44 1.86505e+28 4.49366e+44 1.61524e+28 3.89176e+44 9.40291e+27 2.26554e+44 2.65677e+27 6.40122e+43 
2.67384e+16 3.44058e+28 9.19957e+44 1.57946e+28 4.22323e+44 1.36787e+28 3.65747e+44 7.94093e+27 2.12328e+44 2.13907e+27 5.71953e+43 
2.96730e+16 2.79242e+28 8.28595e+44 1.28699e+28 3.81888e+44 1.11457e+28 3.30726e+44 6.45861e+27 1.91646e+44 1.66382e+27 4.93707e+43 
3.29297e+16 2.17017e+28 7.14631e+44 1.00453e+28 3.30789e+44 8.69951e+27 2.86472e+44 5.03502e+27 1.65802e+44 1.24167e+27 4.08879e+43 
3.65438e+16 1.60832e+28 5.87741e+44 7.47980e+27 2.73341e+44 6.47770e+27 2.36720e+44 3.74607e+27 1.36896e+44 8.83632e+26 3.22913e+43 
4.05546e+16 1.13237e+28 4.59227e+44 5.29314e+27 2.14661e+44 4.58400e+27 1.85902e+44 2.64949e+27 1.07449e+44 5.96535e+26 2.41922e+43 
4.50056e+16 7.54938e+27 3.39764e+44 3.54793e+27 1.59677e+44 3.07260e+27 1.38284e+44 1.77526e+27 7.98965e+43 3.80422e+26 1.71211e+43 
4.99451e+16 4.75297e+27 2.37387e+44 2.24617e+27 1.12185e+44 1.94524e+27 9.71550e+43 1.12361e+27 5.61189e+43 2.28476e+26 1.14112e+43 
5.54266e+16 2.82030e+27 1.56320e+44 1.34026e+27 7.42860e+43 1.16070e+27 6.43336e+43 6.70326e+26 3.71539e+43 1.29025e+26 7.15145e+42 
6.15099e+16 1.57570e+27 9.69210e+43 7.52829e+26 4.63064e+43 6.51969e+26 4.01025e+43 3.76480e+26 2.31572e+43 6.85307e+25 4.21532e+42 
6.82607e+16 8.29106e+26 5.65953e+43 3.98084e+26 2.71735e+43 3.44751e+26 2.35329e+43 1.99061e+26 1.35880e+43 3.43201e+25 2.34271e+42 
7.57525e+16 4.11545e+26 3.11755e+43 1.98440e+26 1.50324e+43 1.71854e+26 1.30184e+43 9.92249e+25 7.51654e+42 1.62830e+25 1.23348e+42 
8.40665e+16 1.93231e+26 1.62442e+43 9.34878e+25 7.85919e+42 8.09628e+25 6.80626e+42 4.67449e+25 3.92968e+42 7.36511e+24 6.19159e+41 
9.32930e+16 8.60474e+25 8.02762e+42 4.17302e+25 3.89313e+42 3.61394e+25 3.37155e+42 2.08652e+25 1.94658e+42 3.19386e+24 2.97965e+41 
1.03532e+17 3.63558e+25 3.76399e+42 1.76564e+25 1.82800e+42 1.52909e+25 1.58310e+42 8.82821e+24 9.14004e+41 1.32969e+24 1.37666e+41 
1.14895e+17 1.45099e+25 1.66712e+42 7.05132e+24 8.10162e+41 6.10662e+24 7.01621e+41 3.52566e+24 4.05081e+41 5.28267e+23 6.06953e+40 
1.27505e+17 5.41196e+24 6.90052e+41 2.63038e+24 3.35387e+41 2.27798e+24 2.90454e+41 1.31519e+24 1.67694e+41 1.97442e+23 2.51749e+40 
1.41499e+17 1.85581e+24 2.62595e+41 9.01882e+23 1.27616e+41 7.81053e+23 1.10518e+41 4.50941e+23 6.38078e+40 6.80430e+22 9.62802e+39 
1.57029e+17 5.73636e+23 9.00775e+40 2.78727e+23 4.37682e+40 2.41384e+23 3.79043e+40 1.39363e+23 2.18841e+40 2.11434e+22 3.32013e+39 
1.74263e+17 1.56561e+23 2.72828e+40 7.60606e+22 1.32546e+40 6.58704e+22 1.14788e+40 3.80303e+22 6.62729e+39 5.79518e+21 1.00989e+39 
1.93389e+17 3.69685e+22 7.14931e+39 1.79584e+22 3.47296e+39 1.55524e+22 3.00767e+39 8.97919e+21 1.73648e+39 1.37234e+21 2.65396e+38 
2.14614e+17 7.40325e+21 1.58884e+39 3.59615e+21 7.71784e+38 3.11436e+21 6.68385e+38 1.79807e+21 3.85892e+38 2.75263e+20 5.90753e+37 
2.38169e+17 1.23215e+21 2.93459e+38 5.98516e+20 1.42548e+38 5.18330e+20 1.23450e+38 2.99258e+20 7.12738e+37 4.58414e+19 1.09180e+37 
2.64308e+17 1.66810e+20 4.40893e+37 8.10296e+19 2.14168e+37 7.01737e+19 1.85475e+37 4.05148e+19 1.07084e+37 6.20567e+18 1.64021e+36 
2.93317e+17 1.79406e+19 5.26227e+36 8.71511e+18 2.55629e+36 7.54751e+18 2.21381e+36 4.35756e+18 1.27814e+36 6.67094e+17 1.95670e+35 
3.25509e+17 1.49282e+18 4.85926e+35 7.25209e+17 2.36062e+35 6.28049e+17 2.04436e+35 3.62604e+17 1.18031e+35 5.54671e+16 1.80550e+34 
3.61234e+17 9.32814e+16 3.36964e+34 4.53180e+16 1.63704e+34 3.92465e+16 1.41772e+34 2.26590e+16 8.18520e+33 3.46289e+15 1.25091e+33 
4.00881e+17 4.23323e+15 1.69702e+33 2.05669e+15 8.24486e+32 1.78114e+15 7.14026e+32 1.02834e+15 4.12243e+32 1.56994e+14 6.29358e+31 
4.44878e+17 1.34407e+14 5.97949e+31 6.53042e+13 2.90524e+31 5.65551e+13 2.51601e+31 3.26521e+13 1.45262e+31 4.97889e+12 2.21500e+30 
4.93705e+17 2.86455e+12 1.41424e+30 1.39187e+12 6.87174e+29 1.20540e+12 5.95110e+29 6.95936e+11 3.43587e+29 1.05958e+11 5.23122e+28 
5.47890e+17 3.91473e+10 2.14484e+28 1.90229e+10 1.04225e+28 1.64743e+10 9.02611e+27 9.51145e+09 5.21123e+27 1.44513e+09 7.91773e+26 
6.08022e+17 3.26220e+08 1.98349e+26 1.58538e+08 9.63945e+25 1.37298e+08 8.34801e+25 7.92689e+07 4.81973e+25 1.20054e+07 7.29957e+24 
6.74754e+17 1.56883e+06 1.05857e+24 7.62556e+05 5.14538e+23 6.60393e+05 4.45603e+23 3.81278e+05 2.57269e+23 5.74386e+04 3.87570e+22 
7.48810e+17 4.10164e+03 3.07135e+21 1.99428e+03 1.49334e+21 1.72710e+03 1.29327e+21 9.97141e+02 7.46669e+20 1.48783e+02 1.11411e+20 
8.30994e+17 5.47129e+00 4.54661e+18 2.66176e+00 2.21191e+18 2.30515e+00 1.91557e+18 1.33088e+00 1.10595e+18 1.94947e-01 1.62000e+17 
9.22198e+17 3.49228e-03 3.22058e+15 1.70092e-03 1.56858e+15 1.47304e-03 1.35843e+15 8.50459e-04 7.84291e+14 1.19959e-04 1.10626e+14 
1.02341e+18 1.00777e-06 1.03137e+12 4.91962e-07 5.03480e+11 4.26052e-07 4.36026e+11 2.45981e-07 2.51740e+11 3.20103e-08 3.27597e+10 
1.13573e+18 1.27143e-10 1.44400e+08 6.23357e-11 7.07968e+07 5.39843e-11 6.13118e+07 3.11679e-11 3.53984e+07 3.41633e-12 3.88004e+06 
1.26038e+18 7.01556e-15 8.84229e+03 3.46215e-15 4.36363e+03 2.99831e-15 3.77901e+03 1.73107e-15 2.18181e+03 1.36220e-16 1.71690e+02 
1.39871e+18 1.67229e-19 2.33906e-01 8.30693e-20 1.16190e-01 7.19401e-20 1.00624e-01 4.15347e-20 5.80951e-02 1.98728e-21 2.77964e-03 
1.55223e+18 1.53142e-24 2.37711e-06 7.63732e-25 1.18548e-06 6.61411e-25 1.02666e-06 3.81866e-25 5.92742e-07 1.11733e-26 1.73435e-08 
1.72259e+18 4.38889e-30 7.56024e-12 2.19217e-30 3.77619e-12 1.89847e-30 3.27028e-12 1.09608e-30 1.88810e-12 2.40602e-32 4.14458e-14 
1.91164e+18 3.20484e-36 6.12651e-18 1.60147e-36 3.06144e-18 1.38691e-36 2.65129e-18 8.00735e-37 1.53072e-18 1.58327e-38 3.02664e-20 
2.12145e+18 4.95523e-43 1.05123e-24 2.47641e-43 5.25359e-25 2.14464e-43 4.54975e-25 1.23821e-43 2.62680e-25 2.37640e-45 5.04141e-27 
2.35429e+18 1.35155e-50 3.18193e-32 6.75461e-51 1.59023e-32 5.84967e-51 1.37718e-32 3.37731e-51 7.95115e-33 6.41871e-53 1.51115e-34 
2.61268e+18 5.35083e-59 1.39800e-40 2.67420e-59 6.98682e-41 2.31593e-59 6.05076e-41 1.33710e-59 3.49341e-41 2.52756e-61 6.60368e-43 
2.89942e+18 2.47346e-68 7.17161e-50 1.23621e-68 3.58428e-50 1.07059e-68 3.10408e-50 6.18103e-69 1.79214e-50 1.15145e-70 3.33854e-52 
3.21764e+18 6.31993e-79 2.03353e-60 3.17524e-79 1.02168e-60 2.74984e-79 8.84801e-61 1.58762e-79 5.10840e-61 -3.66137e-81 -1.17810e-62 
3.57079e+18 -2.70246e-88 -9.64992e-70 -1.34004e-88 -4.78500e-70 -1.16051e-88 -4.14393e-70 -6.70020e-89 -2.39250e-70 -5.47206e-90 -1.95396e-71 
3.96269e+18 -1.65414e-98 -6.55485e-80 -8.20301e-99 -3.25060e-80 -7.10402e-99 -2.81510e-80 -4.10151e-99 -1.62530e-80 -3.31819e-100 -1.31490e-81 
4.39760e+18 -7.36750e-110 -3.23994e-91 -3.65361e-110 -1.60671e-91 -3.16412e-110 -1.39146e-91 -1.82681e-110 -8.03357e-92 -1.47755e-111 -6.49767e-93 
4.88025e+18 -1.81393e-122 -8.85246e-104 -8.99550e-123 -4.39003e-104 -7.79033e-123 -3.80188e-104 -4.49775e-123 -2.19501e-104 -3.63715e-124 -1.77502e-105 
5.41587e+18 -1.79550e-136 -9.72422e-118 -8.90412e-137 -4.82236e-118 -7.71120e-137 -4.17629e-118 -4.45206e-137 -2.41118e-118 -3.59965e-138 -1.94953e-119 
6.01028e+18 -5.01682e-152 -3.01525e-133 -2.48791e-152 -1.49530e-133 -2.15459e-152 -1.29497e-133 -1.24395e-152 -7.47651e-134 -1.00567e-153 -6.04433e-135 
6.66992e+18 -2.67207e-169 -1.78225e-150 -1.32512e-169 -8.83842e-151 -1.14758e-169 -7.65429e-151 -6.62558e-170 -4.41921e-151 -5.35595e-171 -3.57238e-152 
7.40196e+18 -1.75476e-188 -1.29887e-169 -8.70212e-189 -6.44127e-170 -7.53626e-189 -5.57831e-170 -4.35106e-189 -3.22064e-170 -3.51709e-190 -2.60333e-171 
8.21434e+18 -8.76152e-210 -7.19701e-191 -4.34497e-210 -3.56910e-191 -3.76285e-210 -3.09093e-191 -2.17248e-210 -1.78455e-191 -1.75602e-211 -1.44245e-192 
9.11589e+18 -1.94530e-233 -1.77332e-214 -9.64705e-234 -8.79414e-215 -8.35459e-234 -7.61595e-215 -4.82353e-234 -4.39707e-215 -3.89876e-235 -3.55407e-216 
1.01164e+19 -1.05928e-259 -1.07161e-240 -5.25314e-260 -5.31427e-241 -4.54935e-260 -4.60230e-241 -2.62657e-260 -2.65714e-241 -2.12298e-261 -2.14769e-242 
1.12267e+19 -7.13863e-289 -8.01431e-270 -3.60282e-289 -4.04477e-270 -3.11518e-289 -3.49732e-270 -1.78378e-289 -2.00260e-270 -1.20476e-290 -1.35255e-271 
1.24588e+19 2.05897e-300 2.56524e-281 2.69697e-301 3.36010e-282 2.92900e-301 3.64920e-282 3.46204e-301 4.31330e-282 3.12176e-301 3.88935e-282 
1.38262e+19 1.95432e-311 2.70208e-292 2.56012e-312 3.53967e-293 2.78026e-312 3.84405e-293 3.28612e-312 4.54347e-293 2.96307e-312 4.09680e-293 
1.53437e+19 9.88131e-324 1.72054e-304 0.00000e+00 2.38963e-305 0.00000e+00 2.38963e-305 0.00000e+00 2.86756e-305 0.00000e+00 2.38963e-305 
1.70277e+19 0.00000e+00 0.00000e+00 0.00000e+00 0.00000e+00 0.00000e+00 0.00000e+00 0.00000e+00 0.00000e+00 0.00000e+00 0.00000e+00 
1.88965e+19 0.00000e+00 0.00000e+00 0.00000e+00 0.00000e+00 0.00000e+00 0.00000e+00 0.00000e+00 0.00000e+00 0.00000e+00 0.00000e+00 
2.09705e+19 0.00000e+00 0.00000e+00 0.00000e+00 0.00000e+00 0.00000e+00 0.00000e+00 0.00000e+00 0.00000e+00 0.00000e+00 0.00000e+00 
2.32720e+19 0.00000e+00 0.00000e+00 0.00000e+00 0.00000e+00 0.00000e+00 0.00000e+00 0.00000e+00 0.00000e+00 0.00000e+00 0.00000e+00 
2.58262e+19 0.00000e+00 0.00000e+00 0.00000e+00 0.00000e+00 0.00000e+00 0.00000e+00 0.00000e+00 0.00000e+00 0.00000e+00 0.00000e+00 
2.86607e+19 0.00000e+00 0.00000e+00 0.00000e+00 0.00000e+00 0.00000e+00 0.00000e+00 0.00000e+00 0.00000e+00 0.00000e+00 0.00000e+00 
3.18063e+19 0.00000e+00 0.00000e+00 0.00000e+00 0.00000e+00 0.00000e+00 0.00000e+00 0.00000e+00 0.00000e+00 0.00000e+00 0.00000e+00 
3.52971e+19 0.00000e+00 0.00000e+00 0.00000e+00 0.00000e+00 0.00000e+00 0.00000e+00 0.00000e+00 0.00000e+00 0.00000e+00 0.00000e+00 
3.91710e+19 0.00000e+00 0.00000e+00 0.00000e+00 0.00000e+00 0.00000e+00 0.00000e+00 0.00000e+00 0.00000e+00 0.00000e+00 0.00000e+00 
4.34701e+19 0.00000e+00 0.00000e+00 0.00000e+00 0.00000e+00 0.00000e+00 0.00000e+00 0.00000e+00 0.00000e+00 0.00000e+00 0.00000e+00 
4.82411e+19 0.00000e+00 0.00000e+00 0.00000e+00 0.00000e+00 0.00000e+00 0.00000e+00 0.00000e+00 0.00000e+00 0.00000e+00 0.00000e+00 
5.35357e+19 0.00000e+00 0.00000e+00 0.00000e+00 0.00000e+00 0.00000e+00 0.00000e+00 0.00000e+00 0.00000e+00 0.00000e+00 0.00000e+00 
5.94113e+19 0.00000e+00 0.00000e+00 0.00000e+00 0.00000e+00 0.00000e+00 0.00000e+00 0.00000e+00 0.00000e+00 0.00000e+00 0.00000e+00 
6.59319e+19 0.00000e+00 0.00000e+00 0.00000e+00 0.00000e+00 0.00000e+00 0.00000e+00 0.00000e+00 0.00000e+00 0.00000e+00 0.00000e+00 
7.31681e+19 0.00000e+00 0.00000e+00 0.00000e+00 0.00000e+00 0.00000e+00 0.00000e+00 0.00000e+00 0.00000e+00 0.00000e+00 0.00000e+00 
8.11984e+19 0.00000e+00 0.00000e+00 0.00000e+00 0.00000e+00 0.00000e+00 0.00000e+00 0.00000e+00 0.00000e+00 0.00000e+00 0.00000e+00 
9.01102e+19 0.00000e+00 0.00000e+00 0.00000e+00 0.00000e+00 0.00000e+00 0.00000e+00 0.00000e+00 0.00000e+00 0.00000e+00 0.00000e+00 
1.00000e+20 0.00000e+00 0.00000e+00 0.00000e+00 0.00000e+00 0.00000e+00 0.00000e+00 0.00000e+00 0.00000e+00 0.00000e+00 0.00000e+00 
